Year,seed,sobol,scenario,recycling,trash,wishcycling
0,0,FALSE,Alabama,0.100363636,0.859757576,0.039878788
0,0,FALSE,Alaska,0.061319444,0.917708333,0.020972222
0,0,FALSE,Arizona,0.213612004,0.723097535,0.063290461
0,0,FALSE,Arkansas,0.097496947,0.868253968,0.034249084
0,0,FALSE,California,0.605809859,0.257687793,0.136502347
0,0,FALSE,Colorado,0.124119241,0.833766938,0.042113821
0,0,FALSE,Connecticut,0.514773433,0.358162632,0.127063935
0,0,FALSE,Delaware,0.13640625,0.82046875,0.043125
0,0,FALSE,Florida,0.115643275,0.847319688,0.037037037
0,0,FALSE,Georgia,0.134205426,0.831104651,0.034689922
0,0,FALSE,Hawaii,0.481858129,0.405649718,0.112492153
0,0,FALSE,Idaho,0.167473525,0.791880988,0.040645487
0,0,FALSE,Illinois,0.16113307,0.800988142,0.037878788
0,0,FALSE,Indiana,0.209320988,0.728148148,0.062530864
0,0,FALSE,Iowa,0.345610425,0.568038409,0.086351166
0,0,FALSE,Kansas,0.222359396,0.721467764,0.05617284
0,0,FALSE,Kentucky,0.119163546,0.837952559,0.042883895
0,0,FALSE,Louisiana,0.097178478,0.876246719,0.026574803
0,0,FALSE,Maine,0.780422265,0.045553423,0.174024312
0,0,FALSE,Maryland,0.37564554,0.552758216,0.071596244
0,0,FALSE,Massachusetts,0.408600126,0.499560578,0.091839297
0,0,FALSE,Michigan,0.624467354,0.243436426,0.13209622
0,0,FALSE,Minnesota,0.295833333,0.629042289,0.075124378
0,0,FALSE,Mississippi,0.098069498,0.864607465,0.037323037
0,0,FALSE,Missouri,0.129151292,0.818757688,0.052091021
0,0,FALSE,Montana,0.169520104,0.784500649,0.045979248
0,0,FALSE,Nebraska,0.186737589,0.771985816,0.041276596
0,0,FALSE,Nevada,0.206225895,0.748044077,0.045730028
0,0,FALSE,New Hampshire,0.376386507,0.535734706,0.087878788
0,0,FALSE,New Jersey,0.262669246,0.672920696,0.064410058
0,0,FALSE,New Mexico,0.151314985,0.808379205,0.04030581
0,0,FALSE,New York,0.57983368,0.303049203,0.117117117
0,0,FALSE,North Carolina,0.12801636,0.835480573,0.036503067
0,0,FALSE,North Dakota,0.216014235,0.719098458,0.064887307
0,0,FALSE,Ohio,0.138867188,0.821744792,0.039388021
0,0,FALSE,Oklahoma,0.112169312,0.856018519,0.031812169
0,0,FALSE,Oregon,0.709262251,0.106838988,0.183898761
0,0,FALSE,Pennsylvania,0.19370229,0.754643766,0.051653944
0,0,FALSE,Rhode Island,0.447124183,0.473986928,0.078888889
0,0,FALSE,South Carolina,0.07672956,0.897746331,0.025524109
0,0,FALSE,South Dakota,0.210588972,0.739035088,0.05037594
0,0,FALSE,Tennessee,0.08477237,0.891941392,0.023286238
0,0,FALSE,Texas,0.166827697,0.784433709,0.048738594
0,0,FALSE,Utah,0.211415525,0.723687215,0.06489726
0,0,FALSE,Vermont,0.561298873,0.316500994,0.122200133
0,0,FALSE,Virginia,0.149525405,0.814349525,0.03612507
0,0,FALSE,Washington,0.311960133,0.625526024,0.062513843
0,0,FALSE,West Virginia,0.16716631,0.793290507,0.039543183
0,0,FALSE,Wisconsin,0.26408805,0.674025157,0.061886792
0,0,FALSE,Wyoming,0.154753521,0.794835681,0.050410798
1,0,FALSE,Alabama,0.096186869,0.866277778,0.037535354
1,0,FALSE,Alaska,0.063362269,0.914814815,0.021822917
1,0,FALSE,Arizona,0.207449089,0.734476599,0.058074312
1,0,FALSE,Arkansas,0.096443834,0.872730973,0.030825193
1,0,FALSE,California,0.606548318,0.251242175,0.142209507
1,0,FALSE,Colorado,0.121589883,0.83570009,0.042710027
1,0,FALSE,Connecticut,0.518156425,0.356346989,0.125496586
1,0,FALSE,Delaware,0.144635417,0.815299479,0.040065104
1,0,FALSE,Florida,0.115842268,0.84480588,0.039351852
1,0,FALSE,Georgia,0.130042797,0.832869025,0.037088178
1,0,FALSE,Hawaii,0.492200251,0.394883867,0.112915882
1,0,FALSE,Idaho,0.164372163,0.791124559,0.044503278
1,0,FALSE,Illinois,0.163630874,0.799758454,0.036610672
1,0,FALSE,Indiana,0.20869856,0.733549383,0.057752058
1,0,FALSE,Iowa,0.343861454,0.566655235,0.08948331
1,0,FALSE,Kansas,0.220633288,0.725137174,0.054229538
1,0,FALSE,Kentucky,0.11514253,0.845167499,0.039689971
1,0,FALSE,Louisiana,0.094477253,0.878226159,0.027296588
1,0,FALSE,Maine,0.784868842,0.052058008,0.16307315
1,0,FALSE,Maryland,0.372760172,0.549843505,0.077396322
1,0,FALSE,Massachusetts,0.414160912,0.490845365,0.094993723
1,0,FALSE,Michigan,0.619553265,0.234753723,0.145693013
1,0,FALSE,Minnesota,0.290661277,0.636209577,0.073129146
1,0,FALSE,Mississippi,0.099790862,0.86506864,0.035140498
1,0,FALSE,Missouri,0.125896884,0.82547663,0.048626486
1,0,FALSE,Montana,0.167212495,0.787581064,0.045206442
1,0,FALSE,Nebraska,0.176016548,0.782393617,0.041589835
1,0,FALSE,Nevada,0.195932048,0.755578512,0.04848944
1,0,FALSE,New Hampshire,0.360610825,0.55964837,0.079740804
1,0,FALSE,New Jersey,0.260240705,0.676719321,0.063039974
1,0,FALSE,New Mexico,0.145754332,0.818460754,0.035784913
1,0,FALSE,New York,0.595893971,0.293202818,0.110903211
1,0,FALSE,North Carolina,0.132157464,0.830095433,0.037747103
1,0,FALSE,North Dakota,0.20270858,0.736378015,0.060913405
1,0,FALSE,Ohio,0.147851563,0.816221788,0.035926649
1,0,FALSE,Oklahoma,0.109011243,0.858989198,0.031999559
1,0,FALSE,Oregon,0.713817088,0.111950278,0.174232633
1,0,FALSE,Pennsylvania,0.198786047,0.747863656,0.053350297
1,0,FALSE,Rhode Island,0.425898693,0.493327887,0.08077342
1,0,FALSE,South Carolina,0.076262229,0.898611111,0.02512666
1,0,FALSE,South Dakota,0.211894319,0.735192147,0.052913534
1,0,FALSE,Tennessee,0.086922205,0.89035409,0.022723705
1,0,FALSE,Texas,0.164756665,0.785708535,0.049534801
1,0,FALSE,Utah,0.200975076,0.734156202,0.064868721
1,0,FALSE,Vermont,0.571438038,0.310122598,0.118439364
1,0,FALSE,Virginia,0.147333892,0.816838824,0.035827285
1,0,FALSE,Washington,0.29963086,0.636194168,0.064174972
1,0,FALSE,West Virginia,0.151778492,0.811265763,0.036955746
1,0,FALSE,Wisconsin,0.26740566,0.669868973,0.062725367
1,0,FALSE,Wyoming,0.152978286,0.79137813,0.055643584
2,0,FALSE,Alabama,0.096459596,0.864489899,0.039050505
2,0,FALSE,Alaska,0.061684028,0.916591435,0.021724537
2,0,FALSE,Arizona,0.204452483,0.738428903,0.057118614
2,0,FALSE,Arkansas,0.096688034,0.871525234,0.031786732
2,0,FALSE,California,0.606308685,0.254861111,0.138830203
2,0,FALSE,Colorado,0.116504065,0.840257453,0.043238482
2,0,FALSE,Connecticut,0.524089592,0.353781295,0.122129112
2,0,FALSE,Delaware,0.141358507,0.818415799,0.040225694
2,0,FALSE,Florida,0.113360949,0.84597141,0.040667641
2,0,FALSE,Georgia,0.12441053,0.836777293,0.038812177
2,0,FALSE,Hawaii,0.488779033,0.397902281,0.113318686
2,0,FALSE,Idaho,0.158026559,0.798382081,0.04359136
2,0,FALSE,Illinois,0.153463988,0.809574001,0.036962011
2,0,FALSE,Indiana,0.206954733,0.736790123,0.056255144
2,0,FALSE,Iowa,0.343552812,0.570010288,0.0864369
2,0,FALSE,Kansas,0.218301326,0.727914952,0.053783722
2,0,FALSE,Kentucky,0.117514565,0.844392426,0.038093009
2,0,FALSE,Louisiana,0.089134952,0.883327865,0.027537183
2,0,FALSE,Maine,0.792631691,0.053929409,0.1534389
2,0,FALSE,Maryland,0.368520149,0.557922535,0.073557316
2,0,FALSE,Massachusetts,0.419088721,0.489689266,0.091222013
2,0,FALSE,Michigan,0.627044674,0.232061856,0.140893471
2,0,FALSE,Minnesota,0.280576285,0.649751244,0.069672471
2,0,FALSE,Mississippi,0.096857572,0.86727263,0.035869798
2,0,FALSE,Missouri,0.125379254,0.827752153,0.046868594
2,0,FALSE,Montana,0.161651535,0.79274211,0.045606355
2,0,FALSE,Nebraska,0.170466903,0.787943262,0.041589835
2,0,FALSE,Nevada,0.191955923,0.760642792,0.047401286
2,0,FALSE,New Hampshire,0.353259005,0.575080999,0.071659996
2,0,FALSE,New Jersey,0.252014829,0.689721685,0.058263486
2,0,FALSE,New Mexico,0.145912334,0.817665647,0.036422018
2,0,FALSE,New York,0.602506353,0.29005544,0.107438207
2,0,FALSE,North Carolina,0.127402863,0.836950409,0.035646728
2,0,FALSE,North Dakota,0.195872875,0.745403321,0.058723804
2,0,FALSE,Ohio,0.144639757,0.819270833,0.03608941
2,0,FALSE,Oklahoma,0.109264771,0.859474206,0.031261023
2,0,FALSE,Oregon,0.718008437,0.112304793,0.169686771
2,0,FALSE,Pennsylvania,0.193256997,0.755454835,0.051288168
2,0,FALSE,Rhode Island,0.42246732,0.501982571,0.075550109
2,0,FALSE,South Carolina,0.074126485,0.90172956,0.024143955
2,0,FALSE,South Dakota,0.210192147,0.739854845,0.049953008
2,0,FALSE,Tennessee,0.084297052,0.893707483,0.021995465
2,0,FALSE,Texas,0.158816425,0.795097513,0.046086062
2,0,FALSE,Utah,0.195024734,0.742380137,0.062595129
2,0,FALSE,Vermont,0.575773139,0.308979457,0.115247404
2,0,FALSE,Virginia,0.138828401,0.825679323,0.035492276
2,0,FALSE,Washington,0.291071429,0.644084533,0.064844038
2,0,FALSE,West Virginia,0.152902689,0.808351178,0.038746134
2,0,FALSE,Wisconsin,0.265550314,0.672604822,0.061844864
2,0,FALSE,Wyoming,0.151486698,0.792370892,0.05614241
3,0,FALSE,Alabama,0.095136364,0.868580808,0.036282828
3,0,FALSE,Alaska,0.063234954,0.914201389,0.022563657
3,0,FALSE,Arizona,0.199030904,0.747231154,0.053737942
3,0,FALSE,Arkansas,0.093269231,0.874781237,0.031949532
3,0,FALSE,California,0.606607003,0.252053991,0.141339006
3,0,FALSE,Colorado,0.113459801,0.845081301,0.041458898
3,0,FALSE,Connecticut,0.526282847,0.347108421,0.126608732
3,0,FALSE,Delaware,0.135846354,0.82671441,0.037439236
3,0,FALSE,Florida,0.112922352,0.846767381,0.040310266
3,0,FALSE,Georgia,0.123554587,0.838335756,0.038109658
3,0,FALSE,Hawaii,0.500674827,0.389380624,0.109944549
3,0,FALSE,Idaho,0.151832241,0.805618591,0.042549168
3,0,FALSE,Illinois,0.153711023,0.808915239,0.037373737
3,0,FALSE,Indiana,0.202175926,0.745303498,0.052520576
3,0,FALSE,Iowa,0.351217421,0.562117055,0.086665524
3,0,FALSE,Kansas,0.218026978,0.730429813,0.05154321
3,0,FALSE,Kentucky,0.115527466,0.849849147,0.034623387
3,0,FALSE,Louisiana,0.087171916,0.885411199,0.027416885
3,0,FALSE,Maine,0.794455108,0.056883131,0.148661762
3,0,FALSE,Maryland,0.361081768,0.564187207,0.074731025
3,0,FALSE,Massachusetts,0.416698054,0.491902072,0.091399874
3,0,FALSE,Michigan,0.626867125,0.233739977,0.139392898
3,0,FALSE,Minnesota,0.275787728,0.658794569,0.065417703
3,0,FALSE,Mississippi,0.097356285,0.867202917,0.035440798
3,0,FALSE,Missouri,0.123113981,0.833225707,0.043660312
3,0,FALSE,Montana,0.155317769,0.801205145,0.043477086
3,0,FALSE,Nebraska,0.168806147,0.79249409,0.038699764
3,0,FALSE,Nevada,0.188856749,0.762359963,0.048783287
3,0,FALSE,New Hampshire,0.345769011,0.58587288,0.068358109
3,0,FALSE,New Jersey,0.241913819,0.700483559,0.057602622
3,0,FALSE,New Mexico,0.146258919,0.816743119,0.036997961
3,0,FALSE,New York,0.601871102,0.291042966,0.107085932
3,0,FALSE,North Carolina,0.123807089,0.840904056,0.035288855
3,0,FALSE,North Dakota,0.189546263,0.752061091,0.058392645
3,0,FALSE,Ohio,0.141948785,0.821365017,0.036686198
3,0,FALSE,Oklahoma,0.105274471,0.862632275,0.032093254
3,0,FALSE,Oregon,0.728082929,0.111577814,0.160339257
3,0,FALSE,Pennsylvania,0.188623834,0.762367472,0.049008694
3,0,FALSE,Rhode Island,0.421802832,0.502848584,0.075348584
3,0,FALSE,South Carolina,0.071903389,0.904236548,0.023860063
3,0,FALSE,South Dakota,0.203148496,0.748694653,0.04815685
3,0,FALSE,Tennessee,0.08398308,0.893358626,0.022658294
3,0,FALSE,Texas,0.1570764,0.801221149,0.041702451
3,0,FALSE,Utah,0.189659437,0.750708714,0.059631849
3,0,FALSE,Vermont,0.574370444,0.310989618,0.114639938
3,0,FALSE,Virginia,0.134798995,0.828596687,0.036604318
3,0,FALSE,Washington,0.293032484,0.643420081,0.063547434
3,0,FALSE,West Virginia,0.146121818,0.81573281,0.038145372
3,0,FALSE,Wisconsin,0.262264151,0.678867925,0.058867925
3,0,FALSE,Wyoming,0.144136346,0.80139867,0.054464984
4,0,FALSE,Alabama,0.095621212,0.87069697,0.033681818
4,0,FALSE,Alaska,0.064178241,0.913234954,0.022586806
4,0,FALSE,Arizona,0.197704537,0.749285459,0.053010004
4,0,FALSE,Arkansas,0.090104803,0.879558405,0.030336793
4,0,FALSE,California,0.6145491,0.251692097,0.133758803
4,0,FALSE,Colorado,0.113148148,0.846626016,0.040225836
4,0,FALSE,Connecticut,0.535805918,0.340611421,0.123582661
4,0,FALSE,Delaware,0.136063368,0.827777778,0.036158854
4,0,FALSE,Florida,0.10737898,0.854024529,0.038596491
4,0,FALSE,Georgia,0.118330103,0.84438792,0.037281977
4,0,FALSE,Hawaii,0.502469136,0.38567692,0.111853944
4,0,FALSE,Idaho,0.15066818,0.808530846,0.040800975
4,0,FALSE,Illinois,0.153101669,0.809881423,0.037016908
4,0,FALSE,Indiana,0.19649177,0.753287037,0.050221193
4,0,FALSE,Iowa,0.346936443,0.571844993,0.081218564
4,0,FALSE,Kansas,0.211511203,0.738837449,0.049651349
4,0,FALSE,Kentucky,0.115428631,0.849968789,0.03460258
4,0,FALSE,Louisiana,0.085925197,0.887155512,0.026919291
4,0,FALSE,Maine,0.7993762,0.059954148,0.140669652
4,0,FALSE,Maryland,0.359864045,0.571126761,0.069009194
4,0,FALSE,Massachusetts,0.413575016,0.496165516,0.090259469
4,0,FALSE,Michigan,0.632560137,0.233218786,0.134221077
4,0,FALSE,Minnesota,0.27502073,0.662738391,0.062240879
4,0,FALSE,Mississippi,0.101190476,0.864339339,0.034470184
4,0,FALSE,Missouri,0.122924354,0.835526855,0.04154879
4,0,FALSE,Montana,0.149875703,0.810295071,0.039829226
4,0,FALSE,Nebraska,0.166471631,0.794716312,0.038812057
4,0,FALSE,Nevada,0.187226814,0.765867769,0.046905418
4,0,FALSE,New Hampshire,0.339170002,0.59527349,0.065556508
4,0,FALSE,New Jersey,0.23683645,0.705281539,0.057882012
4,0,FALSE,New Mexico,0.142711519,0.820682977,0.036605505
4,0,FALSE,New York,0.605861631,0.289853315,0.104285054
4,0,FALSE,North Carolina,0.122639741,0.844461486,0.032898773
4,0,FALSE,North Dakota,0.19048537,0.75268881,0.05682582
4,0,FALSE,Ohio,0.139545356,0.82360026,0.036854384
4,0,FALSE,Oklahoma,0.100914903,0.867096561,0.031988536
4,0,FALSE,Oregon,0.736263687,0.110886735,0.152849578
4,0,FALSE,Pennsylvania,0.184600297,0.766613656,0.048786047
4,0,FALSE,Rhode Island,0.415152505,0.508071895,0.076775599
4,0,FALSE,South Carolina,0.071374913,0.90610587,0.022519217
4,0,FALSE,South Dakota,0.19642335,0.756719925,0.046856725
4,0,FALSE,Tennessee,0.081244549,0.897257108,0.021498343
4,0,FALSE,Texas,0.155604759,0.805600286,0.038794954
4,0,FALSE,Utah,0.188655822,0.753262938,0.05808124
4,0,FALSE,Vermont,0.581533024,0.306179589,0.112287387
4,0,FALSE,Virginia,0.133114647,0.830034431,0.036850921
4,0,FALSE,Washington,0.289059616,0.651338132,0.059602252
4,0,FALSE,West Virginia,0.141024268,0.821556031,0.0374197
4,0,FALSE,Wisconsin,0.264287212,0.677033543,0.058679245
4,0,FALSE,Wyoming,0.138854656,0.809526604,0.05161874
5,0,FALSE,Alabama,0.091646465,0.875732323,0.032621212
5,0,FALSE,Alaska,0.063929398,0.913368056,0.022702546
5,0,FALSE,Arizona,0.196137013,0.75217935,0.051683637
5,0,FALSE,Arkansas,0.089728327,0.882107245,0.028164428
5,0,FALSE,California,0.618710876,0.246493545,0.134795579
5,0,FALSE,Colorado,0.109250226,0.853690154,0.037059621
5,0,FALSE,Connecticut,0.540487275,0.336695634,0.122817091
5,0,FALSE,Delaware,0.133350694,0.831032986,0.035616319
5,0,FALSE,Florida,0.106773879,0.855644899,0.037581222
5,0,FALSE,Georgia,0.114647933,0.849604328,0.035747739
5,0,FALSE,Hawaii,0.511498221,0.380001046,0.108500732
5,0,FALSE,Idaho,0.147243234,0.81318709,0.039569676
5,0,FALSE,Illinois,0.147397892,0.816600791,0.036001318
5,0,FALSE,Indiana,0.192124486,0.758919753,0.048955761
5,0,FALSE,Iowa,0.345679012,0.570530407,0.083790581
5,0,FALSE,Kansas,0.205612711,0.746679241,0.047708048
5,0,FALSE,Kentucky,0.112832917,0.854213483,0.0329536
5,0,FALSE,Louisiana,0.088987314,0.883273185,0.027739501
5,0,FALSE,Maine,0.801066325,0.059660909,0.139272766
5,0,FALSE,Maryland,0.355961463,0.577503912,0.066534624
5,0,FALSE,Massachusetts,0.412397991,0.500251099,0.08735091
5,0,FALSE,Michigan,0.639054983,0.228831615,0.132113402
5,0,FALSE,Minnesota,0.26894175,0.669812396,0.061245854
5,0,FALSE,Mississippi,0.093988631,0.874351137,0.031660232
5,0,FALSE,Missouri,0.12099221,0.838781263,0.040226527
5,0,FALSE,Montana,0.143650022,0.820784695,0.035565283
5,0,FALSE,Nebraska,0.160567376,0.799450355,0.03998227
5,0,FALSE,Nevada,0.182603306,0.769990817,0.047405877
5,0,FALSE,New Hampshire,0.33497713,0.601095864,0.063927006
5,0,FALSE,New Jersey,0.231393724,0.714001719,0.054604556
5,0,FALSE,New Mexico,0.135005097,0.82941896,0.035575943
5,0,FALSE,New York,0.61487064,0.285389235,0.099740125
5,0,FALSE,North Carolina,0.120731084,0.846404226,0.03286469
5,0,FALSE,North Dakota,0.187934955,0.755486358,0.056578687
5,0,FALSE,Ohio,0.131108941,0.832351345,0.036539714
5,0,FALSE,Oklahoma,0.097078924,0.872944224,0.029976852
5,0,FALSE,Oregon,0.739476755,0.111025848,0.149497397
5,0,FALSE,Pennsylvania,0.183147795,0.769094572,0.047757634
5,0,FALSE,Rhode Island,0.410141612,0.513965142,0.075893246
5,0,FALSE,South Carolina,0.070750349,0.907599581,0.02165007
5,0,FALSE,South Dakota,0.19552005,0.759032999,0.045446951
5,0,FALSE,Tennessee,0.078867957,0.900396825,0.020735217
5,0,FALSE,Texas,0.150577026,0.809889962,0.039533011
5,0,FALSE,Utah,0.187937595,0.756454528,0.055607877
5,0,FALSE,Vermont,0.58900486,0.302518224,0.108476916
5,0,FALSE,Virginia,0.131728085,0.831997953,0.036273962
5,0,FALSE,Washington,0.282904208,0.659126984,0.057968808
5,0,FALSE,West Virginia,0.137074709,0.826796336,0.036128956
5,0,FALSE,Wisconsin,0.258689727,0.684004193,0.05730608
5,0,FALSE,Wyoming,0.133387128,0.816676448,0.049936424
6,0,FALSE,Alabama,0.085409091,0.881550505,0.033040404
6,0,FALSE,Alaska,0.06119213,0.916585648,0.022222222
6,0,FALSE,Arizona,0.191488031,0.757690247,0.050821722
6,0,FALSE,Arkansas,0.090013228,0.881593407,0.028393366
6,0,FALSE,California,0.617693662,0.250024452,0.132281886
6,0,FALSE,Colorado,0.106481481,0.858685637,0.034832882
6,0,FALSE,Connecticut,0.542556383,0.333923029,0.123520588
6,0,FALSE,Delaware,0.133420139,0.831575521,0.03500434
6,0,FALSE,Florida,0.107854126,0.855681449,0.036464425
6,0,FALSE,Georgia,0.114680233,0.847977229,0.037342539
6,0,FALSE,Hawaii,0.509342959,0.380670642,0.109986399
6,0,FALSE,Idaho,0.145495041,0.816746512,0.037758447
6,0,FALSE,Illinois,0.142308959,0.823534256,0.034156785
6,0,FALSE,Indiana,0.185869342,0.765036008,0.04909465
6,0,FALSE,Iowa,0.339037494,0.578543667,0.082418839
6,0,FALSE,Kansas,0.20366941,0.751165981,0.045164609
6,0,FALSE,Kentucky,0.10684561,0.860174782,0.032979609
6,0,FALSE,Louisiana,0.085783027,0.885865048,0.028351925
6,0,FALSE,Maine,0.807885477,0.060370015,0.131744508
6,0,FALSE,Maryland,0.354362285,0.582042254,0.063595462
6,0,FALSE,Massachusetts,0.413198368,0.499424566,0.087377066
6,0,FALSE,Michigan,0.640761741,0.228591065,0.130647194
6,0,FALSE,Minnesota,0.267278192,0.673538557,0.05918325
6,0,FALSE,Mississippi,0.094240669,0.874394037,0.031365294
6,0,FALSE,Missouri,0.118762813,0.843434809,0.037802378
6,0,FALSE,Montana,0.141477518,0.824113705,0.034408776
6,0,FALSE,Nebraska,0.154503546,0.805395981,0.040100473
6,0,FALSE,Nevada,0.180146924,0.774035813,0.045817264
6,0,FALSE,New Hampshire,0.321393177,0.614513055,0.064093768
6,0,FALSE,New Jersey,0.230286912,0.716021921,0.053691167
6,0,FALSE,New Mexico,0.128440367,0.836167176,0.035392457
6,0,FALSE,New York,0.614980365,0.290534766,0.094484869
6,0,FALSE,North Carolina,0.116943592,0.851546524,0.031509884
6,0,FALSE,North Dakota,0.182409055,0.760374654,0.057216291
6,0,FALSE,Ohio,0.126681858,0.838026259,0.035291884
6,0,FALSE,Oklahoma,0.091947751,0.878747795,0.029304453
6,0,FALSE,Oregon,0.743838629,0.114315204,0.141846168
6,0,FALSE,Pennsylvania,0.18148855,0.774056404,0.044455047
6,0,FALSE,Rhode Island,0.405599129,0.518398693,0.076002179
6,0,FALSE,South Carolina,0.072955975,0.905070755,0.02197327
6,0,FALSE,South Dakota,0.188570384,0.767272348,0.044157268
6,0,FALSE,Tennessee,0.079112158,0.899882261,0.021005582
6,0,FALSE,Texas,0.144864913,0.816751655,0.038383432
6,0,FALSE,Utah,0.185564117,0.759227549,0.055208333
6,0,FALSE,Vermont,0.595907886,0.301789264,0.10230285
6,0,FALSE,Virginia,0.126502885,0.838935418,0.034561697
6,0,FALSE,Washington,0.280011074,0.663884275,0.056104651
6,0,FALSE,West Virginia,0.131328813,0.833142993,0.035528194
6,0,FALSE,Wisconsin,0.257127883,0.687861635,0.055010482
6,0,FALSE,Wyoming,0.129166667,0.820192684,0.050640649
7,0,FALSE,Alabama,0.086641414,0.880212121,0.033146465
7,0,FALSE,Alaska,0.062395833,0.915787037,0.02181713
7,0,FALSE,Arizona,0.184958914,0.764277421,0.050763666
7,0,FALSE,Arkansas,0.089652015,0.881954619,0.028393366
7,0,FALSE,California,0.625953638,0.252337637,0.121708725
7,0,FALSE,Colorado,0.104525745,0.861205962,0.034268293
7,0,FALSE,Connecticut,0.543953031,0.332981585,0.123065384
7,0,FALSE,Delaware,0.129335938,0.836271701,0.034392361
7,0,FALSE,Florida,0.104731157,0.860501949,0.034766894
7,0,FALSE,Georgia,0.112084141,0.852491118,0.035424742
7,0,FALSE,Hawaii,0.511048336,0.377155263,0.111796401
7,0,FALSE,Idaho,0.141536393,0.819335182,0.039128425
7,0,FALSE,Illinois,0.139942907,0.826207729,0.033849363
7,0,FALSE,Indiana,0.180493827,0.769074074,0.050432099
7,0,FALSE,Iowa,0.344673068,0.572570873,0.082756059
7,0,FALSE,Kansas,0.198176726,0.757361683,0.044461591
7,0,FALSE,Kentucky,0.10443196,0.863275073,0.032292967
7,0,FALSE,Louisiana,0.081977253,0.891267498,0.026755249
7,0,FALSE,Maine,0.809127746,0.063169119,0.127703135
7,0,FALSE,Maryland,0.353755869,0.582497066,0.063747066
7,0,FALSE,Massachusetts,0.416598661,0.493199414,0.090201925
7,0,FALSE,Michigan,0.641798396,0.229306987,0.128894616
7,0,FALSE,Minnesota,0.260670605,0.678109453,0.061219942
7,0,FALSE,Mississippi,0.09265873,0.876968039,0.03037323
7,0,FALSE,Missouri,0.118588561,0.842840303,0.038571136
7,0,FALSE,Montana,0.141423476,0.823919153,0.034657371
7,0,FALSE,Nebraska,0.147706856,0.814509456,0.037783688
7,0,FALSE,Nevada,0.173820018,0.781368228,0.044811754
7,0,FALSE,New Hampshire,0.315461216,0.622003049,0.062535735
7,0,FALSE,New Jersey,0.222453256,0.72397378,0.053572964
7,0,FALSE,New Mexico,0.12920999,0.83450051,0.036289501
7,0,FALSE,New York,0.61497459,0.296332871,0.088692539
7,0,FALSE,North Carolina,0.117599693,0.849804022,0.032596285
7,0,FALSE,North Dakota,0.181662713,0.762791617,0.05554567
7,0,FALSE,Ohio,0.12679579,0.838416884,0.034787326
7,0,FALSE,Oklahoma,0.093689374,0.876736111,0.029574515
7,0,FALSE,Oregon,0.749959612,0.11004308,0.139997307
7,0,FALSE,Pennsylvania,0.182092875,0.774263147,0.043643978
7,0,FALSE,Rhode Island,0.401721133,0.523404139,0.074874728
7,0,FALSE,South Carolina,0.067889588,0.911045597,0.021064815
7,0,FALSE,South Dakota,0.187865497,0.768551587,0.043582916
7,0,FALSE,Tennessee,0.078287982,0.899568289,0.022143729
7,0,FALSE,Texas,0.144547325,0.81671587,0.038736804
7,0,FALSE,Utah,0.176888318,0.767289764,0.055821918
7,0,FALSE,Vermont,0.59493594,0.305980782,0.099083278
7,0,FALSE,Virginia,0.12475805,0.840512749,0.034729202
7,0,FALSE,Washington,0.271885382,0.673408084,0.054706534
7,0,FALSE,West Virginia,0.129383773,0.835896978,0.034719248
7,0,FALSE,Wisconsin,0.251871069,0.693092243,0.055036688
7,0,FALSE,Wyoming,0.125924296,0.82413439,0.049941315
8,0,FALSE,Alabama,0.083929293,0.883919192,0.032151515
8,0,FALSE,Alaska,0.060179398,0.91890625,0.020914352
8,0,FALSE,Arizona,0.1831413,0.768086817,0.048771883
8,0,FALSE,Arkansas,0.087347375,0.883872609,0.028780016
8,0,FALSE,California,0.633313772,0.249877739,0.11680849
8,0,FALSE,Colorado,0.103437218,0.864494128,0.032068654
8,0,FALSE,Connecticut,0.554262363,0.32925719,0.116480447
8,0,FALSE,Delaware,0.126375868,0.841189236,0.032434896
8,0,FALSE,Florida,0.104186972,0.859665367,0.036147661
8,0,FALSE,Georgia,0.109673773,0.85310885,0.037217377
8,0,FALSE,Hawaii,0.518173258,0.372353003,0.109473739
8,0,FALSE,Idaho,0.136766683,0.824537737,0.038695579
8,0,FALSE,Illinois,0.137033377,0.829808959,0.033157664
8,0,FALSE,Indiana,0.175529835,0.773595679,0.050874486
8,0,FALSE,Iowa,0.344444444,0.574965706,0.080589849
8,0,FALSE,Kansas,0.194067215,0.763163009,0.042769776
8,0,FALSE,Kentucky,0.103048273,0.86607886,0.030872867
8,0,FALSE,Louisiana,0.083639545,0.887970254,0.028390201
8,0,FALSE,Maine,0.812401365,0.065045852,0.122552783
8,0,FALSE,Maryland,0.352083333,0.586605047,0.06131162
8,0,FALSE,Massachusetts,0.409243566,0.501407198,0.089349236
8,0,FALSE,Michigan,0.65161512,0.22489118,0.1234937
8,0,FALSE,Minnesota,0.256877073,0.682980929,0.060141998
8,0,FALSE,Mississippi,0.087172887,0.883134921,0.029692192
8,0,FALSE,Missouri,0.112310373,0.852024395,0.035665232
8,0,FALSE,Montana,0.134495244,0.829907047,0.035597709
8,0,FALSE,Nebraska,0.145756501,0.817588652,0.036654846
8,0,FALSE,Nevada,0.16795225,0.787194674,0.044853076
8,0,FALSE,New Hampshire,0.309028969,0.629616924,0.061354107
8,0,FALSE,New Jersey,0.216328175,0.729604556,0.054067268
8,0,FALSE,New Mexico,0.12098369,0.843695209,0.035321101
8,0,FALSE,New York,0.624532225,0.289114114,0.086353661
8,0,FALSE,North Carolina,0.109458078,0.858571915,0.031970007
8,0,FALSE,North Dakota,0.180595097,0.765416172,0.053988731
8,0,FALSE,Ohio,0.124061415,0.839903429,0.036035156
8,0,FALSE,Oklahoma,0.090817901,0.879662698,0.0295194
8,0,FALSE,Oregon,0.75862951,0.110725184,0.130645306
8,0,FALSE,Pennsylvania,0.178567642,0.778853902,0.042578456
8,0,FALSE,Rhode Island,0.398240741,0.526879085,0.074880174
8,0,FALSE,South Carolina,0.069068833,0.908936059,0.021995108
8,0,FALSE,South Dakota,0.186847327,0.77307853,0.040074144
8,0,FALSE,Tennessee,0.073081284,0.905559916,0.0213588
8,0,FALSE,Texas,0.139000716,0.823845947,0.037153337
8,0,FALSE,Utah,0.174952435,0.771523021,0.053524543
8,0,FALSE,Vermont,0.597393417,0.306439143,0.09616744
8,0,FALSE,Virginia,0.117648427,0.84770147,0.034650102
8,0,FALSE,Washington,0.265817645,0.676937984,0.057244371
8,0,FALSE,West Virginia,0.128277421,0.836027837,0.035694742
8,0,FALSE,Wisconsin,0.249009434,0.695812369,0.055178197
8,0,FALSE,Wyoming,0.121234351,0.828413537,0.050352113
9,0,FALSE,Alabama,0.085060606,0.882984848,0.031954545
9,0,FALSE,Alaska,0.06244213,0.914959491,0.02259838
9,0,FALSE,Arizona,0.178362808,0.774580207,0.047056985
9,0,FALSE,Arkansas,0.085897436,0.887647538,0.026455026
9,0,FALSE,California,0.633548513,0.252034429,0.114417058
9,0,FALSE,Colorado,0.0983785,0.86995935,0.03166215
9,0,FALSE,Connecticut,0.553114008,0.331372853,0.115513139
9,0,FALSE,Delaware,0.127361111,0.840421007,0.032217882
9,0,FALSE,Florida,0.101815302,0.86366553,0.034519168
9,0,FALSE,Georgia,0.106706234,0.858329296,0.03496447
9,0,FALSE,Hawaii,0.5228552,0.367226407,0.109918393
9,0,FALSE,Idaho,0.132892083,0.829420911,0.037687006
9,0,FALSE,Illinois,0.136577734,0.830599473,0.032822793
9,0,FALSE,Indiana,0.169264403,0.78005144,0.050684156
9,0,FALSE,Iowa,0.346056241,0.576023091,0.077920668
9,0,FALSE,Kansas,0.190912209,0.767283951,0.041803841
9,0,FALSE,Kentucky,0.101862256,0.869688931,0.028448814
9,0,FALSE,Louisiana,0.088090551,0.88105315,0.030856299
9,0,FALSE,Maine,0.813718277,0.067743655,0.118538068
9,0,FALSE,Maryland,0.346826095,0.593823357,0.059350548
9,0,FALSE,Massachusetts,0.407841599,0.501569366,0.090589035
9,0,FALSE,Michigan,0.652961054,0.226271478,0.120767468
9,0,FALSE,Minnesota,0.249911899,0.690438433,0.059649668
9,0,FALSE,Mississippi,0.085864436,0.885971686,0.028163878
9,0,FALSE,Missouri,0.107231447,0.859301968,0.033466585
9,0,FALSE,Montana,0.130231301,0.836878513,0.032890186
9,0,FALSE,Nebraska,0.142972813,0.819692671,0.037334515
9,0,FALSE,Nevada,0.170321396,0.784632691,0.045045914
9,0,FALSE,New Hampshire,0.304116638,0.633914618,0.061968744
9,0,FALSE,New Jersey,0.213174296,0.733064689,0.053761014
9,0,FALSE,New Mexico,0.119576962,0.846651376,0.033771662
9,0,FALSE,New York,0.623677524,0.291302841,0.085019635
9,0,FALSE,North Carolina,0.109134288,0.861157975,0.029707737
9,0,FALSE,North Dakota,0.179641163,0.765584223,0.054774614
9,0,FALSE,Ohio,0.120979818,0.843321398,0.035698785
9,0,FALSE,Oklahoma,0.092069004,0.878058862,0.029872134
9,0,FALSE,Oregon,0.76321576,0.107956381,0.128827859
9,0,FALSE,Pennsylvania,0.175508906,0.78326972,0.041221374
9,0,FALSE,Rhode Island,0.392363834,0.534063181,0.073572985
9,0,FALSE,South Carolina,0.066701607,0.911373166,0.021925227
9,0,FALSE,South Dakota,0.185254804,0.773705096,0.0410401
9,0,FALSE,Tennessee,0.073456306,0.903728414,0.02281528
9,0,FALSE,Texas,0.14006978,0.825599392,0.034330828
9,0,FALSE,Utah,0.172041476,0.774391172,0.053567352
9,0,FALSE,Vermont,0.602010161,0.301590457,0.096399381
9,0,FALSE,Virginia,0.11691327,0.846594082,0.036492648
9,0,FALSE,Washington,0.262075489,0.682055186,0.055869324
9,0,FALSE,West Virginia,0.123887699,0.840179634,0.035932667
9,0,FALSE,Wisconsin,0.245702306,0.698050314,0.056247379
9,0,FALSE,Wyoming,0.12068662,0.829582355,0.049731025
10,0,FALSE,Alabama,0.086540404,0.882106061,0.031353535
10,0,FALSE,Alaska,0.060185185,0.919021991,0.020792824
10,0,FALSE,Arizona,0.175866381,0.777317792,0.046815827
10,0,FALSE,Arkansas,0.085622711,0.8877035,0.026673789
10,0,FALSE,California,0.637964593,0.249334898,0.112700509
10,0,FALSE,Colorado,0.100560072,0.866946703,0.032493225
10,0,FALSE,Connecticut,0.556000414,0.328869232,0.115130354
10,0,FALSE,Delaware,0.124166667,0.843680556,0.032152778
10,0,FALSE,Florida,0.105275341,0.860684698,0.034039961
10,0,FALSE,Georgia,0.108797642,0.857990149,0.033212209
10,0,FALSE,Hawaii,0.531031597,0.358160703,0.1108077
10,0,FALSE,Idaho,0.129206589,0.833140024,0.037653387
10,0,FALSE,Illinois,0.133196091,0.832828283,0.033975626
10,0,FALSE,Indiana,0.167890947,0.780401235,0.051707819
10,0,FALSE,Iowa,0.348273891,0.575177183,0.076548925
10,0,FALSE,Kansas,0.187620027,0.770981939,0.041398034
10,0,FALSE,Kentucky,0.102626925,0.870011444,0.027361631
10,0,FALSE,Louisiana,0.082370954,0.889709099,0.027919948
10,0,FALSE,Maine,0.817716997,0.066682662,0.115600341
10,0,FALSE,Maryland,0.347579225,0.596087637,0.056333138
10,0,FALSE,Massachusetts,0.406010672,0.504640092,0.089349236
10,0,FALSE,Michigan,0.659564719,0.223556701,0.11687858
10,0,FALSE,Minnesota,0.249450663,0.69197243,0.058576907
10,0,FALSE,Mississippi,0.086969112,0.883944659,0.029086229
10,0,FALSE,Missouri,0.104433169,0.861777368,0.033789463
10,0,FALSE,Montana,0.129966494,0.835413965,0.034619542
10,0,FALSE,Nebraska,0.141146572,0.82179669,0.037056738
10,0,FALSE,Nevada,0.167823691,0.786212121,0.045964187
10,0,FALSE,New Hampshire,0.298708786,0.637083095,0.064208119
10,0,FALSE,New Jersey,0.206597894,0.740108532,0.053293574
10,0,FALSE,New Mexico,0.116997961,0.8490316,0.033970438
10,0,FALSE,New York,0.626085701,0.288322938,0.085591361
10,0,FALSE,North Carolina,0.10635651,0.864404397,0.029239093
10,0,FALSE,North Dakota,0.17618624,0.769345591,0.054468169
10,0,FALSE,Ohio,0.118511285,0.844992405,0.036496311
10,0,FALSE,Oklahoma,0.090145503,0.882170414,0.027684083
10,0,FALSE,Oregon,0.766653204,0.107830731,0.125516065
10,0,FALSE,Pennsylvania,0.174337362,0.780693384,0.044969254
10,0,FALSE,Rhode Island,0.393910675,0.53083878,0.075250545
10,0,FALSE,South Carolina,0.064871593,0.913945667,0.021182739
10,0,FALSE,South Dakota,0.176383668,0.781631161,0.041985171
10,0,FALSE,Tennessee,0.069300541,0.908900227,0.021799233
10,0,FALSE,Texas,0.134134013,0.829889068,0.035976919
10,0,FALSE,Utah,0.16844083,0.777920472,0.053638699
10,0,FALSE,Vermont,0.603324497,0.304622266,0.092053236
10,0,FALSE,Virginia,0.112525591,0.850553694,0.036920715
10,0,FALSE,Washington,0.258983942,0.685885013,0.055131045
10,0,FALSE,West Virginia,0.118266714,0.845961218,0.035772068
10,0,FALSE,Wisconsin,0.23807652,0.703422432,0.058501048
10,0,FALSE,Wyoming,0.117718114,0.834106025,0.048175861
11,0,FALSE,Alabama,0.081671717,0.887146465,0.031181818
11,0,FALSE,Alaska,0.061047454,0.917876157,0.021076389
11,0,FALSE,Arizona,0.172575027,0.780613612,0.046811361
11,0,FALSE,Arkansas,0.07995523,0.893666056,0.026378714
11,0,FALSE,California,0.63772007,0.247437402,0.114842527
11,0,FALSE,Colorado,0.102330623,0.866747967,0.030921409
11,0,FALSE,Connecticut,0.558535071,0.327420857,0.114044072
11,0,FALSE,Delaware,0.118489583,0.849466146,0.032044271
11,0,FALSE,Florida,0.101591943,0.863499025,0.034909032
11,0,FALSE,Georgia,0.105918928,0.861446221,0.032634851
11,0,FALSE,Hawaii,0.542618749,0.348362628,0.109018623
11,0,FALSE,Idaho,0.127424777,0.835287443,0.037287779
11,0,FALSE,Illinois,0.131763285,0.832795345,0.03544137
11,0,FALSE,Indiana,0.163359053,0.786188272,0.050452675
11,0,FALSE,Iowa,0.348908322,0.574331276,0.076760402
11,0,FALSE,Kansas,0.182801783,0.776074531,0.041123685
11,0,FALSE,Kentucky,0.099927174,0.872206617,0.027866209
11,0,FALSE,Louisiana,0.083623141,0.88730315,0.02907371
11,0,FALSE,Maine,0.820126893,0.065930902,0.113942205
11,0,FALSE,Maryland,0.346469092,0.597324922,0.056205986
11,0,FALSE,Massachusetts,0.409730069,0.506392551,0.08387738
11,0,FALSE,Michigan,0.66524055,0.22126575,0.1134937
11,0,FALSE,Minnesota,0.233126036,0.706731965,0.060141998
11,0,FALSE,Mississippi,0.082904333,0.888213213,0.028882454
11,0,FALSE,Missouri,0.104412669,0.863248257,0.032339073
11,0,FALSE,Montana,0.12528102,0.841742326,0.032976654
11,0,FALSE,Nebraska,0.136235225,0.82608747,0.037677305
11,0,FALSE,Nevada,0.162589532,0.79305326,0.044357208
11,0,FALSE,New Hampshire,0.293167524,0.642757766,0.064074709
11,0,FALSE,New Jersey,0.207538147,0.740436278,0.052025575
11,0,FALSE,New Mexico,0.113634047,0.854082569,0.032283384
11,0,FALSE,New York,0.622112497,0.290528991,0.087358512
11,0,FALSE,North Carolina,0.107728357,0.862781186,0.029490457
11,0,FALSE,North Dakota,0.171638988,0.774767695,0.053593318
11,0,FALSE,Ohio,0.113476563,0.849235026,0.037288411
11,0,FALSE,Oklahoma,0.08930776,0.881983025,0.028709215
11,0,FALSE,Oregon,0.771728595,0.107373003,0.120898402
11,0,FALSE,Pennsylvania,0.167673876,0.788353478,0.043972646
11,0,FALSE,Rhode Island,0.387652505,0.539460784,0.07288671
11,0,FALSE,South Carolina,0.066657932,0.91048218,0.022859888
11,0,FALSE,South Dakota,0.175062657,0.785897034,0.039040309
11,0,FALSE,Tennessee,0.069270016,0.909663353,0.021066632
11,0,FALSE,Texas,0.132331365,0.832859188,0.034809447
11,0,FALSE,Utah,0.161291857,0.784769787,0.053938356
11,0,FALSE,Vermont,0.606118843,0.300463883,0.093417274
11,0,FALSE,Virginia,0.110608599,0.853229109,0.036162293
11,0,FALSE,Washington,0.24984773,0.695002769,0.055149502
11,0,FALSE,West Virginia,0.118867476,0.84630621,0.034826315
11,0,FALSE,Wisconsin,0.236519916,0.707667715,0.055812369
11,0,FALSE,Wyoming,0.114588224,0.836086659,0.049325117
12,0,FALSE,Alabama,0.083737374,0.884681818,0.031580808
12,0,FALSE,Alaska,0.060480324,0.916394676,0.023125
12,0,FALSE,Arizona,0.170409075,0.782578599,0.047012326
12,0,FALSE,Arkansas,0.082682133,0.890074278,0.02724359
12,0,FALSE,California,0.640625,0.244258607,0.115116393
12,0,FALSE,Colorado,0.098134598,0.872484192,0.02938121
12,0,FALSE,Connecticut,0.564835506,0.322817091,0.112347403
12,0,FALSE,Delaware,0.113988715,0.852803819,0.033207465
12,0,FALSE,Florida,0.099350227,0.866049383,0.03460039
12,0,FALSE,Georgia,0.104118217,0.864288598,0.031593185
12,0,FALSE,Hawaii,0.545726093,0.345940573,0.108333333
12,0,FALSE,Idaho,0.122739116,0.840943856,0.036317028
12,0,FALSE,Illinois,0.133931708,0.830758674,0.035309618
12,0,FALSE,Indiana,0.159768519,0.792263374,0.047968107
12,0,FALSE,Iowa,0.347050754,0.575771605,0.077177641
12,0,FALSE,Kansas,0.184739369,0.773108139,0.042152492
12,0,FALSE,Kentucky,0.098215772,0.873335414,0.028448814
12,0,FALSE,Louisiana,0.084689414,0.886269685,0.029040901
12,0,FALSE,Maine,0.821273193,0.069535082,0.109191725
12,0,FALSE,Maryland,0.339876761,0.603110329,0.057012911
12,0,FALSE,Massachusetts,0.411513915,0.503996652,0.084489433
12,0,FALSE,Michigan,0.666569301,0.218923253,0.114507446
12,0,FALSE,Minnesota,0.230819859,0.709411277,0.059768864
12,0,FALSE,Mississippi,0.085076148,0.885660661,0.029263192
12,0,FALSE,Missouri,0.101588766,0.865600656,0.032810578
12,0,FALSE,Montana,0.122681582,0.842655642,0.034662776
12,0,FALSE,Nebraska,0.131513002,0.829858156,0.038628842
12,0,FALSE,Nevada,0.163576676,0.791749311,0.044674013
12,0,FALSE,New Hampshire,0.288779302,0.649799886,0.061420812
12,0,FALSE,New Jersey,0.201837524,0.745513647,0.052648829
12,0,FALSE,New Mexico,0.115728848,0.849770642,0.03450051
12,0,FALSE,New York,0.624047124,0.289119889,0.086832987
12,0,FALSE,North Carolina,0.10527863,0.866291752,0.028429618
12,0,FALSE,North Dakota,0.168534994,0.779161724,0.052303282
12,0,FALSE,Ohio,0.109906684,0.857541233,0.032552083
12,0,FALSE,Oklahoma,0.087042549,0.884959215,0.027998236
12,0,FALSE,Oregon,0.777966254,0.106807575,0.115226171
12,0,FALSE,Pennsylvania,0.170175997,0.785925573,0.043898431
12,0,FALSE,Rhode Island,0.384515251,0.542194989,0.07328976
12,0,FALSE,South Carolina,0.064364955,0.913565688,0.022069357
12,0,FALSE,South Dakota,0.170540936,0.791306391,0.038152673
12,0,FALSE,Tennessee,0.069679923,0.909196756,0.021123321
12,0,FALSE,Texas,0.128166935,0.839452496,0.032380569
12,0,FALSE,Utah,0.156849315,0.788284817,0.054865868
12,0,FALSE,Vermont,0.612657389,0.297001325,0.090341286
12,0,FALSE,Virginia,0.113046715,0.849888331,0.037064954
12,0,FALSE,Washington,0.247199151,0.698306571,0.054494278
12,0,FALSE,West Virginia,0.113841304,0.851903402,0.034255294
12,0,FALSE,Wisconsin,0.232353249,0.715938155,0.051708595
12,0,FALSE,Wyoming,0.111673513,0.84095266,0.047373826
13,0,FALSE,Alabama,0.080510101,0.889671717,0.029818182
13,0,FALSE,Alaska,0.059872685,0.917644676,0.022482639
13,0,FALSE,Arizona,0.165934262,0.786946231,0.047119507
13,0,FALSE,Arkansas,0.078952991,0.895853683,0.025193325
13,0,FALSE,California,0.640057707,0.247139085,0.112803208
13,0,FALSE,Colorado,0.098572719,0.873590786,0.027836495
13,0,FALSE,Connecticut,0.566801159,0.320447962,0.112750879
13,0,FALSE,Delaware,0.11562934,0.851462674,0.032907986
13,0,FALSE,Florida,0.098517706,0.867166179,0.034316114
13,0,FALSE,Georgia,0.101150678,0.867571059,0.031278262
13,0,FALSE,Hawaii,0.552584223,0.340311781,0.107103997
13,0,FALSE,Idaho,0.118675408,0.845171457,0.036153135
13,0,FALSE,Illinois,0.128447519,0.83681379,0.034738691
13,0,FALSE,Indiana,0.159238683,0.794742798,0.046018519
13,0,FALSE,Iowa,0.345913352,0.578069273,0.076017375
13,0,FALSE,Kansas,0.181578647,0.777914952,0.040506401
13,0,FALSE,Kentucky,0.096681232,0.877002705,0.026316063
13,0,FALSE,Louisiana,0.080818023,0.889916885,0.029265092
13,0,FALSE,Maine,0.825282576,0.067311794,0.10740563
13,0,FALSE,Maryland,0.34192097,0.599594092,0.058484937
13,0,FALSE,Massachusetts,0.411629002,0.502547604,0.085823394
13,0,FALSE,Michigan,0.666134021,0.224215349,0.10965063
13,0,FALSE,Minnesota,0.225378317,0.716723673,0.05789801
13,0,FALSE,Mississippi,0.084979622,0.885708923,0.029311454
13,0,FALSE,Missouri,0.098267733,0.868721812,0.033010455
13,0,FALSE,Montana,0.116374838,0.850988975,0.032636187
13,0,FALSE,Nebraska,0.127062648,0.836323877,0.036613475
13,0,FALSE,Nevada,0.16207989,0.79174472,0.04617539
13,0,FALSE,New Hampshire,0.280808081,0.656360778,0.062831142
13,0,FALSE,New Jersey,0.200005373,0.748205459,0.051789168
13,0,FALSE,New Mexico,0.10912844,0.858134557,0.032737003
13,0,FALSE,New York,0.627968353,0.284730885,0.087300762
13,0,FALSE,North Carolina,0.104639571,0.867493183,0.027867246
13,0,FALSE,North Dakota,0.168406485,0.780268881,0.051324634
13,0,FALSE,Ohio,0.112451172,0.855750868,0.03179796
13,0,FALSE,Oklahoma,0.084490741,0.888690476,0.026818783
13,0,FALSE,Oregon,0.778011129,0.108616047,0.113372824
13,0,FALSE,Pennsylvania,0.163899491,0.793272901,0.042827608
13,0,FALSE,Rhode Island,0.378877996,0.549003268,0.072118736
13,0,FALSE,South Carolina,0.065627184,0.911661426,0.022711391
13,0,FALSE,South Dakota,0.167773601,0.792857143,0.039369256
13,0,FALSE,Tennessee,0.071768707,0.906096285,0.022135008
13,0,FALSE,Texas,0.127764359,0.84178744,0.030448202
13,0,FALSE,Utah,0.148886986,0.798121195,0.052991819
13,0,FALSE,Vermont,0.61434725,0.296366247,0.089286503
13,0,FALSE,Virginia,0.110496929,0.854396985,0.035106086
13,0,FALSE,Washington,0.247517534,0.696414729,0.056067737
13,0,FALSE,West Virginia,0.112972877,0.851820128,0.035206995
13,0,FALSE,Wisconsin,0.232028302,0.716572327,0.051399371
13,0,FALSE,Wyoming,0.111414319,0.84127054,0.047315141
14,0,FALSE,Alabama,0.080020202,0.891126263,0.028853535
14,0,FALSE,Alaska,0.062563657,0.914508102,0.022928241
14,0,FALSE,Arizona,0.160686852,0.793698642,0.045614505
14,0,FALSE,Arkansas,0.077889703,0.89704416,0.025066138
14,0,FALSE,California,0.648136737,0.239607786,0.112255477
14,0,FALSE,Colorado,0.09700542,0.876038844,0.026955736
14,0,FALSE,Connecticut,0.570484171,0.315156218,0.114359611
14,0,FALSE,Delaware,0.113519965,0.854197049,0.032282986
