name,State,latitude (deg),longitude (deg),2004.0,2005.0,2006.0,2007.0,2008.0,2009.0,2010.0,2011.0,2012.0,2013.0,2014.0,2015.0,2016.0,2017.0,2018.0,2019.0,2020.0,2021.0,2022.0,2023.0,2024.0,2025.0,2026.0,2027.0,2028.0,2029.0,2030.0
Abbeville,South Carolina,34.213809,-82.46046,11.285254407621494,11.399529086183701,11.513239073532459,11.626067066985918,11.737658117781336,11.84814398720186,11.957212750577195,12.065004236207821,12.171693229469323,12.276927470604747,12.380666624527409,12.48273321685594,12.583043888411215,12.681894429828851,12.77902400754835,12.874351951396356,12.9679374195,13.060041245419777,13.150999554877977,13.240793524834155,13.329423155288314,13.416928781327124,13.503807869019582,13.589928657082549,13.675417528787598,13.760295996180972,13.844531791193319
Acadia,Louisiana,30.291497,-92.411037,10.78141033670268,10.823632507616162,10.8647566347361,10.904133439993272,10.94160776502554,10.977181996884633,11.010703364260143,11.04279727470405,11.073523404509473,11.102850722003993,11.130464136359892,11.1564137756634,11.180675769397268,11.203419598233975,11.224821904001177,11.245298033699044,11.264879019,11.28441465031818,11.30425582425717,11.324927692196495,11.346119937411888,11.368090361489665,11.389129835394654,11.409197779247526,11.42830851535864,11.446645846710819,11.464133387648868
Accomack,Virginia,37.765944,-75.757807,49.59761001500121,50.207923071347274,50.819073748409615,51.42835639831898,52.03656875509087,52.64393684336302,53.25037424195042,53.856944596207065,54.46431933226268,55.07229236882993,55.67949426251551,56.28587847883521,56.89012210887996,57.492245096000154,58.091330046077985,58.68759633596767,59.28091101,59.8737005091388,60.467487175796954,61.061779073998274,61.65673575054584,62.251865269463444,62.85249250530459,63.458265125545715,64.06995427306853,64.6884839897743,65.31459882741082
Ada,Idaho,43.447861,-116.244456,227.93587660491738,231.42252688813315,234.9761174357608,238.56770110643313,242.19941604127374,245.8635320377585,249.55248336575724,253.2634739945698,256.97133964789384,260.6884157552892,264.3990774393135,268.0974036937778,271.7888221076886,275.4690563987983,279.12659349951775,282.7673544160357,286.401207492,290.0401592121825,293.67647937405883,297.33286516801934,301.00027061238677,304.7059981245871,308.4492253426496,312.23488643839823,316.0804154856112,319.98186514682914,323.94877482091186
Adair,Iowa,41.328528,-94.478164,4.75780125041438,4.77226231093961,4.786113538704925,4.798952123124173,4.810630420476531,4.821150035585053,4.830368139198073,4.838262263792858,4.844941537336971,4.850292017393691,4.854220624225983,4.856804389340356,4.857892459369888,4.857528164536991,4.855602376874104,4.852193732710793,4.847361610499999,4.841073913780673,4.833529640611312,4.824772121214332,4.81480456523584,4.803591666568679,4.792046569529671,4.78014680659608,4.767863490952966,4.755398830304928,4.742528149424632
Adair,Kentucky,37.105541,-85.281401,9.328844693270192,9.379278455129601,9.428576798398884,9.476063878679158,9.521879370479523,9.56604354913195,9.608518116787161,9.649629731571293,9.68965098405856,9.728444452554514,9.76602140113248,9.802420127641726,9.837615851120955,9.871624341272815,9.904589778235726,9.93649413949239,9.967423032,9.997635529444791,10.027456037138228,10.05678317842048,10.085686790546097,10.114376385278735,10.143259722072386,10.17233680092705,10.201697734429246,10.231412359833527,10.26156628409708
Adair,Missouri,40.190666,-92.603592,33.8326856561093,34.0210856397585,34.20998131966237,34.39715386496668,34.58263868254676,34.76613481396228,34.947046243478454,35.12602799828897,35.30349905975191,35.47825559410597,35.64951274894789,35.81733543688249,35.98069685852506,36.13956750814618,36.293463491782944,36.44231399568469,36.586408176,36.72663710575806,36.86514880206245,37.0010757964675,37.13526195283533,37.267896107834375,37.401273807215425,37.53507048795457,37.67024803683174,37.806906773327015,37.945388963901955
Adair,Oklahoma,35.8975,-94.651671,11.81178446712601,11.85943939647617,11.907447948976985,11.955139924561973,12.002525426749731,12.049341764056912,12.095649557595053,12.142115639591108,12.189130679430555,12.236327582604632,12.283756866706277,12.331997800134667,12.380568781836999,12.42968198570367,12.479317204697496,12.529696716227464,12.581204453999998,12.634258030116824,12.689443448656167,12.746824698569101,12.806519654239178,12.868494637271098,12.930712104749178,12.99292957222726,13.055086418593802,13.117431863974026,13.17920140879461
Adams,Colorado,39.874325,-104.331872,695.9061110786179,702.4552136412003,709.0070542500997,715.5173678231931,722.0118615731224,728.4815607925157,734.9454796919065,741.4372353955189,747.9969859160002,754.6229058891392,761.3236657949394,768.0969839281366,774.9439250845207,781.8497342367174,788.8303833215753,795.8752243811953,802.9879081439999,810.1844065468375,817.4989451686691,824.9245267800181,832.454458378777,840.0939118302103,847.9209214543491,855.9208843375037,864.1091639617852,872.5087294935183,881.0967638800626
Adams,Idaho,44.884583,-116.431873,2.3236661055867223,2.359210361303806,2.395437031855403,2.4320510189346964,2.4690741195757133,2.5064275291169738,2.544034119591924,2.581865387186837,2.6196647975781726,2.6575581028853135,2.695386017090376,2.733088179176056,2.7707199200748827,2.8082376457188025,2.84552398746306,2.8826393063249567,2.919684204,2.956781079217721,2.9938511273166406,3.0311257321964216,3.068512675636184,3.1062902889934936,3.1444501887937255,3.1830426758846313,3.222245479928271,3.2620183602464436,3.302458565144803
Adams,Illinois,39.986053,-91.194961,102.80479001979033,103.20235929596961,103.58914458070355,103.95851457254565,104.31176140008667,104.64957582389387,104.97036503136498,105.280703437782,105.58508505013012,105.87989353367445,106.16463316612548,106.43578513188726,106.6934469500987,106.93513188271741,107.16218894449838,107.37371608340665,107.569461375,107.75300052103877,107.92929074441795,108.09769004413971,108.25901920628989,108.41289628090774,108.5652130493029,108.71686343691546,108.8666853406733,109.01515010308121,109.16367175165347
Adams,Indiana,40.745733,-84.936131,53.13597338934523,53.39593783203272,53.65250181301878,53.902487011316126,54.14597886566097,54.38309699028403,54.613627788344765,54.837981365777,55.0577127075799,55.27259112916567,55.48203564712805,55.685815576879236,55.884759674160534,56.077663252791304,56.26470573411757,56.44556245094173,56.620318841999996,56.78985492627541,56.955170336981695,57.11659828519011,57.27367740172508,57.426125738757094,57.57850572480012,57.73021074482704,57.881932852601196,58.03333883705135,58.18470210213341
Adams,Iowa,41.021656,-94.696906,2.7375187925577773,2.7458393219083224,2.753808968875868,2.7611959664126964,2.7679153640471332,2.773968085153873,2.7792719493853153,2.7838140294957725,2.7876571149643077,2.7907356461877812,2.7929960674340504,2.794482700688337,2.795108748729583,2.7948991426744754,2.793791093043952,2.7918298451979235,2.7890495639999995,2.785431781956338,2.781090997528759,2.77605214183395,2.770317061621295,2.763865442647568,2.7572226851125747,2.750375861770627,2.7433083518772663,2.736136500643698,2.7287310356130274
Adams,Mississippi,31.486218,-91.351781,8.002380431160793,8.036835478422333,8.070356104802139,8.102504042099046,8.133188328988279,8.162574349696701,8.190411271480244,8.21694441427541,8.242256470195626,8.26600840157584,8.288211234031175,8.308928364848592,8.328259024564208,8.346233533619609,8.36270304621062,8.378064484481705,8.392731308999998,8.406788968282706,8.420557205168416,8.434115955366776,8.447399065187046,8.460560893240954,8.473562849875568,8.486247820075375,8.49898516194702,8.511513017131318,8.523930616164376
Adams,Nebraska,40.520632,-98.500044,29.98811450365653,30.0811842948357,30.173857457295764,30.26268504565299,30.3477705282689,30.42888972369356,30.50587018465777,30.57928098714985,30.649846409700384,30.71772165485163,30.781906528442313,30.842332051564757,30.899239650395835,30.95199127003954,31.000621399949726,31.045164529580237,31.086689832,31.12516281775519,31.161600925733996,31.196004155936418,31.229355457796807,31.26101677641918,31.2918675928764,31.31964884794211,31.345119309600747,31.36869285129834,31.389662439231248
Adams,North Dakota,46.096815,-102.533198,2.268973568301876,2.270406265010868,2.2718746898173405,2.272996552078246,2.2739219098030063,2.274493559362704,2.2745328602699324,2.274207734582855,2.273561056018447,2.2726142614351983,2.2710886716727563,2.2692093737452517,2.2668155912140193,2.263850159123089,2.260255912516492,2.2561221716379305,2.2512702959999995,2.2457288680806835,2.239651518699152,2.2329274907532115,2.2257532887790106,2.2179181170014095,2.2093791017034303,2.199925447109936,2.18970006561085,2.1788351511668527,2.1671449176710427
Adams,Ohio,38.841681,-83.474173,26.976055534843304,27.03205771966872,27.085822454936395,27.13571758007419,27.182136415162258,27.225055408100005,27.264337956703887,27.300118307947383,27.33243414519146,27.36075554617243,27.384696256440343,27.403919480956493,27.418260355016635,27.427476291984497,27.431609685641178,27.430453277501336,27.42420255,27.4132649544777,27.398566088488327,27.3802543302657,27.358690026949123,27.333950900470604,27.308613550636643,27.28264500450639,27.256316111236842,27.22982235326303,27.20391975301449
Adams,Pennsylvania,39.869471,-77.21773,283.779947175733,284.5831582471095,285.36731558452016,286.11824339310334,286.8392623356295,287.5343343063006,288.1988790806058,288.83766009203634,289.4524636281517,290.03724379259734,290.5863211069794,291.09474892882616,291.5568935819889,291.9658847297012,292.31982157879094,292.6139177946441,292.84476111,293.0184661245807,293.1393382494267,293.2063240329006,293.21976699184046,293.1789113892021,293.1007498579213,292.98406863850295,292.828134895025,292.63361276004156,292.40574659061787
Adams,Washington,47.00484,-118.533308,28.849589087677064,29.129606703910884,29.422131310447945,29.7261488269934,30.042293053731527,30.371357414596734,30.713313740691945,31.068669072164578,31.438249696662297,31.822055614185118,32.21991311653437,32.631836288158595,33.0573556474398,33.49646180474562,33.94855851842123,34.41388522409179,34.892512344000004,35.386599493588605,35.897907228925085,36.42663273228899,36.974320598203484,37.541628100933785,38.116189094662026,38.69806930681471,39.28786967386291,39.88572165065961,40.491855283197665
Adams,Wisconsin,43.973763,-89.767223,26.405190347283316,26.575451246295025,26.745463344779875,26.913379777288405,27.079257959326817,27.242844305742736,27.403588584601735,27.56089271771422,27.714952874726396,27.86437672961289,28.00853271180549,28.14680360461256,28.278701376231382,28.403589671468243,28.520793858125284,28.630122551181845,28.731456135000002,28.82505297935765,28.911659485835415,28.991390485445674,29.06438473232842,29.13058959560298,29.194765777658453,29.256214723169414,29.315515371823366,29.3729452319003,29.429102381589793
Addison,Vermont,44.031248,-73.141581,98.33648747281367,99.01217784890767,99.68849589836537,100.362460172709,101.04050432391709,101.71776388342047,102.39110048440033,103.05878802510628,103.71815889374234,104.36842849860378,105.01053834973628,105.63256265322828,106.23763977589857,106.81886531074578,107.36698107565434,107.88951915098941,108.38130123149999,108.83683517525307,109.26522224602327,109.6636379136737,110.0262761995894,110.3587861640444,110.66760145901719,110.94785761593866,111.21524646890293,111.4633343659314,111.70498861098126
Aiken,South Carolina,33.549317,-81.63387,93.56299875042151,94.5104192711587,95.45315808943796,96.38858453435435,97.31375582150578,98.22976434813238,99.13402403097167,100.02769414872755,100.91222379977985,101.78469249354764,102.64476582271253,103.49097239507346,104.32262110217232,105.14216426434425,105.94743938093008,106.737777637293,107.51366949749999,108.27727746221024,109.03138825907723,109.77584583135238,110.51065017903571,111.23613570944562,111.95642677950934,112.67043099198669,113.37919615647543,114.08290062354533,114.78127686734169
Aitkin,Minnesota,46.602446,-93.41976,31.355189481342276,31.649591168712256,31.94761974297555,32.24685931825889,32.54771356156894,32.85015189207185,33.15351376375672,33.45776859578967,33.76235370082811,34.06600303235105,34.36839243351983,34.667723751304685,34.96355662169834,35.25441704850973,35.53988913239866,35.818664013676795,36.0900872625,36.355700152893746,36.61578402852937,36.86999026790111,37.118649144014405,37.362360041212526,37.60479265955616,37.84608767088098,38.08674048469518,38.32789482418434,38.56934273967836
Alachua,Florida,29.67574,-82.357221,537.8265889552754,548.069836836261,558.5494050000292,569.2309878797021,580.1265423425671,591.2447699831429,602.5913988294753,614.2053669519994,626.1212616238905,638.3447795724948,650.8712569935566,663.7041682647431,676.8487093022054,690.3024699520664,704.0756229417306,718.1863852784265,732.6406101929998,747.4741995880136,762.720801715652,778.3898067858267,794.5024992743386,811.078066510107,827.9072946162953,844.9885559565187,862.335841943546,879.964208213936,897.8846413132851
Alamance,North Carolina,36.041974,-79.399935,148.743398534536,150.93625926290056,153.14750483348914,155.36723171336786,157.598457791732,159.84159932916012,162.09573708354114,164.3628136042421,166.64941968375834,168.95574610818846,171.2818449101048,173.6287047083816,175.9990311967802,178.39457613856916,180.81840945551596,183.2673398165176,185.74395150599995,188.24905970092956,190.78686169547447,193.35642090333275,195.95341862100082,198.5762938713087,201.22759625030076,203.90279892418403,206.60313333050368,209.33002169290353,212.08023799189888
Alameda,California,37.648081,-121.913304,2037.159744568747,2060.6540602118316,2084.1271053893224,2107.4382205706806,2130.609362365549,2153.6748379765013,2176.6281290350466,2199.656781581906,2222.9845357565105,2246.559587682978,2270.3200700393395,2294.1930800201326,2318.118122591492,2342.0351029702465,2365.8951905714043,2389.6796879695657,2413.3254699119993,2437.0146504656855,2460.8785118591263,2484.9013871364828,2509.043937372139,2533.3111371104687,2557.647465861979,2582.02479172056,2606.463641829085,2630.99329166708,2655.6554244856684
Alamosa,Colorado,37.568442,-105.788041,21.592025736884395,21.795226123881427,21.99851146481923,22.200508337655346,22.40201436550034,22.602751088215012,22.803308463721397,23.00472953762562,23.208260301058985,23.413844118060975,23.62175000944404,23.831907180257524,24.04434866814507,24.25861666575919,24.47520673775438,24.693788507694304,24.9144752475,25.13776252182595,25.364712254931803,25.595107342302246,25.828740118748733,26.065771052826054,26.30862133184618,26.556837868124994,26.810897347663477,27.07151243963145,27.337975194522485
Albany,New York,42.588271,-73.974014,358.56311162860914,359.51869398561854,360.3906789879347,361.16620406803094,361.8527552775447,362.4571652720851,362.98337309627925,363.4525301129828,363.88509695210735,364.2724861229965,364.6154817008842,364.9067283133386,365.1423242526485,365.3183491426448,365.434634967206,365.4865892856767,365.47090778099994,365.4055495097223,365.3086975498855,365.17493804868457,365.00130272130565,364.7850099675144,364.5593083109171,364.3289955452066,364.09468772949504,363.85203511308055,363.6135642312465
Albany,Wyoming,41.665514,-105.721883,19.874355393713145,19.993266273855827,20.106304525181404,20.213154838760065,20.314093109905393,20.4070698305738,20.49058728334887,20.567246766901253,20.639137202890733,20.703814947111532,20.761437654028544,20.81058643345776,20.851891903258732,20.88314690092302,20.905336766856177,20.920116872939538,20.926580705999996,20.925674192826886,20.91696378364176,20.901592473315052,20.87952084823057,20.85102480370184,20.81567078995043,20.77412883845213,20.72632012197447,20.672914671993247,20.612493598324455
Albemarle,Virginia,38.024184,-78.553506,127.11882778643579,128.68306203647327,130.2494431109959,131.8110364261509,133.36988657668607,134.92657286444657,136.48087379166805,138.03551548468076,139.59221881073086,141.1504555828417,142.70671591336307,144.26088053426798,145.80955882593324,147.3528019032274,148.88825848219065,150.41649082637863,151.93715816999998,153.45647948874577,154.9783565509262,156.50152852311356,158.0264043242573,159.55172312092978,161.09113258307198,162.64372968133702,164.21149085731437,165.79678443325344,167.40151869758546
Alcona,Michigan,44.682535,-82.83408,15.431765354629949,15.505521014097557,15.577672563164413,15.647322246861927,15.714559688782568,15.779409193629368,15.84162771437192,15.900546871676568,15.956291227146412,16.008424815170635,16.056610407994544,16.10053204447859,16.139955791856,16.17455505567965,16.20418248868736,16.228602639068406,16.24768335,16.261894006059634,16.271609811100515,16.276903679231758,16.27786067691402,16.27462663236555,16.27041280447571,16.26532704536426,16.25928428857054,16.252365043423385,16.24491717098508
Alcorn,Mississippi,34.886648,-88.581014,9.328152583142131,9.368315874662676,9.407389937717188,9.44486389523751,9.480631716134049,9.514886184206087,9.547334910691365,9.578263858225506,9.607769418708157,9.63545638535076,9.6613376104066,9.68548699433207,9.708020207406758,9.728972593327194,9.748170646674014,9.766077048565533,9.783173758499997,9.799560381440383,9.81560963273199,9.831414691211155,9.846898443358153,9.862240820719002,9.877396840407195,9.8921833578134,9.907030923422713,9.921634296219585,9.936109146483586
Aleutians East,Alaska,55.243722,-161.950749,1.0394654168637085,1.0486030828501554,1.0581785193299638,1.0682805493017882,1.0786950458938742,1.0896123441033367,1.1009436209315218,1.1124779217566285,1.1244262012004582,1.1367503922635882,1.1492316096993365,1.1619063343821512,1.1748491141859012,1.1879203701127035,1.2012216141610184,1.2147036764565917,1.22832849,1.2422451505389833,1.2565583423219542,1.2711760701003072,1.2863346664954594,1.3020198563826264,1.3173973380244597,1.3325131090452607,1.347357652695175,1.3619071770995619,1.3762394023822444
Alexander,Illinois,37.183683,-89.349506,9.630487426370037,9.667730690177285,9.703963737495583,9.738565365118474,9.771656616317795,9.803302199760896,9.833352904873674,9.862424605913514,9.890938289857349,9.918555187799697,9.945228861755755,9.970629678161309,9.994766772357634,10.0174071931423,10.038677312736233,10.058492629232672,10.076829542999999,10.094023016551501,10.110537429735155,10.126312641554248,10.141425541131156,10.155840348379225,10.170108990166957,10.184315207122662,10.198350136429525,10.212257932237026,10.226171056993602
Alexander,North Carolina,35.920951,-81.177467,32.27715097461184,32.752999297919345,33.23283711140898,33.714515359520384,34.19868892083058,34.6854481234192,35.17459349277712,35.66654655994246,36.16273751950881,36.66320777184598,37.16796860796393,37.67723455705168,38.19159275162661,38.71142332235702,39.23739243882993,39.76880758576842,40.30622954999999,40.84983522401386,41.40053541594594,41.95812688761711,42.52167248520162,43.09083347840096,43.66616312670265,44.246679112241104,44.83264865558512,45.424380377673295,46.02117423588881
Alfalfa,Oklahoma,36.729703,-98.323445,3.0870896411658832,3.0995445787882905,3.112091938209309,3.1245565581153802,3.1369410791293206,3.149176845057878,3.1612796996379555,3.173423923975507,3.185711622152807,3.1980468515408234,3.2104428152536393,3.22305090899946,3.235745263090651,3.24858133060638,3.261553830301011,3.27472085587653,3.2881827509999995,3.3020486614145423,3.3164717432435715,3.331468720431598,3.3470704002448253,3.363267980607195,3.379528935917184,3.3957898912271736,3.4120350028002577,3.4283294059992686,3.4444732936976834
Alger,Michigan,47.080077,-86.564108,14.198775057450971,14.266637676790262,14.33302435334374,14.397109062313667,14.458974266412506,14.518642328409738,14.575889620610543,14.630101166854173,14.681391576334212,14.729359716873084,14.773695305044226,14.814107624844375,14.850381434617258,14.88221623464796,14.90947645064651,14.931945443283542,14.949501614999999,14.9625768467815,14.971516363881927,14.976387254609723,14.977267788658077,14.974292142643879,14.970414997484939,14.965735587970833,14.960175644408373,14.953809243471472,14.946956452298327
Allamakee,Iowa,43.274964,-91.382751,11.611214808363476,11.64650642129089,11.680309762892987,11.711641790794367,11.740142186674156,11.76581486703585,11.788311263069037,11.807576543724897,11.82387703124059,11.836934653868488,11.846522254406311,11.852827825021462,11.855483214386107,11.854594168094405,11.849894363909195,11.84157571050138,11.829783118499998,11.814438257835302,11.796026774939751,11.774654415407523,11.750329012245595,11.72296440237723,11.694789076286913,11.665748202925824,11.635771285231181,11.605351802642431,11.5739414446713
Allegan,Michigan,42.595788,-86.634745,157.276830259529,158.02853015051298,158.76388133521377,159.47373411153515,160.15900190151385,160.81993241282083,161.4540485687465,162.05453840833945,162.62267143341336,163.1540043876205,163.64510032702623,164.09273905190798,164.49453637593297,164.8471637272726,165.14911937817166,165.39800366056772,165.592469664,165.73730124286382,165.83632238432972,165.89027621141048,165.9000297009545,165.8670690989875,165.82412278153495,165.77228995138677,165.7107036316946,165.64018435411847,165.56427743469897
Allegany,Maryland,39.612309,-78.703108,416.08060729633246,420.6681330313384,425.2549827605218,429.8277865909488,434.39713528050527,438.96625863478755,443.53267796577995,448.0995479673205,452.67355358587645,457.2421511578524,461.796928166346,466.3232378185367,470.80395463358747,475.2313421004187,479.5864720560006,483.8616079892531,488.04811204800006,492.15687543715933,496.20314584361626,500.18579659100027,504.1031752206337,507.96068977909704,511.8243635017208,515.695323064876,519.582206320739,523.4990591680661,527.4536181179373
Allegany,New York,42.247894,-78.026176,57.22874555054319,57.3812620191601,57.520435866672685,57.64421415294231,57.75379169508886,57.85025902444867,57.934244835316754,58.0091250074857,58.0781651757769,58.139994727035415,58.19473880420145,58.24122344731187,58.27882592125926,58.30692051134246,58.325480401217135,58.333772610804736,58.33126975199999,58.32083819405311,58.30538006134004,58.284031271654364,58.2563180695795,58.22179649563698,58.18577320641162,58.14901395751392,58.11161707553977,58.07288831513025,58.03482698373532
Alleghany,North Carolina,36.489356,-81.132299,9.034986973690133,9.168185947971267,9.302501656249637,9.437332537098424,9.572861903456802,9.709115039868104,9.846036109632465,9.983743107285447,10.122636371429827,10.26272749081463,10.404019626007782,10.546572827799695,10.690551445722031,10.836061885561328,10.983290620824668,11.132043803346493,11.282478407999998,11.434643950349212,11.588795382872753,11.744875815348108,11.902622920638205,12.061941881705536,12.222987566378022,12.385485005246906,12.549508998419556,12.715145934752355,12.882199859034477
Alleghany,Virginia,37.787905,-80.008669,10.715561139041212,10.847419244043719,10.979458316959674,11.111093802703566,11.242498051669159,11.37371989646802,11.504740665807486,11.635790160212581,11.767013441264721,11.898365985112184,12.029551923579008,12.160561202892223,12.291108008648841,12.421196649608703,12.550628922818976,12.67945222463795,12.80763783,12.935709971352818,13.063997550697843,13.192394285292254,13.320934645214798,13.44951234772266,13.579277831694213,13.710154975705544,13.84231038513729,13.975943699195566,14.11121577824788
Allegheny,Pennsylvania,40.46892,-79.98092,3503.4465036467095,3513.3626624440813,3523.0435906047983,3532.3142787970205,3541.2157227446864,3549.7968345873874,3558.0010684990043,3565.8872321387016,3573.4773783786654,3580.6968667284186,3587.475580363574,3593.7524497919217,3599.457923647338,3604.5071831906403,3608.876761903992,3612.5075693990984,3615.3574790355,3617.501979491066,3618.9942238423478,3619.821206549339,3619.9871685489993,3619.4827797800176,3618.517825257294,3617.0773203369113,3615.1522176866874,3612.7507164514104,3609.937561601986
Allen,Indiana,41.091855,-85.07223,560.7581451959036,563.5016195203536,566.2092078625795,568.8473685507539,571.4170032427214,573.919374259465,576.3522274563727,578.7198907910996,581.0387744364211,583.3064439161568,585.5167679569614,587.6673120826543,589.7668223743301,591.8025854563765,593.7764948102681,595.6851241361942,597.5293750919999,599.3185347534869,601.0631525174392,602.7667448494522,604.4244427971635,606.0332708896854,607.6413776559311,609.242361325203,610.8435253260436,612.4413531928587,614.0387302307511
Allen,Kansas,37.884229,-95.300945,13.72767998779959,13.784475950980617,13.841051483502744,13.896379578886995,13.950896088663479,14.003664182531852,14.05480910518468,14.104621424308696,14.153421766316846,14.200964651611715,14.247114815925345,14.291371280487509,14.333603790817934,14.373977669910806,14.411796557275505,14.447486284866724,14.481121999499996,14.512859004594096,14.542847593780092,14.57140338368323,14.598285904493794,14.623580322602733,14.647502058881237,14.669840702245814,14.690771595266046,14.710685501382702,14.729196666942721
Allen,Kentucky,36.75077,-86.192458,10.247362986300235,10.302762457674305,10.356914717114106,10.409077376563523,10.45940386288748,10.507916447727672,10.554573062427576,10.599732527880981,10.643694273937191,10.686307348358131,10.72758412427806,10.767566670353501,10.806227765689059,10.843584732672706,10.87979594742309,10.914841612925375,10.948815764999999,10.982002985735141,11.01475962139774,11.046974313779375,11.078723776312515,11.110238149294544,11.141965340186001,11.173905348986871,11.206157160771314,11.238797488971787,11.271920369408738
Allen,Louisiana,30.652744,-92.819605,4.27960535616212,4.296365151323148,4.312689085687362,4.328319432870556,4.343194603847093,4.357315546140444,4.370621618248446,4.383361071320587,4.39555759344365,4.407198866812511,4.41815981832895,4.428460345985867,4.438090974548547,4.4471189781834575,4.455614473627475,4.463742329964613,4.4715148650000005,4.479269397089431,4.487145212183194,4.495350765444981,4.5037628788235216,4.512483884853717,4.520835356730091,4.528801186553631,4.536387059465165,4.543665934771982,4.5506074917230075
Allen,Ohio,40.771528,-84.106546,89.34669481874467,89.53217820456868,89.7102509916656,89.87550734327979,90.02924996466116,90.1714008495073,90.30150756126432,90.42001473585587,90.52704718336582,90.62084976199036,90.70014316837026,90.76381191238134,90.81130994990689,90.84183381603226,90.8555239221018,90.85169381265443,90.83099093999999,90.79476481316988,90.74608107984798,90.68543117973941,90.61400860927071,90.53207078923978,90.44815160912812,90.3621418601124,90.27493861467012,90.1871893251111,90.10139799374207
Allendale,South Carolina,32.979784,-81.363421,4.988589762381825,5.039104307378693,5.089369233474242,5.13924427861916,5.1885725395040465,5.23741226053921,5.285625556998206,5.333274239275647,5.3804355703648,5.426953835617699,5.47281120511282,5.517929227195464,5.56227105336115,5.605967436367711,5.648903076055969,5.6910423125828755,5.7324112965,5.773125327966521,5.813332989661794,5.853025960955778,5.892204241848471,5.930885662261395,5.9692901245600005,6.007359384333975,6.045149308670764,6.0826694068618385,6.119905414969985
Alpena,Michigan,44.894954,-83.426574,44.73350835412981,44.947310815036765,45.15646329038706,45.35836337349133,45.553270864678964,45.741256218276575,45.92161489101801,46.09240938892134,46.25400079041046,46.40512532100168,46.544805426913236,46.6721252018991,46.786406523065594,46.88670266039882,46.972586484543676,47.04337546921105,47.098686519,47.13988028309326,47.168044400157996,47.18339023317403,47.18616437228454,47.17678954344921,47.16457452457215,47.14983195672777,47.13231524977288,47.1122577836644,47.09066793595202
Alpine,California,38.61761,-119.798999,1.2326024123197286,1.2468178660732574,1.2610204499341464,1.2751250565478445,1.2891449709648186,1.3031009510764222,1.3169890528832984,1.3309227528581822,1.345037427049187,1.3593017310403688,1.373678231434319,1.38812281771191,1.402598886791388,1.4170700777663978,1.4315068452382458,1.4458978761561436,1.460204976,1.4745383345764194,1.488977385416316,1.5035126490826387,1.5181203231933011,1.5328034176425493,1.5475283392428762,1.562278066523371,1.577065019622361,1.5919069119404676,1.6068289643156863
Amador,California,38.44355,-120.653856,47.19911543477195,47.74345709430816,48.287305936742726,48.82740301027442,49.36425702933076,49.89866286020471,50.43046947830063,50.964022152686766,51.50450473637057,52.050716981249586,52.601225478442174,53.154341137075754,53.70866234292033,54.262796755186066,54.8156130141826,55.36667791778027,55.914528912,56.46338541208034,57.01628910636909,57.57287700592585,58.13223766406793,58.69448633640785,59.25833666432811,59.823136857468505,60.389362510827624,60.95769191030883,61.52909081845812
Amelia,Virginia,37.336131,-77.973218,19.129834462983055,19.36523265525414,19.600953918448198,19.835954682202914,20.0705426331116,20.30480494904235,20.538708297280913,20.772662926618356,21.006927806604057,21.241423451534743,21.475621666091886,21.709504501890898,21.94256171199783,22.17480098857754,22.405868492047706,22.635848836221488,22.86469074,23.09333008343792,23.322354035117474,23.551572854972797,23.78104808032256,24.010589971100863,24.242252335318103,24.475899278062226,24.711828229706782,24.950395593889017,25.19188854476269
Amherst,Virginia,37.630362,-79.147848,47.31453819843824,47.896757390225055,48.47977564546198,49.06101186236967,49.64122705375776,50.22063683992232,50.79915877780897,51.3778075511639,51.957223679101865,52.537210566647076,53.11646180847628,53.69493301217564,54.27136216483578,54.84576829177697,55.417276228268115,55.98609525283189,56.552098529999995,57.11760080706843,57.6840543501489,58.25098986800882,58.81855956321009,59.38629414452013,59.95927337244326,60.53716113298855,61.12069307187196,61.71075069559804,62.3080442827891
Amite,Mississippi,31.203933,-90.795542,2.9644981531091803,2.9772620956448774,2.989679880059006,3.001589149002512,3.012956205667102,3.0238423169769475,3.034154561430387,3.043983818298277,3.0533607210427007,3.0621596724691096,3.070384757039112,3.0780594604069766,3.0852205427272037,3.0918792362692256,3.097980400801289,3.1036710769414038,3.1091044319999996,3.1143121205545636,3.1194125919918285,3.1244354586584753,3.1293562137848374,3.1342320398334738,3.139048641188744,3.1437478142726865,3.1484663885492825,3.153107358055262,3.1577074829451277
Anderson,Kansas,38.215114,-95.292046,9.112657348363422,9.150359432888918,9.187915191956256,9.224642881953573,9.260831828218585,9.295860147554126,9.329810979425062,9.362877207389868,9.395271668478589,9.426831409340103,9.45746663935235,9.48684480065589,9.514879428207264,9.541680266100089,9.566785058909737,9.590476480816733,9.6128044155,9.633871955895962,9.653778869362451,9.672734667350923,9.690579722088847,9.70737056841232,9.723250206200913,9.738078961153647,9.75197322852134,9.765192403434355,9.777480416340918
Anderson,Kentucky,38.005396,-84.986417,11.262674665728344,11.323563132700155,11.383080813619621,11.440411764407973,11.495724613508152,11.549043839242524,11.600323204779958,11.649957083091858,11.69827457162334,11.745109761745043,11.79047625252495,11.834420280794195,11.876911928603219,11.91797023464719,11.957769266996259,11.996287267141645,12.033627588,12.070103008134852,12.106105180704015,12.141511714095671,12.176406922531296,12.211043748675309,12.24591447878857,12.28101911287108,12.316466443466675,12.352340784796832,12.388745489778193
Anderson,South Carolina,34.519549,-82.638086,97.92987991828913,98.9215195521941,99.90825897377536,100.88734473039388,101.85569668858908,102.81445823123649,103.76092257438586,104.69630310394592,105.62211655230256,106.53530612033961,107.43552179289107,108.32122350322662,109.19168788666992,110.04948172110483,110.89234157512465,111.71956741839745,112.53167260650001,113.33092057083896,114.12022810446413,114.89943186696472,115.66853185834074,116.42787809375815,117.18178742693077,117.92911647498298,118.67096195210148,119.40751053304155,120.13848220567033
Anderson,Tennessee,36.116731,-84.195418,27.14294952732823,27.38437367899562,27.627312728079875,27.8705409848528,28.11438897238717,28.358728153932464,28.6033381807735,28.849251937512683,29.0970111147415,29.346124518449024,29.596335075134217,29.848147750602706,30.100965767084194,30.35520227841966,30.610714976063875,30.86813277197475,31.127331719999994,31.38895450389223,31.653685122788144,31.92202395189513,32.194191339928366,32.46987512620803,32.747978157756435,33.02817450209905,33.310326441288886,33.59470482062169,33.88152539821441
Anderson,Texas,31.841266,-95.661744,51.15778755615359,52.00791378054029,52.86230567321469,53.71769319296267,54.5737566430175,55.4304320840258,56.286927124715724,57.150012485897264,58.02446763423326,58.90967372812521,59.80497767274965,60.709961578761465,61.624403941972254,62.54883226204716,63.48388364897135,64.43035049401665,65.38916905199999,66.36452278346904,67.36047183736149,68.37803239268588,69.41815668909747,70.48202532108489,71.56405729652012,72.66406308089138,73.78312735965733,74.92282578116831,76.08267880027427
Andrew,Missouri,39.988863,-94.803551,48.76921370424007,49.04078892466021,49.31307868240152,49.58288457231212,49.85025763277212,50.114764037550806,50.37554464058345,50.63354365190158,50.88936502566954,51.14127345696447,51.38813759502789,51.63005101022329,51.86553358952827,52.09454280095943,52.31638111998897,52.530946469856694,52.738655664,52.9407931683176,53.1404553112012,53.33639165233877,53.52981860645557,53.72100837824543,53.913269956017025,54.10613548795294,54.30099151671209,54.497982651038,54.6976022619382
Andrews,Texas,32.312258,-102.640206,15.361133692318221,15.616400841504758,15.87294884164253,16.129795798426315,16.386845716602803,16.644079397121327,16.90125890888977,17.16041729423706,17.4229896822001,17.688790253395705,17.957622903234988,18.22936215220827,18.50394148931861,18.781519306733976,19.06228690928058,19.34648222805055,19.634386391999996,19.927255567586453,20.226308894526884,20.531851500590722,20.844169314496764,21.16361683300182,21.48851825325536,21.818816663785785,22.15483776277394,22.49705466968255,22.84532339163165
Androscoggin,Maine,44.167681,-70.207435,72.64559938164192,73.09663351232896,73.54517298521353,73.98345664268793,74.41209428999277,74.82787059040486,75.23522049112859,75.62743613451734,76.00290985220948,76.35803824960145,76.68949511628999,76.99500754183279,77.27612775775142,77.5278664484409,77.74822788765933,77.93527178600473,78.091936296,78.2179442334449,78.31035744581648,78.37311194875866,78.4068175475121,78.40997744739522,78.39850202150386,78.37449786976006,78.33619101328209,78.288681641355,78.22675869101364
Angelina,Texas,31.251951,-94.611056,74.63640656791543,75.87669410864862,77.12320502548572,78.37116850762327,79.6201181350107,80.8699606236379,82.11953991809365,83.37873412873566,84.65451623532054,85.94598338189323,87.25218273892169,88.57250462876843,89.90662588896973,91.25531611260911,92.61950480821606,94.00034803120171,95.39921172599999,96.82219933213038,98.27523438423566,99.75979943176245,101.27728374014715,102.82940973200535,104.40803504588196,106.01288316131846,107.6455365749151,109.30829407120709,111.00045602011846
Anne Arundel,Maryland,38.993374,-76.560511,3294.5153632677184,3330.8392720208108,3367.1578281774855,3403.365169275269,3439.5451526580314,3475.7233518419885,3511.8801406402763,3548.040497836175,3584.2573546609233,3620.4313907143323,3656.4959959076577,3692.3351973185236,3727.813395837696,3762.8693339728434,3797.3531390242842,3831.2035534996876,3864.3521831114995,3896.8852641353333,3928.923527357041,3960.4580517825966,3991.475753287423,4022.019452642858,4052.6119200989824,4083.262076649827,4114.038316582943,4145.0518549572225,4176.363949264995
Anoka,Minnesota,45.27411,-93.242723,653.0994544812005,659.2315680037191,665.4392262092929,671.6721084405747,677.9386227061339,684.2381320356245,690.5568778695692,696.894223237622,703.2384478854132,709.5631812406118,715.8616714175483,722.0964645598687,728.2583882945879,734.316740651021,740.2628588324598,746.0694805080889,751.7229745125,757.2554441511401,762.6727495511938,767.9676292507148,773.1469625294418,778.2232340061595,783.2728801224073,788.2988309417782,793.3114053838793,798.3344261396577,803.3635618107593
Anson,North Carolina,34.974996,-80.109959,21.822928301079223,22.14465446116989,22.469077958403822,22.794745793244395,23.122100736128345,23.451203858840046,23.781920294522344,24.11453504483564,24.450015079699238,24.78838839034762,25.12966261075384,25.473982786405806,25.821745883901933,26.17320891366816,26.528822280114237,26.88811776622663,27.251474526,27.61901215834542,27.991346470422,28.368340050714902,28.74935927946123,29.13417513746957,29.52316168941924,29.915654779655142,30.311835078872715,30.71191124900192,31.11540998371383
Antelope,Nebraska,42.183225,-98.058037,5.286810633477197,5.303218546072088,5.319556534266446,5.335216559794756,5.350216863804983,5.364517923809869,5.378089337896139,5.391031432377601,5.403471895290014,5.4154380883553275,5.426753680476541,5.437406510888343,5.447439142269322,5.456739087540355,5.465312427084101,5.473165241283213,5.480486022,5.487268688851807,5.49369261312696,5.499757794825462,5.50563752485298,5.511219316130399,5.5166582184154205,5.521555966644134,5.526046329234953,5.530202270779741,5.533899143434066
Antrim,Michigan,45.005457,-85.175625,32.41911469425425,32.574060880168965,32.7256371445051,32.87195748001557,33.01321016830372,33.14944626878741,33.28015518728805,33.4039327898146,33.52104075588357,33.63056320718712,33.731791694302515,33.82406244479758,33.906884011775475,33.97957028430873,34.04181171467657,34.09311366476854,34.133198498999995,34.16305230237834,34.18346330466674,34.19458468411874,34.196595148696865,34.18980105490825,34.18094862833727,34.170264445150664,34.15756979738593,34.143033819364724,34.12738729900513
Apache,Arizona,35.385845,-109.493747,31.814875888082973,32.62062934352854,33.443993924283554,34.2829016573003,35.13816416640934,36.00989263295731,36.89764789062496,37.80553253110369,38.73594807148113,39.68995073455049,40.66660103793255,41.66653271530323,42.68946225422856,43.73494492932197,44.80323089861337,45.894970572980704,47.009963825999996,48.15057326128756,49.31771612495328,50.512854451705586,51.735348948801246,52.98645596545742,54.25802590896462,55.5502033150735,56.86227662316548,58.196091443594966,59.550936215743405
Appanoose,Iowa,40.744683,-92.870345,10.236044361048153,10.26715622328308,10.296956077122793,10.324577306495717,10.349702267264064,10.372334412081502,10.392166454771264,10.40915005818194,10.423520002763201,10.43503115010437,10.443483246292486,10.449042018703786,10.451382917893142,10.450599165509685,10.446455981103746,10.439122544705233,10.4287266045,10.41519910741461,10.398968182504348,10.380127051418338,10.358682619463938,10.33455892826036,10.309720537746754,10.284119110771728,10.257692499569181,10.230875738501744,10.203185456055389
Appling,Georgia,31.739712,-82.290103,19.07755204257982,19.36836626768594,19.659022087789566,19.94830434122784,20.23640615190788,20.52290221324768,20.807647139834007,21.09030025241495,21.37115449174852,21.649843139404304,21.92609929380279,22.1996538834329,22.470693522407153,22.739068485449227,23.00488292927309,23.268603389160024,23.530201656,23.79031568966602,24.049709306060482,24.308169851892362,24.5653371185259,24.821026661780106,25.075787474334824,25.32904886419481,25.580548269643614,25.830257481571216,26.077885729151127
Appomattox,Virginia,37.370725,-78.81094,22.44211019685299,22.71826690805246,22.994802628974618,23.2704930980549,23.545699276933966,23.820523438076663,24.094926477305265,24.369389676807305,24.644216845963687,24.919314736350554,25.194063697151446,25.468442672270665,25.741853066987453,26.01430390534283,26.285380081450022,26.55518085976023,26.82364608,27.091873667159664,27.360552456370158,27.629459854619732,27.89866805423652,28.167954462208787,28.439728497487923,28.71383073534931,28.99061010537891,29.270484721477157,29.553791481175335
Aransas,Texas,28.104225,-96.977983,18.546465251936212,18.854665376170303,19.164411952517618,19.474519478073372,19.7848720517156,20.095446493219892,20.40595553337678,20.7188537923767,21.035873991993196,21.356791780768734,21.681370389268405,22.009458318168505,22.340975264548792,22.676112465260534,23.015100894682515,23.358227822024215,23.705832671999996,24.05943209357743,24.42049803100562,24.78939888427942,25.166479873169294,25.552169003961385,25.94444297421206,26.343233071113282,26.748932530614617,27.16211257967438,27.582599366609603
Arapahoe,Colorado,39.644632,-104.331733,785.9443906076153,793.340834381615,800.7403704580237,808.0930066145572,815.4277761349482,822.7345431390765,830.0347819492298,837.3664591672112,844.7749285616914,852.2581285977309,859.8258515662924,867.4755205487018,875.2083381070067,883.0076401671126,890.8914651597406,898.84778746441,906.8807301509999,915.0083316502316,923.2692457422215,931.6555698763682,940.1597450912269,948.7876124024592,957.6273024287319,966.6623228905281,975.9100250402562,985.3963498592387,995.0955281607313
Archer,Texas,33.616305,-98.687267,5.152742228793814,5.238369100194266,5.324425620533228,5.410582422958483,5.496807306800117,5.583093831924152,5.669362186670165,5.756294335225893,5.844371677606486,5.933531882515193,6.0237091685834825,6.114861444935685,6.2069664011076515,6.300077168204731,6.3942579175619585,6.489588460839755,6.586163099999999,6.684403203808938,6.784717720774431,6.8872090030258315,6.991972962558515,7.099128511846363,7.208113519194662,7.318908894206253,7.431623889154042,7.546417207339732,7.663240547758454
Archuleta,Colorado,37.202395,-107.050863,17.400593195202593,17.564348431248046,17.728172130020525,17.890957477433297,18.05334726242333,18.215117079385404,18.376742363923793,18.539063686186815,18.703085166170656,18.86876116205731,19.036308472482325,19.20567004517318,19.376872504523714,19.549546912505036,19.724092635024714,19.900243428144357,20.078090575499996,20.258033442999192,20.44092781472963,20.62659873038892,20.814878836644365,21.00589745198034,21.201605764116703,21.40163863850939,21.60638022712664,21.81640485617839,22.031142002939543
Arenac,Michigan,44.03687,-83.740675,21.215187767435484,21.316585120787984,21.415777185077992,21.511529750233603,21.60396602842781,21.693119433131265,21.778655829637533,21.859656347503897,21.936292230767414,22.007964125298408,22.074208419191695,22.134590737328907,22.188789475055103,22.236355638858495,22.27708665957331,22.31065884420269,22.336890506999996,22.356426945617056,22.369783980506924,22.377061852081525,22.378377507488132,22.37393142755059,22.368138367077712,22.361146598345496,22.352839174206675,22.343326776782764,22.333087636372348
Arkansas,Arkansas,34.289574,-91.376547,10.609552509096474,10.687315328392755,10.764627873025187,10.840982140808924,10.916582102318188,10.991166059457742,11.064591617675783,11.137432203680964,11.209918727557309,11.282316735901446,11.354183651052326,11.425865838135993,11.496889931480187,11.56754072018855,11.63782590126387,11.707676201680949,11.777257106999999,11.846857254826052,11.91650743317031,11.986338491080385,12.056531308122096,12.126647155135801,12.196555183073885,12.26587823879911,12.334600928305873,12.402796373120786,12.46994502555479
Arlington,Virginia,38.878337,-77.100703,354.9706094793223,359.33862635591834,363.7126380926714,368.07328033970884,372.42626248765663,376.7732021971919,381.1134809509971,385.4547112699065,389.8016985576971,394.15296788845706,398.498718141612,402.8386162693754,407.1631941989593,411.47259466512935,415.7602518686659,420.02773589199074,424.27409517,428.5166957658471,432.76643309997655,437.0197863815025,441.2778974885499,445.53724563023303,449.83594098897953,454.17146191726306,458.5493274926887,462.9761510927314,467.45726148197514
Armstrong,Pennsylvania,40.812379,-79.464128,185.10389807293825,185.6278163475268,186.13930625828968,186.62912122204406,187.09942723969715,187.55280857440007,187.98627763869484,188.40294152353786,188.80396538803774,189.18540561674982,189.54355760122604,189.8751947470117,190.1766423215333,190.44341894360372,190.6742847644279,190.8661177551121,191.01669216299996,191.12999641734817,191.20883885036724,191.25253231694185,191.26130088613135,191.23465160600517,191.18366842603285,191.1075596355379,191.00584722052713,190.8789643811819,190.73033190514172
Armstrong,Texas,34.964179,-101.356636,1.6054411737646843,1.6321199593167257,1.6589326106950637,1.685776506987891,1.7126416154244999,1.7395259294507484,1.7664045821278116,1.7934900532067453,1.820932332609624,1.848711999758866,1.8768085591371673,1.9052088964799614,1.9339060605104006,1.9629166053001514,1.992260524727982,2.021962685732717,2.05205247,2.082661163500801,2.113916182423108,2.1458494166452384,2.178490749491372,2.211877230550478,2.245833716311064,2.280354258773354,2.315472897695103,2.3512390803033707,2.3876377574420977
Aroostook,Maine,46.727057,-68.64941,45.53903244819344,45.82177026145994,46.10294425938758,46.37768923869989,46.64638746536859,46.90702335517918,47.16237702428957,47.408243547010876,47.64361513123579,47.86623293258598,48.07401186394297,48.265527115775775,48.441751728739696,48.599558072157,48.73769509375661,48.85494649271937,48.953154096,49.03214414633859,49.09007481678049,49.1294134604159,49.15054234321653,49.15252317597909,49.145329625420324,49.13028224671527,49.10626899340071,49.07648699905835,49.037669627202575
Arthur,Nebraska,41.570856,-101.697045,0.3398113899521942,0.340866013613155,0.341916142861627,0.34292269584988144,0.34388684503335015,0.3448060500919307,0.34567835693323684,0.3465102140621436,0.3473098286666743,0.3480789594299764,0.34880627261620883,0.34949098658841676,0.3501358370759415,0.350733593936953,0.35128464798992864,0.3517893900533457,0.3522599355,0.35269589351141445,0.35310879323266886,0.3534986346637633,0.3538765561313005,0.3542353274934506,0.3545849146213844,0.3548997189048396,0.3551883383503166,0.3554554627795427,0.35569308041373365
Ascension,Louisiana,30.202946,-90.910023,21.40167343175316,21.4854866885767,21.567120270019256,21.645285324551207,21.71967385456436,21.790290598483473,21.856832297125095,21.920540417771438,21.98153342104103,22.03974970741224,22.094563804819227,22.146075220181544,22.19423656925179,22.239384280186588,22.28186899641679,22.322515203847377,22.361384502,22.40016377008253,22.439549556531947,22.480584314791326,22.522652049644297,22.566264510962924,22.608028986632455,22.64786492343229,22.685800751910875,22.7222013307733,22.756915030427823
Ashe,North Carolina,36.436305,-81.49877,24.962159108900348,25.330165615033703,25.701257470576234,26.073772661836767,26.44821765183154,26.824662297528306,27.20295233145659,27.583413752799256,27.967152630212436,28.354200981473003,28.744567538701933,29.138418212197646,29.536207072250548,29.938228100266606,30.344996491383014,30.75597667551365,31.171602347999997,31.59201031207057,32.0179049588169,32.44912911006155,32.884957999764026,33.32512966429529,33.770071977582816,34.21902524510227,34.67219612704994,35.12982330139898,35.59136537664929
Ashland,Ohio,40.843274,-82.270121,45.98511722863198,46.08058215051169,46.17223297213966,46.25728740775332,46.336415936028494,46.409578408541485,46.47654196443482,46.5375354497236,46.592623101885735,46.640901581387936,46.68171245408149,46.71448159750744,46.73892797269986,46.754638050894634,46.76168409925441,46.75971281165063,46.74905742,46.73041249203258,46.70535586079987,46.67414046137121,46.63738056462924,46.59520866037218,46.55201698615308,46.50774933417874,46.46286741132177,46.41770444949886,46.3735492131109
Ashland,Wisconsin,46.546291,-90.665154,38.55202812340785,38.800611938964074,39.04883250150895,39.29399335599669,39.53617833004527,39.77501718500852,40.00970657288058,40.23937328930723,40.46430374531665,40.68246512117223,40.892935313075945,41.094813174134245,41.287386169594086,41.46972521002261,41.640845320908234,41.80046707685766,41.948415837,42.0850688256163,42.211515801740596,42.327924420608916,42.43449726563143,42.53115749482494,42.624855814849,42.71457232301785,42.80115228114638,42.88500085605495,42.966991252097756
Ashley,Arkansas,33.190835,-91.772267,11.850937656553574,11.937799220477961,12.024157824737939,12.109446027660827,12.193891665675809,12.27720242034545,12.359219236049366,12.440582634069603,12.521550542439194,12.602419578396114,12.682695379877067,12.76276483893159,12.842099203091966,12.921016583598941,12.999525578053614,13.077548808046075,13.155271121999998,13.233014929956674,13.310814622320509,13.388816358310216,13.467222181551678,13.545542028782124,13.623629740782842,13.701064035099883,13.777827716531032,13.854002462286756,13.929007934292734
Ashtabula,Ohio,41.906644,-80.745641,88.15450129593451,88.33750969271034,88.51320637374317,88.67625763481205,88.82794879857921,88.9682028996157,89.09657353843411,89.213499417979,89.3191036829366,89.41165461115719,89.48988996960728,89.55270915265397,89.59957340229515,89.62968997461341,89.64319740738077,89.63941840482306,89.61899178,89.58324903483106,89.53521491067099,89.4753742897217,89.40490474304497,89.32406025655604,89.24126084817374,89.15639876629761,89.07035911335976,88.98378070241975,88.89913412374445
Asotin,Washington,46.181861,-117.227781,30.318531100377957,30.61280644622907,30.920225604053673,31.23972285936745,31.571964283723094,31.917783700027346,32.277151505100065,32.65060055618344,33.03899921322767,33.44234747623273,33.86046279225457,34.29335996288326,34.74054560178342,35.20200984122837,35.67712608057221,36.166145946846,36.66914344799999,37.188388161176796,37.72573028513392,38.28137704213222,38.85695167321497,39.453144919251635,40.05696098416933,40.668468942055,41.28830032741788,41.916593288431876,42.55358958440128
Assumption,Louisiana,29.899884,-91.050528,3.5277006618151137,3.541515846992484,3.554971749877815,3.5678559252897277,3.5801176050782577,3.5917575702918696,3.60272583382906,3.613227030386599,3.623280686176011,3.632876647567303,3.6419118161636286,3.65040259398267,3.6583411705398152,3.665783000275794,3.6727858807767158,3.679485714474787,3.6858926550000004,3.6922847556044553,3.6987768304119126,3.705540710083782,3.7124748583201406,3.7196636283547697,3.726547789489626,3.733114063900873,3.7393671378792797,3.7453671521563336,3.7510891131812896
Atascosa,Texas,28.894296,-98.528187,37.08015510991674,37.69634306035665,38.31562284977771,38.93562428898239,39.5561156555631,40.17705060503832,40.79785479686926,41.42343578061647,42.05725780627333,42.69887232546511,43.34780596241638,44.00375582283717,44.66656135620229,45.33660490448419,46.014348257338014,46.700365755302556,47.395336013999994,48.102291286649546,48.82417444782751,49.561722043757946,50.31562427618348,51.086736862852085,51.87101459259142,52.66832008711696,53.47943954745448,54.305515034041306,55.146198963266094
Atchison,Kansas,39.532544,-95.313398,17.527694995416724,17.6002128804849,17.672449316585716,17.743093007393952,17.812700454276897,17.88007549912325,17.94537805611902,18.008979126175724,18.07128808960954,18.131991514615887,18.190916693873895,18.247423970639556,18.301347034159424,18.352896971159023,18.401184658764183,18.446753805207305,18.489700358999993,18.5302226137329,18.568512466429212,18.604972900837666,18.639296881721133,18.67159315072609,18.70213676025247,18.73065905446778,18.75738391323243,18.78281026880675,18.806445585497837
Atchison,Missouri,40.431846,-95.437555,7.005188702659464,7.044197649523907,7.08330923221923,7.122064033216739,7.160469383647209,7.198462968899038,7.235921381604146,7.2729802476819065,7.309726318846514,7.345910336651553,7.381369794364796,7.416118132392672,7.449942747942643,7.482837531739066,7.51470229166132,7.545522365447849,7.5753576240000005,7.604392567442329,7.633071951041973,7.661216162094895,7.688999925884615,7.7164623417752765,7.7440787114122545,7.771781832763428,7.799770868214903,7.828066589303883,7.8567398636278805
Athens,Ohio,39.333848,-82.046008,63.67705494063343,63.809248255379444,63.936160064153206,64.0539376473349,64.16350943807969,64.26481984158784,64.35754640802104,64.44200602773765,64.51828765241719,64.58514039906625,64.64165251296957,64.68702898849135,64.72088066203364,64.74263490715943,64.75239179450823,64.74966208984254,64.73490722999999,64.70908900501556,64.6743922905177,64.6311673337446,64.58026473513183,64.5218679575184,64.46205907199239,64.40076024583418,64.33861081924044,64.27607222904876,64.21492906832974
Atkinson,Georgia,31.300562,-82.883614,9.674552504351572,9.82202936529903,9.969425896364017,10.116125868311109,10.262227217572368,10.407514263915399,10.551913279913819,10.695251501299841,10.83767748333558,10.979005256841056,11.11909947146635,11.25782367645219,11.395272507002584,11.531370034872461,11.666169079710565,11.799906229526922,11.932567179,12.064475448478388,12.19601838205292,12.327088139607405,12.457502053189906,12.58716658800577,12.71636014762028,12.844793324374654,12.972332968737676,13.098964775387808,13.224541289472288
Atlantic,New Jersey,39.469354,-74.633758,1176.789218317867,1185.0822255552034,1193.1009583612129,1200.7742734174922,1208.1483800032324,1215.2455019359923,1222.070246592582,1228.7341395940402,1235.2989739940663,1241.752824817384,1248.0813278892301,1254.2592781482283,1260.2591668445962,1266.0716437136289,1271.6675738725528,1277.0282567919583,1282.1564026935,1287.1151597417017,1291.9800076096124,1296.7218114144566,1301.3632015070416,1305.872061760774,1310.3807865034232,1314.8853104025097,1319.378993414983,1323.8534338537163,1328.3392572233945
Atoka,Oklahoma,34.374813,-96.034705,6.421514390149063,6.4474221448524505,6.473522147912296,6.499450042919692,6.525211322684829,6.5506631741429056,6.575838554155032,6.601099988193381,6.6266598649184205,6.652318612226781,6.67810369416938,6.704330031863468,6.730735801356914,6.757436351663594,6.784420697163137,6.811809679679602,6.839812025999999,6.86865477227862,6.898656501506161,6.929852001480459,6.962305354987002,6.995998252658501,7.029822977774431,7.063647702890359,7.097439471145182,7.13133377185678,7.164914982387863
Attala,Mississippi,33.09047,-89.588622,4.877512892668082,4.89851351100675,4.918944592576076,4.9385390095107855,4.957241320178472,4.975152327547156,4.992119147115333,5.008291303285577,5.023719197541896,5.0381961837998395,5.05172898225728,5.064356234051955,5.076138420964681,5.087094023539598,5.097132319105481,5.106495234785594,5.115434778,5.124003030282176,5.132394877370309,5.1406590406989405,5.148755199080866,5.156777435286237,5.164702228622517,5.1724338162700825,5.180197324857521,5.187833149685461,5.195401772534717
Audrain,Missouri,39.21448,-91.843415,31.914614252372875,32.09233330383789,32.2705199491237,32.44708114922291,32.62205030369413,32.795143516289016,32.965798561103995,33.13463332997369,33.30204305100854,33.46689213921517,33.62844023771063,33.78674857901907,33.940848575940265,34.09071239550868,34.23588357708971,34.376295321566104,34.512220391999996,34.64449934395024,34.77515841730695,34.90337932288376,35.02995808349464,35.15507283011894,35.280888967474446,35.40710033294041,35.534614281192894,35.66352544431471,35.794156684705904
Audubon,Iowa,41.679178,-94.904312,4.266554464747543,4.27952240920372,4.291943486620351,4.303456476926579,4.313928980733882,4.323362437166047,4.331628764205918,4.33870781412046,4.344697447327276,4.349495486037396,4.353018461071101,4.35533545037023,4.356311176298683,4.355984495198744,4.354257546652809,4.351200847726505,4.346867646,4.341229158997524,4.334463838068827,4.326610539556191,4.317672141707194,4.307616983798493,4.297263927265617,4.286592824375531,4.275577770900049,4.264400096436489,4.252858323654496
Auglaize,Ohio,40.561309,-84.224018,49.89544059461556,49.99902333237039,50.098467639606795,50.19075464016765,50.27661182657567,50.355995636404344,50.42865340757993,50.494833445933494,50.5546054513475,50.606989269225444,50.65127047577258,50.68682612828982,50.7133512897916,50.73039726728485,50.73804247313731,50.735903557995684,50.72434209,50.70411169912889,50.676924388744155,50.64305460213284,50.603168844420544,50.55741087161472,50.51054641317556,50.46251448170593,50.413816045110714,50.364812671529926,50.31690271485453
Augusta,Virginia,38.167807,-79.146682,75.4840619351131,76.41291533210341,77.34304352870616,78.270328719824,79.19598500032592,80.12035636375813,81.04331128317654,81.96646855173972,82.89085003262922,83.81614208467043,84.74026051167161,85.66313449143206,86.58275064996067,87.49913933962918,88.4109043513382,89.31837956117677,90.22136262,91.12354639970114,92.02724779798854,92.9317181230263,93.83720019378825,94.74294531843846,95.65705758022759,96.57900075392179,97.50994846456113,98.45130703870218,99.40420963155606
Aurora,South Dakota,43.724719,-98.577587,2.760969369257956,2.7722479709591816,2.783562491774107,2.7945285971861593,2.8050924085247924,2.81517849565124,2.824675509313037,2.8336301443579917,2.8419921140269264,2.8495746389286114,2.8565537227201667,2.86258813382146,2.8678359163327634,2.872131842331065,2.875705794144033,2.87853262839208,2.8804938119999997,2.8816791427520387,2.882135315496006,2.881970087572995,2.88127684867862,2.880156172331237,2.879075007008922,2.8780369446230445,2.876980922680318,2.8760793529264936,2.8751885589067796
Austin,Texas,29.891901,-96.27017,27.031030224373236,27.480224545779443,27.931672784212168,28.383647097496915,28.835978562516058,29.288633394646077,29.74119290587401,30.1972346465123,30.65928401716937,31.12701403095326,31.60007960206654,32.07825992386261,32.56143795675283,33.04989242388128,33.543959964889495,34.04405926779045,34.550685036,35.06604774917159,35.59229273089899,36.12995691537749,36.67954345217886,37.24167615024461,37.81340609457855,38.39463313790382,38.985930412226615,39.58813046719809,40.20097991814179
Autauga,Alabama,32.536382,-86.64449,23.121296777958154,23.192809159668876,23.265028519578333,23.336182289159268,23.407038922975516,23.477301285262406,23.54713843602396,23.616248116465087,23.68524509023685,23.753734883996483,23.82174311289611,23.889259530874877,23.956668365214714,24.02399010803731,24.091147913886285,24.15845941064803,24.226375425,24.295269938163255,24.365839682275674,24.43861232947109,24.51349054217142,24.591017361601786,24.667832079802988,24.744114002839936,24.819986083442828,24.895458567672534,24.97089519068926
Avery,North Carolina,36.072894,-81.920363,16.343876474598854,16.584827301482566,16.827798248877674,17.071701119791705,17.316867518912403,17.56334318481737,17.81102711148104,18.060132745598956,18.31138428131671,18.56480268214905,18.82039366541817,19.078265860245914,19.338716567386786,19.601938270021595,19.86826829016025,20.137355965374375,20.409485255999996,20.68474573341828,20.963598594953524,21.245940928806093,21.53129819723322,21.819498880568833,22.110823127600845,22.404773531297668,22.70148540161809,23.001115012035626,23.303307888573755
Avoyelles,Louisiana,31.085094,-91.993798,6.988198756260181,7.01556594784733,7.042221419164799,7.067744326922694,7.092034101952466,7.1150922914720995,7.136819873531029,7.157622219239374,7.177538009046575,7.196547129118925,7.214445346683382,7.231265153317478,7.246991076841437,7.261732969731667,7.275605326118501,7.288877361930044,7.301569191,7.314231622928381,7.327092098757892,7.340491006443595,7.354227207648406,7.368467801913903,7.382104981168151,7.39511244270553,7.4074994698339065,7.419385198337552,7.430720117241182
Baca,Colorado,37.303144,-102.535457,4.779516189111643,4.824495736242649,4.869494088405669,4.914207230916466,4.95881172213118,5.003245923333759,5.04764042502431,5.092226111207009,5.137278789018071,5.1827859217694865,5.228807058729303,5.275326529037506,5.322351645762104,5.369781070675015,5.417724499796327,5.466108802445982,5.514959051999999,5.564384944478466,5.6146215427815624,5.665620789605253,5.7173367170935006,5.769804845862333,5.823561119324168,5.878505243974927,5.934742736938694,5.992431351539591,6.051414379177495
Bacon,Georgia,31.563327,-82.387859,9.303557606971813,9.445379099066967,9.587123341729777,9.728197736575122,9.868696464417784,10.008412115822972,10.147273790626748,10.285115349639005,10.422079651399008,10.557987858179825,10.692709809979007,10.826114288582707,10.958292300171488,11.089170828158633,11.218800666691418,11.347409331221286,11.474983064999998,11.60183298217975,11.72833157317404,11.854375133265473,11.979787999361315,12.104480223492402,12.228719533143435,12.352227618715693,12.474876436629529,12.596652230136723,12.717413198909407
Bailey,Texas,34.067521,-102.830345,6.306786149457552,6.411590609411328,6.516920945462571,6.622374023472323,6.727910430885103,6.833522285189809,6.939111899552492,7.045513975594667,7.153317731020832,7.262446874384298,7.372820891464577,7.484388264421279,7.597121685983827,7.711086186868766,7.82636031066881,7.943041744217916,8.061245909999997,8.181488549455404,8.304270202038786,8.429716143372938,8.557943766569553,8.689098616565673,8.82249266274983,8.958102539106992,9.096061966807552,9.236565193446399,9.379553100190304
Baker,Florida,30.324442,-82.302284,54.30564939505385,55.3399348683176,56.39808217118458,57.476627387728264,58.57677783171137,59.699412124144445,60.845108637850984,62.017799043827864,63.220975702566676,64.4552138263837,65.72004249970132,67.0158125388223,68.34304858794721,69.70150728801917,71.09221580388864,72.51701355076477,73.97649154349999,75.47427488388963,77.01376111720838,78.59589839562581,80.22283586405989,81.89651091344395,83.59579871343787,85.3205349176656,87.0721322728599,88.85211098299948,90.66158038612285
Baker,Georgia,31.319622,-84.454857,36.608973288605334,37.16703284336865,37.724788425982325,38.27990819529823,38.83276274749883,39.38253593818233,39.928948779211346,40.471347522264,41.01029430761705,41.545085418924046,42.07520868393281,42.60014776638911,43.120260770469265,43.63526038003182,44.14534646717517,44.65141429234011,45.15340972349999,45.65255697725756,46.15032178233447,46.646296066529814,47.13978860550326,47.630445459080555,48.11932011978035,48.605317455063485,49.0879336206819,49.56711448460891,50.04230207056983
Baker,Oregon,44.703427,-117.691933,23.16372611524134,23.39459604354761,23.634046828352876,23.880666759376396,24.13424765814359,24.394952164087734,24.662617637775554,24.9366780939793,25.218577770866347,25.507653099548985,25.803377128263435,26.10638740358809,26.41568206661405,26.73119606156801,27.053697046574968,27.38186438943683,27.71631612,28.057884952162777,28.40790452927793,28.766674107902663,29.134746662110068,29.51201810266287,29.892978205562073,30.2767096844041,30.663596368251437,31.054093647517224,31.447427358499116
Baldwin,Alabama,30.659218,-87.746067,91.98128916295518,92.26578017243597,92.55308368706095,92.83614806349759,93.1180303725547,93.39754854685289,93.67537514197019,93.95030771005496,94.22479190775445,94.49725843872005,94.76780920531199,95.03640344658622,95.30456969794722,95.57238948128318,95.83955708951325,96.10733611190511,96.37752003,96.6515966182583,96.93233762088009,97.22184222648755,97.51972320611151,97.82814088979032,98.13372568785284,98.43719091682114,98.73902570802471,99.0392708224076,99.33937327348605
Baldwin,Georgia,33.059532,-83.255362,41.68911733442663,42.324617545664935,42.959771603229015,43.591924081672694,44.2214970039687,44.84756097121086,45.469798280711856,46.087464464980556,46.7011996712227,47.31020252997333,47.913889796000475,48.5116734822411,49.10396138617441,49.69042632145081,50.271295895965665,50.84758960341707,51.419245800000006,51.987658584073706,52.55449708020434,53.119296588938816,53.6812699663056,54.24001415665661,54.79672884327378,55.35016692456364,55.899754638956594,56.445430342647605,56.98655863026209
Ballard,Kentucky,37.05112,-89.009178,2.859989848624883,2.875451575311139,2.8905652111299327,2.9051235591363467,2.9191694400323307,2.9327090697262315,2.945730707057838,2.9583344972171925,2.970604009638747,2.9824971142770336,2.9940172644144685,3.0051762012112633,3.0159663274461033,3.0263924777143716,3.0364988540309836,3.046279931144074,3.0557619539999994,3.0650243480943122,3.0741665679605727,3.0831575340570425,3.0920186567346972,3.100814167046462,3.1096690738157697,3.1185833770426203,3.127584702986337,3.136694461997893,3.145938899023646
Baltimore,Maryland,39.443167,-76.616569,4505.183688066547,4554.855904813756,4604.520801992711,4654.033614809043,4703.509016498737,4752.9819783323455,4802.425661892937,4851.874225165697,4901.400050547813,4950.867319383891,5000.184943713429,5049.1943328909065,5097.710057853871,5145.648350210076,5192.8042620483875,5239.094024976559,5284.424111177999,5328.912447030149,5372.724129461419,5415.846959191383,5458.263043942087,5500.0309402595685,5541.865525976704,5583.779000373917,5625.864891267797,5668.275283020969,5711.0939440256825
Bamberg,South Carolina,33.203021,-81.053161,7.6517130663497,7.729194443332821,7.80629294413253,7.8827934287981485,7.9584552323001025,8.03336769241452,8.107319315630567,8.180404909384139,8.252742982970094,8.32409469457878,8.394432695911387,8.46363665445313,8.53165005038645,8.598673437902663,8.66452996466943,8.729164934089123,8.792618456999998,8.8550673857344,8.916739622782451,8.977622405604707,9.037715734201164,9.097046956870642,9.155953369298523,9.214345633708676,9.272309441437399,9.329859378244048,9.386973565489578
Bandera,Texas,29.755748,-99.260682,18.399974067911,18.70573984142098,19.01303985223138,19.320697961255384,19.62859918282806,19.936720519816426,20.244776972036735,20.55520377160664,20.869719954216617,21.188102940472433,21.510117831087197,21.835614323370333,22.164512748682597,22.497002833371077,22.833313727439428,23.173730431071416,23.518589687999995,23.869396167783194,24.227610188365425,24.593597239895885,24.96769981539077,25.350342540484103,25.73951809399694,26.135158305856507,26.53765330599735,26.947569809482243,27.364735337813823
Banks,Georgia,34.351922,-83.498441,11.715980612356182,11.89457657768423,12.073075262714793,12.25073040763155,12.42766061444102,12.603604692207488,12.778473356274366,12.952057387371712,13.124536687419537,13.295686045866125,13.465341552073252,13.633337962795878,13.799789882220072,13.964605360475613,14.127848362689615,14.289805399327275,14.450459146500002,14.610201390611355,14.769501209260177,14.928228006978609,15.086160571035379,15.243185629851222,15.399640332950314,15.555174204740327,15.709625999796675,15.86297839423076,16.01505281872939
Banner,Nebraska,41.53975,-103.726263,0.44570162478148984,0.4470848847107387,0.4484622497023607,0.44978245942916467,0.4510470517009663,0.4522526945964984,0.4533968250994013,0.45448790116366156,0.4555366874579892,0.4565454906971078,0.4574994453861321,0.4583975263185184,0.4592433217171698,0.46002734842155585,0.46075011903494884,0.4614121461606205,0.46202932050000006,0.4626011294498156,0.4631426948065883,0.4636540165703186,0.4641497039342553,0.4646202737378686,0.46507879736459207,0.46549169930011547,0.46587025681642086,0.46622062115277135,0.46653228394209256
Bannock,Idaho,42.692939,-112.228986,51.01726475470008,51.79765686872514,52.59303174563563,53.39691035283244,54.20977125522347,55.02988425660327,55.85555597345163,56.68616059011975,57.516065765768644,58.34803245178998,59.178563443087654,60.006333482993675,60.83255739012034,61.65627803465193,62.47491852862284,63.28980412870108,64.103143596,64.9176242565408,65.73151591411806,66.5498987192924,67.37074797437664,68.20017458511767,69.03799448808934,69.88531206384832,70.7460294570282,71.61926316318359,72.50714831805743
Baraga,Michigan,46.696068,-88.356022,12.319046453449817,12.377924966329331,12.43552293157939,12.49112367907782,12.54479875457286,12.596567560301315,12.646236073895091,12.693270733841908,12.737770976605423,12.779388774562852,12.817854921678459,12.852917188873713,12.884388829619317,12.91200912635814,12.935660453029517,12.955154850464355,12.970386819,12.981731064334841,12.989487108499635,12.993713158204809,12.994477121279203,12.991895411143675,12.988531548336743,12.98447163028425,12.979647749157365,12.974124174865523,12.968178601923062
Barber,Kansas,37.222906,-98.685052,5.095754164377435,5.116836988726252,5.1378379885825805,5.158375936197324,5.178612620907902,5.198200288621238,5.217185430526245,5.235675906181207,5.25379073302974,5.271438788341575,5.288569861632684,5.304997988147411,5.320674817049284,5.335661716707668,5.349700196112205,5.362948325305198,5.375433999,5.387214866270861,5.39834671654448,5.40894670761692,5.418925576405467,5.428314936918581,5.4371947540011965,5.445486922455936,5.453256529947278,5.460648628984638,5.4675200267061586
Barbour,Alabama,31.87067,-85.405456,10.532938998399171,10.56551656363796,10.598416193781322,10.630830392764164,10.663109231134944,10.695117348281585,10.726931759724751,10.758414771048718,10.789846438692248,10.821047059773795,10.85202830331165,10.882785501698496,10.91349369020856,10.944162204056465,10.974756036187365,11.00541988242796,11.036359117499998,11.0677441090704,11.099892254436423,11.133043935374669,11.167154809615667,11.202472260346996,11.237465312370087,11.272215648812924,11.306779280963255,11.341160876428392,11.37552613526793
Barbour,West Virginia,39.139754,-79.996914,4.401136994445876,4.411204089419439,4.419762696541025,4.42653634054516,4.431428012566764,4.434609903341353,4.436072311982417,4.435970452674083,4.434335853297505,4.431243695723114,4.426657601626509,4.4205921223374505,4.412853240125781,4.4037707851327665,4.393184692731032,4.381272004099342,4.368095775,4.35341105804868,4.33766166880312,4.32086943425796,4.303058606629473,4.283996364641469,4.263867025137595,4.242352884084721,4.219774070737605,4.196023875344661,4.171281764306286
Barnes,North Dakota,46.94255,-98.070195,11.811170436542408,11.81862835727369,11.826272261065604,11.8321121291694,11.83692909043973,11.839904819409819,11.84010940077651,11.838416954924776,11.835050661527363,11.830122110420657,11.822180633731731,11.812397924742573,11.799937059680326,11.784500465647993,11.765790569748567,11.744272329633619,11.719015829999998,11.69016985729621,11.658534138682962,11.623532126672307,11.586186728097703,11.545400642901434,11.50095069141075,11.45173957356792,11.398511221615474,11.341953772877739,11.281100115439447
Barnstable,Massachusetts,41.798819,-70.211083,389.440092770701,391.2558471538154,392.99723801329003,394.6404378116869,396.199430972742,397.6803994520117,399.09270621131054,400.4594585602439,401.7969216440149,403.1058156904552,404.3877011932006,405.6431183231251,406.87014647267694,408.0700460405619,409.2416766660462,410.37363474179205,411.4629193185,412.51817313015226,413.55115989800277,414.5580384069483,415.5268648787769,416.44989686429636,417.3611651285618,418.2598294057698,419.14564961997615,420.00710212587114,420.853669923241
Barnwell,South Carolina,33.26068,-81.433753,12.200409458746375,12.323951012961048,12.44688208346193,12.568859636543172,12.68949993958467,12.808945438786322,12.92685891457288,13.043391534340142,13.158732257332854,13.272500257996228,13.384651930350696,13.494995408086217,13.603440572178364,13.710307199810567,13.815313305648345,13.918371677732598,14.019546271499998,14.119119072285018,14.21745346325063,14.314529094939703,14.41034596735224,14.504947686467801,14.598872059367576,14.69197663985169,14.784398059989416,14.876159576303182,14.967226304009346
Barren,Kentucky,36.963614,-85.92499,20.87629569055915,20.989157482129524,21.099478408780463,21.205746050917057,21.308272975255587,21.407104554383906,21.50215508452496,21.594155568482957,21.683716015494518,21.770528900242,21.854619429718653,21.936073307701523,22.01483507880546,22.090940032821024,22.16471081926178,22.236107106938547,22.305320468999998,22.372930666290845,22.439663660216656,22.50529258783818,22.56997373251357,22.63417594431724,22.698811716404776,22.76388104877619,22.829585597377463,22.89608164556674,22.963560766492698
Barron,Wisconsin,45.437192,-91.852892,101.27167121428658,101.92467183873151,102.57671823997929,103.22072714583551,103.85691876165343,104.48432051378977,105.10082210094312,105.70412971735104,106.29499573130359,106.86808016298589,107.42096075351282,107.95127029533758,108.457137042958,108.93612038704292,109.38563291469228,109.80494060806214,110.193584706,110.55255613259524,110.88471755743933,111.1905093912387,111.47046379693019,111.7243789196067,111.97051345313713,112.20618823239093,112.43362366134609,112.65388406587645,112.86926325174437
Barrow,Georgia,33.992009,-83.712303,81.9535377691217,83.20282040915002,84.45142257139354,85.6941241522974,86.93175477546231,88.16248740464407,89.38569749173881,90.5999215434285,91.80641797753434,93.00361144137645,94.19035537649542,95.36549390281843,96.5298286791057,97.68271651402632,98.82460484502789,99.9574978190109,101.081274255,102.19867470736139,103.31298038404388,104.42327776692534,105.52801946816632,106.62641315062015,107.72081718249989,108.80877997945755,109.88917362626074,110.96187694193407,112.0256408302698
Barry,Michigan,42.582811,-85.31455,78.76559148746095,79.14204926853853,79.51031947667015,79.86581986222411,80.20900787482529,80.54000756860916,80.85757840222033,81.15830888693128,81.4428348001867,81.70893092093024,81.95487599803124,82.17905732772759,82.3802808889647,82.55687970429616,82.70810169552524,82.83274508821387,82.930135338,83.00266824037634,83.05225888106034,83.0792794224587,83.08416405404579,83.06765710063485,83.04614921488478,83.02019088702204,82.98934792757221,82.9540312658593,82.9160164266983
Barry,Missouri,36.699378,-93.834326,52.12751646991433,52.41779266466957,52.70883260058748,52.99721762674942,53.2830022960956,53.56572290863442,53.84446115653929,54.12022626920377,54.393663789753454,54.66291891822183,54.926782397768015,55.18535424211568,55.43705241599933,55.68183145863543,55.918945813174744,56.14828637373685,56.370298655999996,56.58635557562565,56.79976667765205,57.0091954150445,57.21594196621095,57.42029728016567,57.62579820586441,57.83194467468873,58.0402187081805,58.250774873003564,58.464140514246466
Bartholomew,Indiana,39.205843,-85.897999,125.24973689386756,125.86251343622595,126.46727456254399,127.05652847692475,127.63047657173102,128.1894007962708,128.732797669637,129.26163387517119,129.77957475387672,130.2860765463739,130.77976978459563,131.2601107091623,131.72905282599322,132.18375650277264,132.62464466346245,133.05095201708397,133.462879956,133.8625028215476,134.25217690437177,134.6326876346876,135.00294749373575,135.36229188671896,135.7214751658119,136.07906744523862,136.43670000313782,136.7935874092946,137.15037411926997
Barton,Kansas,38.481239,-98.767837,29.71703410340426,29.839983325434957,29.96245536957297,30.082227020636473,30.200241789458744,30.31447166999586,30.425187786050493,30.533019144844815,30.63865982331363,30.741578418803737,30.841482117608248,30.937286424516532,31.028709370773807,31.11610883979959,31.197977383251107,31.27523682205737,31.348049830499992,31.41675260209428,31.481670485403438,31.54348671241013,31.601680725413278,31.65643688859869,31.70822153490693,31.756579176349543,31.801889386250245,31.84499807087333,31.885070168906633
Barton,Missouri,37.500799,-94.344089,15.7445609278014,15.832235759516275,15.920141271111625,16.00724489550342,16.093563109825975,16.178955858437575,16.263145776243846,16.34643769022969,16.429026579817897,16.510352222441597,16.59004937495671,16.668148245442815,16.74417099700464,16.818103898696922,16.889721763017295,16.95899163569711,17.02604808,17.09130577047299,17.15576431993147,17.219020038584617,17.28146563146705,17.343188976628472,17.405258341610597,17.46752268601552,17.530429638658905,17.594025884754657,17.658470703267877
Bartow,Georgia,34.240918,-84.838188,99.28320663538656,100.79665913386636,102.30928726260737,103.81476708936704,105.31410366766252,106.80508362120891,108.2869503366843,109.75793085451355,111.21954969407656,112.66989838296448,114.10758791463103,115.5312179897941,116.94175978376225,118.33843409774138,119.72178298306649,121.09423437800935,122.45564147699999,123.80932434446581,125.15925802353065,126.5043358260521,127.8426831578297,129.1733401362909,130.49916382368096,131.81718423039314,133.1260349353536,134.42556913299242,135.7142735966659
Bastrop,Texas,30.103128,-97.311859,71.86755285125282,73.06182833265991,74.26209631600577,75.46376297753434,76.66637920039794,77.86985516122706,79.07307769183502,80.28555844545971,81.51401171897365,82.75756815047883,84.01531025841508,85.28665098290298,86.57127915012657,87.86993580288456,89.18351596689475,90.51313281034383,91.860101604,93.23029936261254,94.6294298701468,96.05892067658277,97.52010950853101,99.01465489035037,100.53471652507177,102.08002815056398,103.65211355613168,105.2531862462382,106.8825725456122
Bates,Missouri,38.257217,-94.339246,24.053071766939564,24.187013197828787,24.321307039925006,24.45437583353975,24.586244750902086,24.716699828064915,24.845317332505516,24.97256295046173,25.098734553310894,25.22297628526458,25.3447301619117,25.464042332338895,25.58018280190308,25.693130593746705,25.802541687405792,25.908365738422194,26.01080832,26.110502933237505,26.20897669336505,26.30561288077036,26.40101143357967,26.49530660368135,26.590130390593526,26.685252048883044,26.781355424106355,26.878511837579154,26.97696462084913
Bath,Kentucky,38.152249,-83.737641,6.421477029197835,6.456192929604008,6.490127268666335,6.52281483129919,6.554351761953602,6.584752017082142,6.613989234496625,6.642288268155097,6.669836754808764,6.69654010072355,6.722406059484213,6.74746099327894,6.771687844221256,6.7950974673298274,6.817789108489586,6.839750361964918,6.8610401549999995,6.881836820044318,6.902363660338977,6.92255089362113,6.9424465921162914,6.962194972501007,6.982076714543601,7.002091818244072,7.022302312280507,7.042756268878419,7.063512615281983
Bath,Virginia,38.068988,-79.732898,7.404803405049304,7.495921670554648,7.587164990810212,7.678129419122822,7.768934055254591,7.85961264413812,7.9501522832991816,8.040711772420593,8.13139135380214,8.222160260005273,8.312814036438363,8.40334573561528,8.493557850430522,8.583453358378133,8.672895294731685,8.761916411925759,8.85049686,8.938998900730846,9.027649816164342,9.116376161447175,9.205201756531775,9.29405315656483,9.383725352458471,9.47416574181777,9.565489454412766,9.65783444746791,9.751311880761179
Baxter,Arkansas,36.28071,-92.330438,23.241361468082744,23.411709255182384,23.58107066738889,23.748332871489502,23.91394268688024,24.077326835845454,24.238173387863377,24.397738495575684,24.55652799226091,24.71512358618937,24.87255576357721,25.02958327434223,25.185169160263435,25.339937282384348,25.493904501814256,25.646919068569606,25.799343496499997,25.951810077203604,26.10438625511755,26.257358669099684,26.411123555218186,26.564719830243842,26.71786085531883,26.869720436088187,27.02026485033338,27.169654278592592,27.31675059598913
Bay,Florida,30.237563,-85.631348,355.2144520176418,361.97973614015626,368.9011010170869,375.95588909785903,383.15199744845756,390.49517314831667,397.989199346848,405.6597931908719,413.52979828749176,421.6029771131717,429.8762493987184,438.35190984131617,447.0333901502674,455.91909850860645,465.01575362430486,474.3353871528687,483.8818649355,493.6788988431016,503.74871229434854,514.0975071735221,524.739341084994,535.6868865456455,546.8019655736865,558.0835031758413,569.5407401596893,581.1836202130283,593.019399540468
Bay,Michigan,43.699711,-83.978701,156.4455311409278,157.1932578627184,157.9247222906051,158.63082308396548,159.31246883687191,159.96990594771677,160.60067043257527,161.19798633565412,161.76311644871487,162.29164100059222,162.78014121359053,163.22541390860744,163.6250875011154,163.97585101271534,164.2762106531529,164.5237794380008,164.717217576,164.86128363610527,164.95978139350058,165.0134500433634,165.02315198006744,164.99036559396757,164.94764627267074,164.89608740904356,164.8348266087123,164.76468006635216,164.68917435895543
Bayfield,Wisconsin,46.634199,-91.177282,28.38389131192629,28.566910892117136,28.749663027649568,28.930162456251445,29.108470895920874,29.28431575883292,29.45710558083916,29.626197466126055,29.791802284520468,29.952423374568536,30.107381838291175,30.25601420720885,30.39779587833773,30.532042810532236,30.65802981731473,30.775551172024887,30.884478295499996,30.985088918731506,31.07818537569469,31.16389110238572,31.242355250633345,31.31352124560597,31.38250653797916,31.448560225442723,31.512304631144154,31.574038058740914,31.63440340404652
Baylor,Texas,33.618172,-99.197228,3.0916453372762884,3.1430214601165596,3.194655372319937,3.24634945377509,3.2980843840800707,3.3498562991544913,3.401617312002099,3.453776601135535,3.506623006563892,3.5601191295091152,3.6142255011500897,3.6689168669614105,3.7241798406645907,3.7800463009228378,3.836554750537175,3.893753076503854,3.95169786,4.010641922285363,4.070830632464658,4.1323254018155,4.195183777535108,4.259477107107817,4.324868111516796,4.391345336523751,4.458974333492426,4.52785032440384,4.597944328655072
Beadle,South Dakota,44.418265,-98.279422,18.92088343641516,18.99817553189828,19.075713780551734,19.150864343452994,19.223257990846584,19.292377801074807,19.357460699309634,19.418826684672513,19.476131142724967,19.528094076981294,19.575921637976105,19.61727537059128,19.653238348776263,19.68267826794754,19.70717050839522,19.726542762900063,19.739982725999997,19.748105780620833,19.751231925884003,19.750099621300492,19.745348865113154,19.73766888619891,19.730259675772025,19.72314584914953,19.715908945941877,19.70973050136663,19.70362590274249
Bear Lake,Idaho,42.285833,-111.327445,3.376044838964552,3.4276869405470403,3.4803205198098004,3.53351682964785,3.587307538881443,3.641578152545044,3.696216611736216,3.7511815033823157,3.806100109829585,3.8611551358102556,3.916115155330164,3.9708924701178345,4.025567470255454,4.080076818102511,4.134249989242253,4.188174681946152,4.24199706,4.295894956009838,4.349753875010132,4.403909993708199,4.458229328633731,4.513116266260744,4.568558626273758,4.624629490565664,4.681587081824694,4.73937293453653,4.798128340360769
Beaufort,North Carolina,35.482313,-76.842014,42.48640728963356,43.112766341212634,43.744376757910295,44.378409738327754,45.01572729900336,45.65644833876996,46.300310289371666,46.94786801202852,47.60100407159435,48.25977296336762,48.92418954970236,49.5945362153267,50.271585802654286,50.955838677606806,51.64817171907672,52.34767336934531,53.055081791999996,53.770629830588504,54.49551638167565,55.22947392288745,55.97126887883285,56.72045537888856,57.47776167840595,58.24189475257752,59.01320634378382,59.792102689703874,60.577662324382906
Beaufort,South Carolina,32.358147,-80.68932,92.07034549372567,93.00265138213356,93.93035025742135,94.85085341697867,95.76126502398718,96.66266004817486,97.55249366324682,98.43190665340423,99.30232499889853,100.16087480106913,101.00722698755027,101.83993363993274,102.65831467532747,103.46478329108302,104.25721148590105,105.03494111505013,105.798454818,106.54988059604898,107.29196071891143,108.02454161948337,108.74762329776478,109.46153482612135,110.1703347637304,110.87294814086384,111.57040605093428,112.26288399920348,112.95011872777881
Beauregard,Louisiana,30.645018,-93.340253,6.8652545244824275,6.892140241735064,6.918326760099405,6.9434006402328015,6.967263082292344,6.989915606275612,7.011260932337281,7.031697299844162,7.0512627087358375,7.069937399043726,7.087520731086836,7.104044624814415,7.119493880250632,7.1339764172239,7.147604715555375,7.1606432548245476,7.173111795,7.185551455221369,7.198185675133398,7.211348854204397,7.2248433927485465,7.2388334505048375,7.252230709203659,7.265009328886094,7.2771784295376465,7.288855050972221,7.299990553267158
Beaver,Oklahoma,36.748334,-100.483056,2.646076835285043,2.656752496104249,2.667507375607979,2.6781913355274685,2.688806639253704,2.6992944386210387,2.7096683139753903,2.7200776491218632,2.7306099618452637,2.741183015606419,2.7518081273602624,2.76261506485668,2.773495939791987,2.784498283376897,2.795617568829438,2.8069035907513116,2.818442358,2.830327424069608,2.8426900656373473,2.8555446175127983,2.868917485924136,2.8828011262347393,2.8967390879290154,2.9106770496232914,2.9246014309716504,2.938568062285088,2.9524056803123004
Beaver,Pennsylvania,40.68414,-80.350721,458.7214944517321,460.01986026893985,461.2874263153863,462.5012778577763,463.66678264462007,464.7903449551746,465.8645609983912,466.89713071696036,467.8909415893911,468.8362206114994,469.723787082385,470.545644907716,471.2926874245025,471.95380894617205,472.5259368994394,473.0013343226591,473.37448539149995,473.6552741670116,473.8506602127797,473.95894065686304,473.9806707835901,473.9146289674382,473.7882832731966,473.599671696238,473.34760962999417,473.0331706241674,472.66483201950797
Beaver,Utah,38.357535,-113.238948,3.865915282998517,3.9216010914545585,3.9781464740618078,4.035155702343105,4.092536331531245,4.15037918455541,4.208690748767686,4.26767699759676,4.327581206745803,4.3885120393622294,4.4504922011783385,4.513640086369673,4.577991375372696,4.643627160088467,4.710675565720657,4.7792987760713785,4.8494481359999995,4.92157938199046,4.99578982432403,5.0720502699163275,5.150647784097097,5.231530468049658,5.3136733201446535,5.396865501439327,5.481210809567037,5.566532464183477,5.6527007182469555
Beaverhead,Montana,45.133863,-112.892869,5.436490732921165,5.479161012195783,5.521702094368275,5.564131597225296,5.606290960686965,5.647622288175921,5.688184305647677,5.727325154996057,5.765320848211963,5.801642851695792,5.83646147071853,5.869594654818089,5.900772264599115,5.930176350523698,5.957642479916401,5.982929876359631,6.0061090109999995,6.027127030477547,6.046048533343335,6.0632669834992905,6.078641438652188,6.092154281015372,6.104034541815336,6.114070807612244,6.122832720174552,6.1300912482757655,6.13626334620002
Becker,Minnesota,46.937629,-95.741757,64.1862186485719,64.78887904988386,65.39896393687103,66.01152782582062,66.62739705072006,67.24650901050968,67.86751152230093,68.49034198503418,69.11384853921169,69.73543950096372,70.35445129905791,70.96720299118647,71.57279312209033,72.16820432069404,72.75258521258633,73.32325647241385,73.87887843749999,74.42260620125141,74.955015693417,75.47539326191658,75.98441499819452,76.48330788302006,76.97958404355194,77.47353144466462,77.96616422352452,78.45982365976275,78.95408406617372
Beckham,Oklahoma,35.273945,-99.671638,11.566493451108855,11.613158747938115,11.660170324355157,11.706871898093612,11.753273362855992,11.799117482377092,11.844463618871956,11.889964756706114,11.936003452376532,11.982220234692099,12.028664572165347,12.075903703740073,12.12346602959672,12.171559317487965,12.22016378000879,12.269497078614364,12.319935173999998,12.37188700586935,12.425926408967884,12.482116043411484,12.54057133572941,12.601259306913304,12.662184726957383,12.723110147001467,12.783976204830498,12.845026945106348,12.905513744339244
Bedford,Pennsylvania,39.997115,-78.48998,137.46588424577908,137.85496783417793,138.2348216006184,138.59857864631164,138.94784753397875,139.28454744534912,139.60645967322128,139.91589167308467,140.213708740748,140.4969821827052,140.76296080202638,141.00924839493385,141.23311595156966,141.43123541113158,141.60268601013095,141.74514919954214,141.8569720425,141.94111651311854,141.99966819616733,142.03211678898992,142.03862869462645,142.01883782638868,141.9809755879943,141.92445402203498,141.84891813535836,141.7546896405088,141.644308957232
Bedford,Tennessee,35.51366,-86.458294,19.479923411939197,19.653188442680904,19.827540683404255,20.002100482396838,20.177105049109176,20.35246213542163,20.528013601700493,20.704500727478713,20.882312272689127,21.061095717731618,21.240666566366873,21.421387221922117,21.60282938955608,21.78528958108196,21.968665664652974,22.153408997140307,22.339430625,22.527191788830326,22.71718338041088,22.90976450849317,23.105093312710896,23.30294576191632,23.502534452516677,23.70362546963712,23.90611997600661,24.110212351591542,24.31605744144992
Bedford,Virginia,37.312408,-79.527947,91.2651886671534,92.38823343113705,93.51281951158089,94.63396821166509,95.75314745182791,96.8707731428602,97.98668626004785,99.10284403064185,100.22048195434446,101.3392208183758,102.45654069265012,103.57235594847519,104.68423228445752,105.79220639860806,106.89459018242279,107.99178731402222,109.08355313999999,110.17435258502255,111.26698693059296,112.36055095910764,113.45533825465422,114.5504435996291,115.65566536295786,116.77035521311358,117.89593213985326,119.03409648435131,120.1862183056834
Bee,Texas,28.416077,-97.742586,27.152822313417456,27.604040542693124,28.057522844333864,28.511533591130483,28.965903098858604,29.420597430673375,29.87519601210439,30.333292512617632,30.797423711367333,31.267261148176342,31.74245818241488,32.22279301256109,32.7081480716881,33.19880333876612,33.69509697021368,34.1974495405012,34.706357982,35.224042733988895,35.7526587861173,36.29274549181265,36.84480826765752,37.409473733251886,37.983779686850426,38.56762552994869,39.161586976879356,39.766500328462485,40.38211105836154
Belknap,New Hampshire,43.519109,-71.425366,76.3421239064905,77.1690307433474,77.99928300498256,78.82753975008332,79.65726378675348,80.48892464829527,81.32082027648816,82.15864376262148,82.99629117376645,83.83335166828367,84.66565813811597,85.49491264148394,86.31982396180643,87.13352517453865,87.93689665462219,88.72230848589616,89.49017151,90.2444180683397,90.98270049440421,91.70396233826355,92.41242939963765,93.10540186203876,93.80130890757871,94.49891801133916,95.20292450634224,95.91332839258797,96.6341207031451
Bell,Kentucky,36.72268,-83.681046,13.765038423556168,13.839455212844136,13.912196652071747,13.982265509060223,14.04986787845984,14.115033677235976,14.177706395565155,14.238368029000455,14.297420794520656,14.354661921582732,14.410108030723006,14.463815631764932,14.515748159528629,14.565928882764933,14.614570544338651,14.66164655139168,14.707283219999999,14.75186282249881,14.795864030333927,14.839137258678536,14.881785554857773,14.924118060847064,14.966736440060936,15.009640692499396,15.052963782452943,15.096808757246716,15.141301932956699
Bell,Texas,31.04211,-97.481921,305.2263056175557,310.29847349606945,315.39609193127546,320.499650646309,325.6072422118676,330.71848514209086,335.82865173720785,340.97813862494456,346.19546187337227,351.47692924434125,356.81864413227663,362.21811325459026,367.67401503526537,373.189496732651,378.7683595808569,384.41533127965425,390.1359978719999,395.95531943276575,401.8975203140921,407.9686634162621,414.17443015369753,420.52186439032266,426.9776678603151,433.54070973058845,440.2174616362759,447.0173244789395,453.93743711462537
Belmont,Ohio,40.017682,-80.967727,59.21703755515056,59.33997189140643,59.45799464470987,59.567522944549225,59.6694201955067,59.76363469670911,59.84986658309196,59.928410549632424,59.99934931772757,60.06151961773081,60.1140735553219,60.15627180801432,60.187752469695795,60.207983021372506,60.21705652461623,60.21451801174291,60.2007966,60.176786714493545,60.14452019953969,60.104322770639484,60.05698545115261,60.002678853960596,59.94705905458974,59.89005367181753,59.832257265685634,59.77409895344145,59.717238333114175
Beltrami,Minnesota,47.878825,-94.986698,92.75130266233545,93.6221677555221,94.50376148691923,95.38893746176602,96.27888976121241,97.17352792456524,98.07089800085188,98.97090952937921,99.87189803339288,100.77011844019538,101.66461186643913,102.55005922336544,103.42515787699264,104.28554762190976,105.1299981926896,105.95463787166432,106.75753080000001,107.54323619663262,108.31258629993935,109.06454985801805,109.80010384635493,110.5210212945363,111.23815748574297,111.95192853916356,112.66379991802751,113.3771548522595,114.09137820914596
Ben Hill,Georgia,31.740776,-83.14719,22.293159877343047,22.63299215773344,22.972639333240473,23.310681421197224,23.64734409742042,23.982130367976623,24.314870342082497,24.64516591745462,24.973359411343054,25.299022293264407,25.621842674168605,25.94150612932228,26.258230727492123,26.571841506528116,26.882460179230264,27.19063191751534,27.496323757499997,27.800281190084362,28.103396775801926,28.405422017685968,28.705935992303086,29.004723166569928,29.302425068369914,29.59837481298626,29.892265582735618,30.184064413734607,30.47343152441653
Benewah,Idaho,47.218451,-116.633541,5.499862952373047,5.583992309305206,5.669736867344556,5.756398161147447,5.844027781904038,5.932439207619147,6.021449884850683,6.110992348196138,6.200459409032901,6.290148708842644,6.379683235081919,6.468920119839525,6.557990325367395,6.6467906692852186,6.735043352876772,6.822891244053254,6.910572456,6.998376693092504,7.086117433335584,7.1743423370555135,7.262833133832401,7.352248603479009,7.4425689032298905,7.533913089677716,7.626701829449913,7.720839877272342,7.816557409224167
Bennett,South Dakota,43.184826,-101.676426,3.509123200610168,3.5234580220467615,3.5378384957809232,3.5517761422286678,3.565202482943642,3.578021648100953,3.5900921155781345,3.6014732333620283,3.6121010882360376,3.621738288252804,3.6306085296704156,3.638278115661969,3.6449479163367657,3.65040793112599,3.654950334734083,3.6585431705527456,3.6610357859999993,3.6625423118197693,3.6631220959988924,3.662912095430076,3.6620310060869987,3.6606066544028537,3.659232520246033,3.6579131688462962,3.656570991297775,3.655425118628798,3.654292941649093
Bennington,Vermont,43.035325,-73.11146,96.59808590436354,97.26183136316612,97.92619339926438,98.58824327050384,99.25430089416523,99.91958779620703,100.5810210901508,101.2369051884334,101.88461963754824,102.52339371587566,103.1541522893592,103.76518038938092,104.35956090241916,104.93051147822146,105.46893760167652,105.98223820033249,106.4653265115,106.91280748384182,107.33362148814537,107.72499392658004,108.08122145916079,108.40785328154878,108.71120931102475,108.98651107354712,109.24917300150805,109.4928751776267,109.73025743646456
Benson,North Dakota,48.071738,-99.361987,7.307235959811653,7.311849963719718,7.316579030069383,7.320191990735551,7.3231721079729315,7.325013107038493,7.325139675724252,7.324092607505713,7.322009977312795,7.318960822610456,7.3140476563542345,7.307995371926196,7.300286188339151,7.290736005686544,7.279160724061816,7.265847999568964,7.250222519999999,7.2323763353081985,7.212804213992432,7.1911494624837475,7.168044924210933,7.142811730768561,7.115311807226714,7.084866285179967,7.05193541439471,7.016944925904855,6.979296495014092
Bent,Colorado,37.931891,-103.077584,7.492720289753878,7.563233528349074,7.63377624709233,7.70387185025663,7.773797123676563,7.843455437977924,7.913051516411152,7.982947309683023,8.053575193298464,8.124915513825432,8.197061625066127,8.269988960230496,8.343708983820568,8.418062830593996,8.493222468081154,8.569073251261793,8.645654486999996,8.723138142826139,8.801892720591004,8.881842882138432,8.962916564884273,9.045169453552639,9.129441732363334,9.215576173860024,9.303738194429059,9.394175099756975,9.486641221943241
Benton,Arkansas,36.337825,-94.256187,146.28494018972214,147.35713709529256,148.42312559554028,149.47590133574207,150.5182766704459,151.54664329570357,152.5590378696607,153.56336682302762,154.5628139534057,155.5610406280366,156.55194456818418,157.54030147025065,158.51958454915308,159.49372048859988,160.46281541517777,161.4259141896064,162.3852985335,163.34494819386035,164.30528767703436,165.26812113499616,166.2359425425335,167.2027026842037,168.1665974080326,169.12242651127127,170.06997774074625,171.01025929903133,171.9361076415233
Benton,Indiana,40.608253,-87.315479,14.555155887754543,14.626366082039764,14.696644812252762,14.765121463733069,14.83181944010059,14.896771506423192,14.959919153651102,15.021374719159889,15.081564148831802,15.140424252893105,15.197795886728445,15.253615860564079,15.308111189513085,15.3609518825348,15.412187087231027,15.461727869846126,15.509597633999999,15.556037436977673,15.601321101132031,15.645539900580713,15.688567455776218,15.730326534772878,15.772066890873605,15.81362235837709,15.85518250660455,15.89665606143836,15.938117914462222
Benton,Iowa,42.092547,-92.05763,20.33585388757206,20.397663534176107,20.456866625935017,20.51174146478003,20.561656990064424,20.606620061143055,20.646020195433767,20.6797613619686,20.708309996877713,20.731179085966374,20.747970786652942,20.7590143479705,20.763664990562617,20.762107917010393,20.753876691183642,20.73930742147029,20.718653904,20.69177895167565,20.659533124499355,20.6221016250522,20.579498172043905,20.531571859667647,20.48222566083627,20.431363544581796,20.378862042516833,20.325585433353186,20.270573407411064
Benton,Minnesota,45.701227,-94.00144,63.46898814701917,64.06491429242698,64.66818196072305,65.27390093008465,65.88288830086702,66.49508217152811,67.10914546875935,67.72501629101875,68.34155564993239,68.95620082165901,69.56829564985277,70.17420032384058,70.77302346141676,71.36178140825406,71.93963230338045,72.50392676079579,73.05334008749999,73.59099212121286,74.11745235612139,74.63201511464604,75.13534893344107,75.62866708273089,76.11939774756259,76.60782567502969,77.09495367011351,77.58309685048712,78.07183428566455
Benton,Mississippi,34.810773,-89.200029,1.5704781882542684,1.5772400387642507,1.583818507888402,1.5901275848882355,1.5961494184784055,1.6019164655413591,1.6073794998053843,1.6125866656461112,1.6175541915047646,1.622215540772326,1.6265728772409584,1.6306386427156006,1.634432311325721,1.6379598334997687,1.64119199804354,1.6442067014749104,1.647085086,1.6498439210080726,1.6525459564718612,1.6552068798845494,1.657813708493158,1.6603967353879712,1.662948387296418,1.665437830180173,1.6679375510767034,1.6703961599221326,1.6728331308459303
Benton,Missouri,38.301036,-93.287942,25.21680018334228,25.357221927879987,25.498013133876736,25.63752002146826,25.775768980758787,25.91253569586247,26.047375933358317,26.18077791017436,26.31305390921048,26.443306666923306,26.57095120266937,26.696035898306402,26.81779544081212,26.936207838433003,27.05091242641142,27.161856424538943,27.269255352000002,27.37377335975072,27.477011447446937,27.57832305753531,27.67833715416636,27.777194484562582,27.87660600714735,27.976329812632027,28.077082832181144,28.17893983775667,28.282155933699364
Benton,Oregon,44.490623,-123.426317,119.81033984643891,121.00447434937182,122.2429918383667,123.51859048781681,124.83019353081224,126.17864219150131,127.56309524573575,128.98062523347966,130.43870222516946,131.93389402628037,133.46347507057203,135.03074295670552,136.6305157439277,138.26245694257915,139.93053713063972,141.62792556802555,143.3578189065,145.12452421370213,146.93493952764769,148.79061270076943,150.69440389517143,152.64577472739884,154.6162245233087,156.6010087787048,158.6021127825771,160.6218919625407,162.6563420916499
Benton,Tennessee,36.069253,-88.071212,6.473663075801193,6.5312433551544835,6.5891849414269545,6.647195504474903,6.70535387489888,6.763629396354228,6.821969515107249,6.880620576784652,6.9397117759817855,6.999125961667276,7.0588018211518095,7.118859790075111,7.179157535408414,7.2397935954024035,7.300734029104064,7.362128833628331,7.423948447499998,7.486346152442354,7.549485084003752,7.613484582954471,7.678397203028205,7.74414849310222,7.81047677937747,7.87730432612286,7.944598287254826,8.012423260071042,8.080830703435753
Benton,Washington,46.228072,-119.516864,265.8001967283313,268.3800857262699,271.0752054983099,273.8762130087135,276.78894765481687,279.82071949698894,282.97126900645935,286.245267701097,289.6503284248366,293.186451177678,296.85203553220344,300.6472112527977,304.56765285995283,308.6132738440786,312.77858084619936,317.0657798608644,321.47551970999996,326.0276975993443,330.73853407705366,335.60984584452126,340.65586372932984,345.8826434027908,351.1762517346552,356.5372942920541,361.9713076887584,367.47950305903015,373.06399988782863
Benzie,Michigan,44.648621,-86.494317,24.64119476928247,24.75896662029969,24.874177053623743,24.985392548557023,25.092756214610798,25.196306861144066,25.295656394566937,25.389737557507274,25.47874924792987,25.561995322957895,25.638937302735407,25.709070665595558,25.7720218714581,25.827269419561645,25.874578028167313,25.913571731609927,25.944039503999996,25.96673085108296,25.982244892338187,25.990698055842632,25.99222617435276,25.987062104022495,25.98033353140805,25.972212673039934,25.962563696161684,25.95151515677495,25.93962251383024
Bergen,New Jersey,40.95909,-74.074522,4105.76832090495,4134.702276000802,4162.679299087209,4189.451174104409,4215.179123293125,4239.940684622499,4263.751933037355,4287.001976760903,4309.9064091707605,4332.423624527392,4354.503506826344,4376.058116663593,4396.991477162694,4417.270965641506,4436.794931713652,4455.498130014852,4473.390016395,4490.690912156667,4507.664162719449,4524.208117696964,4540.401733435846,4556.132958114826,4571.863710001313,4587.579805320462,4603.258077240027,4618.869212625331,4634.520062580199
Berkeley,South Carolina,33.2077,-79.953655,106.87419423136653,107.95640414451978,109.03326629002443,110.10177573177317,111.15857101581551,112.20489995460271,113.237808543148,114.25862099058335,115.26899255832384,116.26558725797916,117.24802310614584,118.21461937584857,119.16458663472021,120.10072609438623,121.02056759550415,121.92334717126701,122.809625064,123.68187143304544,124.54326947343235,125.39364092623902,126.23298579146554,127.0616860525153,127.88445283803121,128.70003833556177,129.50963942643804,130.31345983514177,131.11119397495017
Berkeley,West Virginia,39.457854,-78.032338,31.72520526930938,31.79777302961881,31.85946698917844,31.908294200583946,31.94355538404434,31.966491761188646,31.977033404037737,31.976299160257202,31.964516295779106,31.942226752441474,31.909168300322676,31.865445831391355,31.80966078606555,31.744190715634605,31.66788180844341,31.582010250110486,31.487030572499993,31.38117709413969,31.267649020073332,31.14660368825388,31.018215918629092,30.880807439700597,30.735706883071277,30.580624107425646,30.417866736073965,30.246665561246147,30.068314250555495
Berks,Pennsylvania,40.413957,-75.92686,1210.4453492060798,1213.8713950400247,1217.2161683813445,1220.4192032769922,1223.494663803207,1226.4594491681903,1229.2940227150616,1232.018702566977,1234.6411080201203,1237.1354506874081,1239.477505114308,1241.6461717113887,1243.6174203906867,1245.3619461668798,1246.871641327363,1248.126090065695,1249.1107375725,1249.8516652847134,1250.3672376598045,1250.6529612666898,1250.7103013546357,1250.5360343752566,1250.202641325582,1249.704944991537,1249.0398195080218,1248.2100976902839,1247.238149010451
Berkshire,Massachusetts,42.375314,-73.213948,227.95969890192137,229.02255511559403,230.04188246109698,231.00373343184137,231.9162938440368,232.78318232029946,233.60987949294122,234.40991128144998,235.19279852785468,235.9589628192563,236.70931759437354,237.44417904353207,238.1624229344627,238.8647870445921,239.5506038610104,240.21319825461987,240.8508136125,241.4685089798616,242.0731702793533,242.66254904643668,243.2296539616882,243.769952963773,244.30336604320954,244.82940134837997,245.34791835025067,245.85217165520706,246.34771216007772
Bernalillo,New Mexico,35.054002,-106.669065,276.48627004748215,279.0766754374617,281.58212785543344,283.99015579428055,286.29136894276195,288.4815123160968,290.5457668293577,292.5152378885305,294.40987990500213,296.2183951605608,297.93242040925753,299.54197844539897,301.0507373593134,302.4449051313659,303.6935230791838,304.82505558371645,305.822042535,306.69592837485936,307.4678413035868,308.122815512642,308.66026410757235,309.08561586206406,309.30628817622596,309.31890640695605,309.111879388816,308.700906548412,308.0767442981162
Berrien,Georgia,31.274308,-83.231906,18.855720042084705,19.14315270643377,19.43042880769899,19.716347314004256,20.001099103629876,20.284263815419216,20.5656977544871,20.845064202968263,21.12265269533283,21.398100777318206,21.671144650851588,21.941518373160424,22.209406388425677,22.47466071236261,22.737384290560616,22.99803823347212,23.256594659999998,23.513684111879208,23.77006152343186,24.025516714079657,24.27969366365932,24.532410072689636,24.784208550214654,25.034525040192538,25.283100033950085,25.529905650390152,25.774654499742393
Berrien,Michigan,41.792639,-86.741822,256.8993444092074,258.12718711730116,259.3283254982593,260.4878142326336,261.60714532354996,262.6867233820257,263.7225022978888,264.70335526816586,265.63135592432025,266.4992465562307,267.30141318603336,268.0325958705048,268.6889002286042,269.26488929978785,269.758110129764,270.1646430493034,270.48228798599996,270.7188589901236,270.8806022442523,270.96873158143785,270.9846631402404,270.9308245867632,270.8606751516548,270.7760102963042,270.6754138821509,270.5602261831896,270.4362381946041
Bertie,North Carolina,36.06133,-76.962367,17.8032134288595,18.06567864043508,18.330344348121383,18.596025190334238,18.863082380586146,19.131565741430567,19.401365248061964,19.672713405729773,19.946399071530287,20.222445080800505,20.500857661359596,20.78175514177203,21.065461368635205,21.35218601186158,21.64229651278284,21.935410898489202,22.231838483999997,22.531676838482404,22.83542833935038,23.142980885858655,23.45381756901519,23.767751554244544,24.085088004686597,24.405285100072593,24.728490232123132,25.054873627895866,25.384049162601514
Bexar,Texas,29.448671,-98.520147,1664.0299821383958,1691.6823806012653,1719.473530176403,1747.2970649147896,1775.1425859107949,1803.0080133832926,1830.8675729018992,1858.9414984322866,1887.3852536136292,1916.1787091357426,1945.3006215199816,1974.7373979111298,2004.4818333531437,2034.5510860403122,2064.9658795059995,2095.7519881805897,2126.939866002,2158.6655900781934,2191.0612265106765,2224.1598289637755,2257.9923713206886,2292.5972552543503,2327.7929455836124,2363.5732772429974,2399.973532233747,2437.0449623050426,2474.771969098436
Bibb,Alabama,33.015893,-87.127148,9.856746046383245,9.88723219914811,9.918019740915167,9.948353015200661,9.97855961874611,10.008512880811452,10.038284872679828,10.067746739632906,10.097160559063902,10.126358164645493,10.155350476269078,10.184133125978097,10.212869912143303,10.241569570677804,10.27019934190745,10.298894632485398,10.327847632500001,10.357217772365457,10.387302073127405,10.418325484548346,10.450246511041025,10.48329665430277,10.516043224584052,10.548562661124551,10.580907379402916,10.613081747375695,10.645240827500535
Bibb,Georgia,32.808844,-83.694193,164.59360733287915,167.10263796045115,169.61030193203288,172.10611531126085,174.5917442951643,177.0635195060159,179.52018661571503,181.958806377817,184.38190616983792,186.7863220895538,189.16975141522778,191.52987270380774,193.86829598837824,196.18372949820866,198.47707185641602,200.75234814571115,203.009314989,205.25347645287337,207.4914224401884,209.72131826208138,211.94005618027322,214.14604488299437,216.34402086292346,218.5290604142325,220.6988982578144,222.85329101657504,224.9897300343132
Bienville,Louisiana,32.344268,-93.061513,2.439262180483234,2.448814821693498,2.458119033745197,2.4670279193967413,2.4755063745279005,2.483554939202062,2.4911390493623826,2.4984002016165667,2.505351897549319,2.5119871163365928,2.518234569611149,2.5241055987041383,2.529594802981678,2.53474052694433,2.5395827352828215,2.5442153990266956,2.548645539,2.5530654177689285,2.5575544246515447,2.5622313735932503,2.5670260563535807,2.5719967997784607,2.576756918481947,2.5812972313864417,2.5856209788722726,2.589769745820331,2.593726250202194
Big Horn,Montana,45.407869,-107.518163,7.137908851915314,7.193933331512714,7.249788180150692,7.305496529323719,7.3608501955815955,7.415116681599555,7.468373092359152,7.519763562565134,7.569650485630807,7.61733991672218,7.663055460285761,7.706558090878729,7.74749312558594,7.786099589850209,7.822161589723185,7.855362994780492,7.885796331000001,7.9133922038983044,7.93823542895512,7.9608426095468605,7.981028693717791,7.99877054997345,8.014368887741897,8.027546129089538,8.039050192337449,8.048580368057568,8.05668410161893
Big Horn,Wyoming,44.525654,-107.993321,5.9944604157909165,6.03032606023077,6.064420414971741,6.096648377211198,6.127093161901444,6.155136600825413,6.180326955670642,6.203448824558781,6.225132263557222,6.244640225945621,6.262020263125292,6.276844412484425,6.289302879628265,6.298729944938442,6.305422804673157,6.309880748546191,6.311830355999999,6.311556935442453,6.308929720519945,6.304293458891988,6.297636262708256,6.289041346921046,6.2783779451767465,6.265848150930939,6.2514281884829614,6.235320151288395,6.217096076735431
Big Stone,Minnesota,45.419925,-96.402226,10.256002089510876,10.352298248799553,10.449780730358057,10.547659319520992,10.646066052156495,10.744990925547288,10.844217881000045,10.943736915797476,11.043363979941578,11.142684960936796,11.241593829979937,11.33950242729472,11.436266713752266,11.531404558379508,11.624779924221391,11.715964694978176,11.804744812500001,11.891624413737947,11.976695523691033,12.059844111382219,12.141178206158171,12.220893861277645,12.300191402814669,12.379116843268744,12.457832226659864,12.536711654614434,12.615687108654928
Billings,North Dakota,47.009283,-103.364924,0.4443589435020599,0.44463952482079366,0.4449271031798949,0.44514681024743213,0.4453280335929485,0.44543998623882736,0.44544768298323145,0.44538400991588784,0.4452573634852375,0.4450719419155007,0.44477316829181146,0.4444051239684849,0.44393632226386726,0.44335556791337094,0.4426516656524077,0.44184210808189645,0.44089190999999994,0.43980666903901205,0.4386164724725128,0.43729962947536305,0.4358946237695838,0.43436017281700706,0.4326878801691921,0.430836463287971,0.4288339103348135,0.42670611035907896,0.4244166787508569
Bingham,Idaho,43.216357,-112.399206,25.783856563109943,26.17826262207355,26.580240890386573,26.98651689914115,27.39733251251799,27.81181329847918,28.229103429923818,28.648886622923293,29.068316322120214,29.48878789778782,29.90853388091335,30.326884493765636,30.744453699264923,31.160757769049805,31.574494357531936,31.986333242442477,32.39739072,32.8090249506038,33.22036150221597,33.633967856139265,34.04882074084,34.46800857585622,34.89143833650308,35.31966817088987,35.75467020233607,36.19599791235427,36.644730387289094
Black Hawk,Iowa,42.472888,-92.306059,105.41530942934283,105.73571313889477,106.04260520605077,106.32706083543877,106.58580878732086,106.8188846186507,107.02312376055127,107.19802841567123,107.34601645686035,107.4645633404078,107.55160676300054,107.60885345841487,107.6329610730055,107.62488964452166,107.58222130011343,107.5066983305109,107.399636343,107.26032419850719,107.09317095928806,106.89913666309178,106.67829242382564,106.42985598850888,106.1740592637817,105.91040445229267,105.63825152887571,105.36208066969361,105.07691390123207
Blackford,Indiana,40.472672,-85.32373,18.65291192522092,18.744170135879976,18.834234644634726,18.921989730107278,19.007465384807787,19.090703598250485,19.171629389159957,19.25038672158498,19.327521459210434,19.402952622258887,19.47647626166126,19.548011397640135,19.61784895754404,19.685566046979744,19.75122565021858,19.814713795721946,19.876060476,19.935574613907377,19.993607121812918,20.050274970506255,20.105416200432533,20.15893183630822,20.21242347817578,20.26567817921309,20.318938878752434,20.372088606004183,20.425223337000855
Bladen,North Carolina,34.591949,-78.539513,26.886147554571338,27.28251860491913,27.682212811693844,28.08344005949947,28.486745847598545,28.892205417268645,29.299652610688433,29.709438553820004,30.122754566891864,30.539635135489586,30.960089664772866,31.384296852775996,31.812745767803285,32.245753050231286,32.68387360448221,33.12653058076121,33.574191102,34.02700251570052,34.48572350474513,34.95018477625926,35.41960570198793,35.89370412714015,36.37294090454116,36.85649778529718,37.34459735818773,37.83749669757792,38.33461268356642
Blaine,Idaho,43.394482,-113.95529,12.746951847922785,12.941937226849038,13.140666133735241,13.3415197456798,13.544617634828839,13.749527501884788,13.955826245407449,14.163357501821103,14.37071399894424,14.578585576081524,14.786098436780385,14.992921458174596,15.199358169558185,15.40516942663889,15.60971137939902,15.81331515070481,16.016532612,16.220035206874442,16.423390636030557,16.627868203788925,16.83296202799278,17.040198952969774,17.249532989432936,17.46124007310413,17.676295176867264,17.894477552144856,18.11632067466584
Blaine,Montana,48.428282,-108.967648,3.632757605419937,3.661270627730742,3.6896973182921875,3.7180494496155503,3.746221069099346,3.7738393805531634,3.800943625681256,3.8270982215664078,3.8524876042186103,3.8767585982995785,3.9000250047516514,3.922165174291639,3.942998595079976,3.9626469163998497,3.981000261479347,3.997897739331029,4.0133864400000006,4.027431045952431,4.040074723063002,4.051580390750214,4.061853868923856,4.070883385072653,4.078821981843195,4.085528389100167,4.091383251374833,4.096233526020601,4.100357829137676
Blaine,Nebraska,41.92523,-99.990771,0.44088843228924907,0.442256754206303,0.4436192448459636,0.444925197448288,0.44617613321607463,0.4473687562099271,0.4485005310918483,0.4495798244772288,0.4506172847856566,0.45161519382132914,0.4525588466238629,0.4534472290580591,0.4542838905971138,0.45505945049043756,0.45577441580562966,0.4564292936102898,0.457039803,0.4576054369071609,0.45814115382595555,0.45864695375638403,0.45913728812503,0.4596027761813041,0.4600563481489916,0.4604647911003301,0.46083926052250707,0.4611858412267154,0.4614941383271671
Blaine,Oklahoma,35.877782,-98.428934,4.889978608891961,4.909707345542981,4.92958247917975,4.9493265526578485,4.968943748748298,4.98832531540454,5.007496349252706,5.026732913180206,5.046196740999869,5.065735858697919,5.085371180129459,5.105342517499724,5.125450492056684,5.145782941991798,5.166331501763015,5.187188192332811,5.208511958999999,5.230475689633463,5.253321984952446,5.277077335840086,5.301790541291629,5.327447658737005,5.353205162686895,5.3789626666367845,5.404695073960547,5.430505559676709,5.45607762744465
Blair,Pennsylvania,40.497926,-78.31064,364.4463263534924,365.47785563229786,366.4849150237265,367.4492991668575,368.3752726454282,369.2679235490014,370.12136969311155,370.9417285496029,371.731294170417,372.48230207205916,373.18745834579227,373.8404102323933,374.4339226449698,374.95917230682323,375.41371811140044,375.79141317593496,376.087875273,376.31095711885683,376.46618796690336,376.55221491471247,376.56947912611884,376.5170100406859,376.4166305627808,376.26678191352045,376.0665229433899,375.816706569137,375.5240678919747
Blanco,Texas,30.265605,-98.399977,8.975991793265786,9.125152387925183,9.275061423933833,9.425145149679249,9.575347472126683,9.725657172669196,9.875935220713531,10.027369586602592,10.180798861205746,10.336114464434317,10.493201806231621,10.651987564987964,10.812432876243559,10.974630293505726,11.138691602179419,11.304755832857882,11.472987258,11.644119895031803,11.818866125494502,11.99740424510566,12.1799013309759,12.366564526669224,12.556414608064886,12.749418320006562,12.945765978147845,13.145734041017095,13.349238369062206
Bland,Virginia,37.130612,-81.125853,9.279533254421155,9.393720617486787,9.508064696355644,9.62205927410779,9.735853603889158,9.849489974091089,9.962952215622773,10.07643933267878,10.190076946656923,10.303826500494516,10.417431776291043,10.530884067613,10.643935862993391,10.75659089376087,10.86867751879762,10.98023678271877,11.09124381,11.202152578960163,11.313247914352731,11.424437776737717,11.535752016744308,11.647098594932514,11.759473776051385,11.872811639961466,11.98725646470382,12.102981135172474,12.220124954303625
Bleckley,Georgia,32.435403,-83.331717,12.602352441920708,12.794460074584032,12.98646306721464,13.17755870175335,13.367874553034573,13.557129669737591,13.745228012380327,13.931944533221182,14.11747274464943,14.30157039782221,14.484061181451521,14.664767350824254,14.843812180499512,15.021096764144993,15.196689906165766,15.370899792959563,15.54370779,15.715535324268153,15.886886961401215,16.057622225738843,16.227503168713476,16.396407949191147,16.564699223723586,16.732000001508002,16.898136838106595,17.063091098993013,17.22667070520308
Bledsoe,Tennessee,35.593668,-85.205979,4.825088034563377,4.868004991111966,4.911191244606061,4.954428909335209,4.997776740996605,5.041211890152455,5.084695186337957,5.12841024110686,5.172453348518471,5.216737191078336,5.261216069910852,5.305979750664526,5.350922146663851,5.396116702530331,5.4415381206721145,5.487298200124156,5.5333749075,5.579882489988651,5.626942539241264,5.674644004854987,5.723026057294622,5.772033205068368,5.821470411903571,5.8712797381543815,5.921436702280297,5.97198945131097,6.02297633965985
Blount,Alabama,33.977448,-86.567246,18.166733182681405,18.222921482596977,18.279665265382977,18.33557179862514,18.39124486805219,18.446451009849028,18.501323056875968,18.55562352007971,18.60983542804324,18.663648837425804,18.717083874418368,18.770132488544547,18.823096572668703,18.875992227743602,18.928759075196368,18.981646679794885,19.0350092625,19.089140665699695,19.144588321788024,19.201766830298716,19.26059971170612,19.321513641258544,19.381868062702353,19.441803859374232,19.501417636990794,19.56071744602842,19.619989078398703
Blount,Tennessee,35.688185,-83.922973,48.77970588069492,49.213579108030615,49.65017481953699,50.087290278021406,50.5255194800302,50.96463142690645,51.404230120952626,51.84617180137599,52.29142996251638,52.739121859506334,53.18878549503202,53.641328363817024,54.095677972097114,54.55257681555521,55.011769145678315,55.47438520589487,55.9402022475,56.41037526377822,56.88613349758237,57.368376193684,57.85749934978064,58.35294196913408,58.852732313208605,59.3562846354099,59.863351437177,60.37441946567981,60.88987646866384
Blue Earth,Minnesota,44.038225,-94.064071,131.49554264044346,132.73018705737525,133.98004169845245,135.23497496411784,136.49667972923413,137.7650277457057,139.03724885466627,140.31321480802012,141.59056584080716,142.86399248186692,144.1321353013854,145.38745331133777,146.6280997391465,147.84789302660067,149.04508899959936,150.21419863964817,151.3524774375,152.4663890971762,153.55711350115678,154.6231886211513,155.66599953659284,156.68805991015634,157.70475951332122,158.71668828732754,159.7259238513249,160.73726268409112,161.74983269857572
Boise,Idaho,43.987275,-115.715111,40.131325134517894,40.74519908113061,41.37085880519846,42.00320775430841,42.64262237835461,43.287741666181304,43.937233564316905,44.59060579213061,45.243427823945176,45.89787148607298,46.55118579851836,47.20232828465136,47.85225454804943,48.50021168892429,49.14417266938438,49.78517996605966,50.424971039999996,51.06565980214945,51.70588524135228,52.349643518023214,52.995341959533214,53.64778754145363,54.30683547536367,54.97335449178826,55.65041410524889,56.337319331325595,57.03574971569996
Bolivar,Mississippi,33.799278,-90.884476,8.515666263343038,8.552331313960286,8.588002008404793,8.622211967232708,8.654864394710403,8.68613528308084,8.715757710775526,8.743992732954855,8.770928345740309,8.796203765033813,8.819830723651569,8.841876685286707,8.862447245285006,8.881574668891012,8.899100563086055,8.915447309253247,8.931054887999998,8.946014228651835,8.960665582878486,8.975094013597385,8.989229123911347,9.003235173247134,9.01707109674806,9.030569701783305,9.044124037695488,9.05745545009992,9.070669534342374
Bollinger,Missouri,37.318349,-90.024601,15.136522897085795,15.220811820977412,15.305322516140302,15.389062292122084,15.472046989727833,15.55414196211428,15.635080555729054,15.715155825466342,15.794555220853066,15.872740154516107,15.949359488609279,16.024442264608574,16.09752909916635,16.168606791611698,16.237458850941692,16.304053595546154,16.368520392,16.43125790056469,16.493227130082452,16.554039980828538,16.614073991990956,16.673413647863534,16.733085960643034,16.792945722949444,16.85342327665443,16.914563504039066,16.97651953288592
Bon Homme,South Dakota,42.986031,-97.885613,7.54831912970977,7.579154127709268,7.61008732633934,7.640067978852864,7.6689487843039865,7.696523521368508,7.722487768091653,7.746969185293165,7.769830292090245,7.790560445203922,7.809640827723993,7.82613853366003,7.840485645786549,7.852230441202918,7.862001403944798,7.869729793570787,7.875091547999999,7.878332168808863,7.879579316817124,7.879127593916494,7.877232321746462,7.874168462072626,7.871212623092419,7.868374624868898,7.865487526330091,7.863022690502743,7.860587314864567
Bond,Illinois,38.885924,-89.436592,27.54466100719999,27.65118241478351,27.754814449327018,27.853780375035008,27.94842639410291,28.038937583176118,28.124887177284123,28.20803667061635,28.28959015005384,28.368578684923776,28.444869455515974,28.5175196596252,28.586555425719045,28.651310477874183,28.71214625989216,28.76882108344785,28.82126745,28.87044340335991,28.917677140629635,28.96279664939758,29.006021844265906,29.04725038873657,29.088060877725937,29.128692822186835,29.16883485788059,29.208613272400502,29.24840692852651
Bonner,Idaho,48.312512,-116.59694,23.501199727594475,23.8606888343846,24.227079779302166,24.59738798369747,24.97183389940259,25.34962050825539,25.729967749926967,26.1125873412523,26.494884733746126,26.878131764901227,27.26071744056009,27.64203127872617,28.022632887896304,28.402081364406328,28.779189659929642,29.1545682564628,29.529234624,29.904426684367543,30.279347419403297,30.656337010093964,31.03446277561151,31.416539716273245,31.80248304291302,32.192801490527934,32.58929258944108,32.99154935165481,33.40055533149683
Bonneville,Idaho,43.395171,-111.621878,66.03589912642913,67.04602570159155,68.07554571588275,69.11607281724706,70.1682264521431,71.22976708337423,72.2985028234713,73.37362362706531,74.44783908583517,75.52472292934996,76.59974843348884,77.67120020805848,78.74065069406942,79.80686099860428,80.86649564073181,81.92127001064529,82.97404309199999,84.02829331490997,85.08178114217851,86.14108223621294,87.20357586199586,88.27717187430703,89.36163202450852,90.45838580442802,91.57248408518998,92.70278327333224,93.85204705305499
Boone,Arkansas,36.304308,-93.079204,22.608655489701377,22.774365852119598,22.93911669199981,23.10182547109401,23.26292684491087,23.421863142231718,23.578330924305224,23.733552147184046,23.888018873708205,24.0422969761437,24.195443334047184,24.34819604167867,24.49954637021614,24.650101197162275,24.79987692461175,24.948725933712538,25.0970008695,25.245316810524123,25.393739365163583,25.54254736902771,25.692126271341174,25.841541152707975,25.990513177518764,26.13823864313489,26.28468474536701,26.43000730411445,26.57309917798721
Boone,Illinois,42.318983,-88.824295,79.44722960648936,79.75446993607926,80.05337642982096,80.33882443808962,80.61181251393717,80.87287447503284,81.12077940063342,81.36060797890863,81.59583316481252,81.82366026584134,82.04370618931485,82.25325160522378,82.45237187606259,82.63914525822206,82.81461426620909,82.97808179694974,83.129353164,83.27119165882418,83.4074282082251,83.53756667578087,83.66224136248658,83.78115709857231,83.89886703474629,84.01606199387464,84.13184390623144,84.24657702387337,84.3613541029704
Boone,Indiana,40.050892,-86.469014,99.1644701512525,99.64962614958864,100.12843607084399,100.59496840578721,101.04938260359118,101.49190189309796,101.92212765137535,102.34082523445316,102.75089661727793,103.15191128708284,103.5427849894923,103.92308721173949,104.29436461080141,104.65436895334038,105.00343508261948,105.3409570917817,105.66709442999998,105.98348942375502,106.29200762836953,106.59327089561779,106.88641819996626,107.17092335914434,107.45530095898413,107.7384189103581,108.02156875156668,108.30412863083556,108.58660878551804
Boone,Iowa,42.038601,-93.939138,19.92714938399932,19.98771679700595,20.04573004100332,20.099502020145813,20.14841435667331,20.192473772083197,20.231082053107507,20.264145098782755,20.292119970931644,20.314529443239273,20.33098366885688,20.341805279659305,20.34636245489163,20.344836674983465,20.336770878112088,20.32249441764976,20.302255989,20.27592116221496,20.244323402971354,20.20764419169877,20.165896971392016,20.118933869108435,20.070579416864543,20.020739513696842,19.969293172652254,19.917087302402283,19.863180893311927
Boone,Kentucky,38.974595,-84.731444,68.8904002938806,69.26283676989219,69.62688855908061,69.97756477643212,70.3158968715162,70.64203457088331,70.95569505771593,71.25929059310411,71.55483416733674,71.84131096712768,72.11880417389379,72.38759660445257,72.64750525968681,72.89864659358018,73.14208532826895,73.37768837348608,73.60608790799999,73.8291971043993,74.04941158749061,74.26598272452188,74.47942624027785,74.69128930911275,74.9045830983183,75.11930760789444,75.3361282891764,75.55556086694888,75.77823751998034
Boone,Missouri,38.989657,-92.310779,241.06761659276486,242.4100206657394,243.75595671710556,245.08961493882472,246.4112476150678,247.71871033038266,249.00775630122715,250.28305278476154,251.5475851436739,252.79277571615617,254.01303220308827,255.20881712545003,256.3728142422876,257.50481331679174,258.60136646529463,259.6619691194546,260.6886816,261.68785305856335,262.6747887348417,263.64330766664943,264.5994226267248,265.54447913064575,266.49483360215385,267.4481734363502,268.41135235320877,269.3850851578804,270.3718105973496
Boone,Nebraska,41.7054,-98.066794,5.137601666217734,5.153546500434583,5.169423383718139,5.184641438387583,5.199218390773342,5.213115833826159,5.226304223661997,5.238881055098189,5.250970412447707,5.262598885206188,5.2735951188461945,5.283947295814109,5.2936967775475905,5.302734251675688,5.31106562697521,5.318696812222962,5.3258109795,5.332402220029515,5.338644842727347,5.344538847593498,5.350252634766999,5.3556768918769,5.360962292731809,5.36572181245079,5.370085444123625,5.3741240930720116,5.377716629371379
Boone,West Virginia,38.022838,-81.713314,5.809500832668555,5.822789398033659,5.834086759434155,5.843027969519612,5.849484976588129,5.853685072410585,5.8556154518167896,5.85548099752979,5.853323326352705,5.8492416783545105,5.843188034146992,5.835181601485433,5.82496627696603,5.812977436375254,5.799003794404962,5.78327904541113,5.765886422999999,5.746502596624259,5.7257134028201175,5.703547653220508,5.680037360750904,5.654875201326738,5.628304473181625,5.599905806991831,5.570101773373639,5.538751515454953,5.506091928884299
Borden,Texas,32.744062,-101.433033,0.19929614570871942,0.20260799494966253,0.20593646201731824,0.2092688077640141,0.2126037867423517,0.21594114986285146,0.2192778101951767,0.22264014453600975,0.22604677232395337,0.22949528272868683,0.23298313147909666,0.23650869059751248,0.24007109716680838,0.24367240617519126,0.24731509962140472,0.25100226443578566,0.254737548,0.2585372478828582,0.26241718126631686,0.26638130689389167,0.2704333344196186,0.274577863102818,0.278793150990339,0.28307845970979556,0.2874380148862887,0.29187795479628054,0.29639641126867416
Bosque,Texas,31.900764,-97.637632,15.858522363659642,16.12205498274665,16.386909926335328,16.65207350669206,16.91744662026747,17.18300944635169,17.44851634971876,17.716066201967955,17.987140601162444,18.261547711145933,18.539085077524703,18.819623157802063,19.103093287375945,19.38965898710283,19.679517756198955,19.972915229890287,20.27014164,20.572493827259912,20.881230406747093,21.19666638617206,21.51909695253547,21.848888081087487,22.184309707009024,22.525303076052968,22.872204432404676,23.225502214986086,23.58504776847313
Bossier,Louisiana,32.696202,-93.617977,21.493187005406945,21.57735864778739,21.65934129449308,21.73784058286416,21.812547198294425,21.883465899470124,21.950292130471286,22.014272667095277,22.075526476498318,22.133991695759182,22.189040178292927,22.2407718565108,22.28913914355031,22.33447990613516,22.377146287047818,22.41796629769568,22.457001800999997,22.49594688926558,22.53550108937109,22.576711312291405,22.61895892881411,22.66275787705414,22.70470093765687,22.744707212956083,22.782805255069253,22.819361482837603,22.85422361830115
Botetourt,Virginia,37.553193,-79.805318,86.60341104171131,87.66909127240942,88.73623408993714,89.80011510667818,90.8621272624702,91.92266522360063,92.98157808825371,94.04072310954639,95.10127267850879,96.1628669523495,97.22311471768042,98.28193471967762,99.33701699977689,100.38839638147415,101.434470983956,102.47562386567783,103.51162287,104.54670485559566,105.58352801598849,106.62123337161191,107.66009951043343,108.69926745288646,109.74803507238795,110.8057871538429,111.87387020576112,112.95389771678796,114.04716976410539
Bottineau,North Dakota,48.794412,-100.831257,7.220558536264336,7.225117809495416,7.229790780313306,7.233360884539139,7.236305652037516,7.238124813426477,7.238249880771967,7.237215232731997,7.235157306410736,7.232144320360272,7.227289433403486,7.221308940337282,7.213691202021015,7.204254302315787,7.192816325082705,7.179661514288792,7.164221381999999,7.146586886285774,7.1272469267693985,7.105849040931764,7.083018565500323,7.058084684712898,7.030910961465316,7.000826579995401,6.968286330650389,6.933710894501479,6.896509044097259
Boulder,Colorado,40.094826,-105.398382,445.1151665246725,449.30410068019063,453.49478614371264,457.6589101025091,461.81291539283865,465.95106161624403,470.0855106338636,474.2377646161892,478.4335094139446,482.6715774884608,486.95751464841635,491.28986147047505,495.66929901886033,500.0863896893293,504.55134944523786,509.0573676443486,513.606779364,518.209800567548,522.8883226050416,527.6378699115817,532.4541615120477,537.3405054326688,542.3468139515566,547.4637467593564,552.7011306398679,558.073657121346,563.5667319704247
Boundary,Idaho,48.773065,-116.524619,6.848548101899519,6.953307793681141,7.060078768757022,7.167991282999925,7.277109578873785,7.387201395162805,7.498039412379181,7.609539621146986,7.720945937082873,7.83262898978652,7.944119315098332,8.055239010810464,8.16615115394678,8.27672725957938,8.38662140674857,8.496011497662195,8.605194035999999,8.71452976790567,8.823786432163413,8.933645987236634,9.043836638085567,9.15517871155751,9.26764749901248,9.381391252290348,9.496933794558664,9.614156524345532,9.733346061874705
Bourbon,Kansas,37.8561,-94.850928,16.281146971441114,16.348507474072054,16.415606544038642,16.481226142791055,16.54588319400653,16.60846660886158,16.669124928642766,16.72820276913491,16.78608039603162,16.842466668411227,16.897201161684247,16.949689710704416,16.999777832533724,17.04766160167042,17.09251512856122,17.13484345358043,17.174735701499998,17.21237606351526,17.247942789170086,17.28181020250663,17.313693104254675,17.343692502489098,17.37206388822278,17.39855771209429,17.42338193190483,17.44699999646847,17.468954398622603
Bourbon,Kentucky,38.202562,-84.20986,9.659470523650945,9.711691720604652,9.762737258324663,9.811907339648071,9.859346589321879,9.905076001260968,9.94905592029278,9.991624581712719,10.033064237043158,10.073232594194307,10.112141316452217,10.149830058989448,10.186273162576695,10.221486955814429,10.255620728764066,10.288655820167937,10.320680870999999,10.351964136839378,10.382841520324263,10.413208051880227,10.443136043880765,10.472842433446376,10.50274943153203,10.532857038137713,10.563258559551821,10.594026308147853,10.625248924899779
Bowie,Texas,33.446051,-94.422375,79.04136240383635,80.35485030471551,81.67492887827873,82.99654574589457,84.31920695993139,85.64281373086297,86.96614177420243,88.29965219514693,89.65072951078842,91.01841757964009,92.40170733725455,93.79995312351345,95.21281270327198,96.64110109012233,98.08580265113015,99.5481416707824,101.02956470999997,102.53653542636172,104.07532695478861,105.64750934310949,107.25455384962693,108.89828455238045,110.57007853700173,112.26964296310933,113.99865372445304,115.75954527721716,117.55157669995427
Bowman,North Dakota,46.107807,-103.506586,3.8302643747301013,3.832682916418249,3.8351617708667,3.8370555915402114,3.8386176920320576,3.839582696196904,3.8396490402332377,3.839100194114481,3.8380085331529976,3.836410245004969,3.8338348901400345,3.8306624389481008,3.826621484007804,3.821615524902661,3.815548061216187,3.808569874849138,3.8003794019999995,3.7910248928770147,3.7807656923494863,3.769414830860475,3.7573040285916472,3.7440774402572137,3.729662690544814,3.713703934168658,3.6964424221699597,3.6781013117618384,3.6583669765907194
Box Butte,Nebraska,42.215665,-103.087821,10.732456619198336,10.765765398790553,10.798932228793992,10.830722764958432,10.861174037611388,10.890205814376586,10.917756378041524,10.944029395407476,10.969284078767002,10.99357597361135,11.016547120107964,11.038172831371837,11.058539511500484,11.077418806807614,11.094823060735735,11.110764616727339,11.125626121500002,11.139395231611216,11.152436078614802,11.164748662510755,11.176684771410393,11.188016051627423,11.199057260945647,11.208999903881182,11.218115536169062,11.226552279119325,11.234057092160668
Box Elder,Utah,41.476021,-113.052922,31.01526286904887,31.462016059667167,31.915665396813143,32.37303605076462,32.833386360479935,33.29744497540353,33.7652639419243,34.23849573288943,34.719092087882224,35.20792478391655,35.70517598335355,36.21179553279039,36.72806968736599,37.25464902694142,37.79256146769725,38.343108169355666,38.905898784,39.48458957044966,40.07996122453795,40.69177953751489,41.32234756208878,41.97124892714849,42.63026030324971,43.2976901827536,43.97437130788234,44.658885414538744,45.35019157494505
Boyd,Kentucky,38.360004,-82.681406,26.174459998663675,26.31596481793926,26.454283929933172,26.58752108031107,26.716068161635395,26.83998206153617,26.959155325601113,27.07450447675849,27.186794337589806,27.295639336380432,27.401071077369252,27.50319701496856,27.60194761985275,27.69736713795631,27.789860103537215,27.879375949813213,27.966154868999993,28.050923758592386,28.13459282067087,28.216877617085288,28.297974094116856,28.378470090609227,28.45950968001077,28.541092862321477,28.623472471452615,28.70684445368538,28.79144900123547
Boyd,Nebraska,42.894448,-98.773022,1.9166132504102509,1.9225615668662652,1.928484533817278,1.934161720785025,1.939599740683853,1.9447842655326744,1.9497042738075763,1.954396136537473,1.9589061441228004,1.9632442159350794,1.967346427135614,1.9712083691148374,1.9748454720062305,1.9782169561713125,1.9813250259148665,1.9841718855416746,1.9868258685,1.9892847704850596,1.9916136184879423,1.9938124125086476,1.9959439752334822,1.9979675270239656,1.999939277652058,2.001714845154492,2.003342724236488,2.004849366555437,2.0061895838632964
Boyle,Kentucky,37.6182,-84.873016,15.634169658790354,15.71869137775624,15.801310253716872,15.880893642026246,15.957675622577877,16.031690174711134,16.10287311522942,16.17177188904497,16.23884332949831,16.30385713217811,16.366832174495123,16.427832639645963,16.486816997326947,16.543811675913137,16.599058306262357,16.652526684517365,16.704360278999996,16.754993270157883,16.804969327421095,16.85411855409273,16.902557990119547,16.950638755341803,16.99904421202924,17.04777436018186,17.0969802190858,17.146778828687808,17.1973136573097
Bracken,Kentucky,38.678523,-84.100355,4.675120563026461,4.7003952808390315,4.725100987271,4.7488989850720085,4.771859271673797,4.793992007993877,4.815278001188061,4.835880954927356,4.8559374771027395,4.875378699273306,4.894210266393228,4.912451371306691,4.9300895951145165,4.947132840752547,4.963653363634189,4.97964213183277,4.995142046999999,5.01028294308185,5.025227394758493,5.039924597442372,5.054409549849361,5.068787248127072,5.083262039616552,5.0978339243178,5.1125480618641985,5.127439450971618,5.142550993291771
Bradford,Florida,29.946934,-82.166796,43.19692947897043,44.019642348577825,44.861335891137145,45.71925476657485,46.59435932152239,47.48734844698384,48.39868220430358,49.33148800502499,50.28854381518933,51.2703071821446,52.27640352042459,53.30711188363165,54.36284959517107,55.443423077318705,56.549649378910246,57.68299164586064,58.843919995499995,60.0353179817191,61.25988815066677,62.51838470126827,63.812517151087434,65.14382657992819,66.49550943573615,67.86743499069763,69.26072700121118,70.67659469955365,72.11592049846757
Bradford,Pennsylvania,41.791495,-76.502124,175.27806817021684,175.77417540515344,176.25851400839423,176.72232823111742,177.16766909687584,177.59698368894271,178.00744300931424,178.40198921591437,178.7817256179646,179.14291793809994,179.48205821879563,179.7960911422076,180.08153704079112,180.33415241754057,180.55276323828434,180.73441320010835,180.8769946995,180.9842844487941,181.05894170611447,181.10031580192003,181.1086189110612,181.0833842488673,181.03510739793242,180.96303867378558,180.86672543674618,180.74657789152474,180.6058352408356
Bradley,Arkansas,33.463819,-92.168164,6.387698873965881,6.434517575586839,6.481065180103486,6.527035834372504,6.572552343065075,6.617457145471,6.661664510027381,6.705519680055087,6.749161679710176,6.7927503867721075,6.836019338275114,6.879177070453277,6.921938583786681,6.964475341401127,7.006791977435152,7.048846784641943,7.090739396999999,7.132643594704393,7.174577914309267,7.216621136169718,7.2588821625413225,7.301096847527573,7.3431864107733755,7.384923779490504,7.426299685401886,7.46735815282361,7.507786377404547
Bradley,Tennessee,35.153914,-84.859414,41.20962965366743,41.57617050692463,41.94501134461976,42.31429127025304,42.684512098610895,43.05547867949865,43.4268564697253,43.800213640498534,44.17637261049614,44.55458762718826,44.93446839018543,45.31678156096694,45.70062108505724,46.086614230939425,46.474544939469325,46.86536805267115,47.25889539,47.65610270242953,48.058028467781696,48.46543237788601,48.87864897593346,49.2972043257368,49.71943268099101,50.14483919655945,50.57321478294776,51.004970649494815,51.440434369741816
Branch,Michigan,41.918585,-85.066523,68.73727040373862,69.06579812510589,69.38718070346198,69.69741929456488,69.99691310621542,70.28577039815613,70.56290857296113,70.82535048770909,71.0736509735808,71.30586812144348,71.52049982736867,71.71613871470261,71.8917427834229,72.04585729323841,72.17782591945966,72.2865998958303,72.37159055999999,72.43488867824752,72.47816551034921,72.5017458355328,72.50600856289742,72.4916032508986,72.47283371802648,72.45018036688883,72.42326428838655,72.39244409291703,72.35926924804606
Brantley,Georgia,31.197334,-81.982978,15.771107828303506,16.01151930729811,16.251799835405027,16.490944857869483,16.729114027143574,16.965955749063113,17.20134983582709,17.435014653334612,17.667192371035487,17.8975798286555,18.125956382918165,18.35209959669919,18.576163740907358,18.798025040046095,19.017769598808663,19.235783094466996,19.452042206999998,19.667074327653935,19.88151089084611,20.09517609949442,20.307772174867992,20.51914663990583,20.72975333809536,20.939120487471392,21.147031032452983,21.353461653019025,21.558171973567497
Braxton,West Virginia,38.699302,-80.731649,3.4136918656608537,3.421500293407015,3.4281386797033777,3.4333925796539995,3.43718674943574,3.4396547468346728,3.440789047468479,3.4407100414541847,3.439442183034306,3.437043786171778,3.433486634432922,3.428782014391209,3.4227794384003634,3.415734735459054,3.407523753259103,3.3982838117777376,3.3880638194999997,3.3766737857724625,3.3644579510859827,3.3514332453007696,3.3376184793726043,3.322833068125959,3.307219974824793,3.29053277594833,3.2730197761129247,3.2545982071131268,3.235407270021742
Brazoria,Texas,29.167818,-95.434647,324.24290536706127,329.63108593724917,335.04630271726984,340.4678298760308,345.8936411451293,351.32333127088475,356.75187800232703,362.2221948095601,367.7645744052066,373.3750945125726,379.04961575477785,384.7854895095529,390.5813118623615,396.44042615606844,402.36687045413356,408.365667007527,414.442749888,420.62463426493855,426.9370537470593,433.38644897321427,439.97885532857475,446.7217555328856,453.57977672917104,460.5517176297352,467.6444530738018,474.8679696699282,482.21922801550977
Brazos,Texas,30.656725,-96.302389,190.1251162343968,193.28456379744898,196.4598644831196,199.63886536229225,202.82037829943866,206.00416566745332,209.18728258756272,212.39489207291678,215.6447567496614,218.93457672688126,222.2619248134261,225.62524794642692,229.02372291769643,232.45931015085597,235.9343774302795,239.45186963474058,243.015266304,246.64011504011194,250.34150516428394,254.12321325015913,257.98877824427484,261.9425877614028,265.9639003498947,270.0520116151158,274.2109527311794,278.446579508903,282.75710974499424
Breathitt,Kentucky,37.521178,-83.322401,6.218210917761903,6.2518279173936175,6.284688095306726,6.3163409623830145,6.346879619706916,6.376317581951974,6.40462932140149,6.432032574462603,6.458709038412994,6.484567113798624,6.509614308771465,6.533876151048214,6.557336122694539,6.580004735123196,6.601978092679405,6.623244182320015,6.6438600659999985,6.663998431214673,6.683875512740782,6.703423737210593,6.72268965516632,6.741812918234614,6.761065321516794,6.7804468650128635,6.800017613938588,6.8198241188361735,6.839923441660604
Breckinridge,Kentucky,37.778109,-86.432829,9.112333171063996,9.161596424579685,9.209750611236393,9.256135572189496,9.300887740266885,9.344026920233897,9.38551570308934,9.42567316560811,9.464765571857548,9.502658689539242,9.539363521300606,9.574917476142831,9.609296348241621,9.642515541303343,9.674715889214855,9.7058797877403,9.736090856999999,9.76560215788439,9.794730566638895,9.823377059436824,9.851609852692116,9.87963359564661,9.907846584136566,9.93624881816198,9.964928318902137,9.993953302770986,10.023407389888842
Bremer,Iowa,42.78089,-92.327586,20.821491003582015,20.884776715990053,20.945393626853864,21.001578922521862,21.05268647209386,21.098723298731823,21.13906434102145,21.173611274695304,21.202841674766578,21.22625689673622,21.243449597210624,21.254756887963804,21.259518591771673,21.25792433400709,21.249496539656892,21.234579343657042,21.213432603,21.1859158544466,21.15289997007969,21.11457457527216,21.07095371634792,21.021882883743885,20.971358256614437,20.919281510692162,20.865526229061807,20.81097733013014,20.754651571222976
Brevard,Florida,28.298276,-80.700384,1131.640971785248,1153.193790527052,1175.2438507960558,1197.718970246059,1220.6443073225437,1244.0381710512797,1267.9126137765688,1292.34956509574,1317.4218000932378,1343.1413052535593,1369.4982674657697,1396.4999971682164,1424.1574270885174,1452.465486021693,1481.4455784043444,1511.1360346429394,1541.549170521,1572.7605272347762,1604.8409040745657,1637.810058981846,1671.7127766239676,1706.5894290613514,1741.999809357864,1777.9404928036497,1814.4409187315107,1851.5327657076166,1889.2391505234978
Brewster,Texas,29.808997,-103.252458,7.85857066860835,7.989162262395452,8.12040912407605,8.251808928369904,8.383312565263584,8.514910212754405,8.646480148166216,8.77906245142633,8.913391317235545,9.049371682639286,9.186903222895832,9.325921744201912,9.466393220333932,9.608398682814059,9.752036000883336,9.897426897217924,10.044715193999998,10.194543530833899,10.347535604890192,10.503847515854437,10.663625541409491,10.827051037819235,10.993266684563496,11.162243366420014,11.334147706648656,11.509221747458463,11.6873918238293
Briscoe,Texas,34.525173,-101.205893,1.265615694543406,1.286647352543583,1.3077845408450213,1.3289463604159184,1.3501249021330537,1.3713185841717834,1.392507803205267,1.4138600631645748,1.4354936054418577,1.4573931202343102,1.479542450333067,1.5019312573842027,1.5245540614952016,1.547423912719377,1.5705565728094333,1.5939716450922108,1.6176922919999996,1.6418220100595178,1.6664612451356706,1.6916351369415512,1.717367243365612,1.7436867716700322,1.770455651160871,1.7976691928579327,1.8253542312864313,1.853549747125098,1.8822438766891012
Bristol,Massachusetts,41.748576,-71.087062,1011.6181577444117,1016.3348013002773,1020.8582765301677,1025.126688498319,1029.176363451666,1033.0233597740464,1036.6919989011767,1040.2423048891503,1043.716528437192,1047.1165404249723,1050.4463944251104,1053.707493597359,1056.8948489292636,1060.0117344602477,1063.0551879641662,1065.9955871795705,1068.8251367745,1071.5662873050003,1074.2495964723555,1076.8650862516565,1079.3817312217018,1081.7794194260337,1084.1465499290816,1086.4809400378963,1088.7819661259214,1091.0196941184292,1093.218757264414
Bristol Bay,Alaska,58.731373,-156.986612,0.2926471321332686,0.29521971579208206,0.2979155476872838,0.30075963470741623,0.3036916923890287,0.30676530692185516,0.3099554714173531,0.313202794515234,0.3165666675757863,0.3200363733610632,0.32355028775287087,0.32711868143757467,0.33076254233948715,0.33444257391947013,0.33818735547871503,0.34198304391820733,0.345818922,0.3497369655727182,0.35376664704071564,0.3578820664122873,0.36214975987301995,0.3665657084586834,0.3708950260376101,0.3751506626056525,0.37932993885332406,0.3834261565069077,0.38746119659387845
Broadwater,Montana,46.334476,-111.496103,2.8498753493151976,2.872243634855857,2.8945441936855483,2.9167862612648574,2.938886718448506,2.9605531089845862,2.9818162177417205,3.002334332678204,3.022252142676561,3.041292583919195,3.0595449325251085,3.076913755401574,3.093257442152931,3.1086714258719073,3.1230695089263616,3.136325473354943,3.148476261,3.1594941654797712,3.1694130501497417,3.1784391736296773,3.186498652234886,3.193582250504781,3.199810029426988,3.205071163474467,3.209664265872852,3.2134692756345156,3.2167047653266763
Brooke,West Virginia,40.272645,-80.578691,5.1020283438417415,5.113698647211096,5.12362023251354,5.131472595151603,5.137143277371787,5.140831891686554,5.14252719232055,5.142409111679376,5.1405141985329195,5.13692960764014,5.131613167343477,5.124581746305956,5.1156104290205775,5.1050815718492375,5.092809619498665,5.078999807368995,5.0637252329999995,5.0467019405640965,5.028444424283542,5.008977987152873,4.988330743610466,4.966232795047922,4.942897811196891,4.917957492914661,4.89178295078778,4.8642504812874,4.835568131257493
Brookings,South Dakota,44.376675,-96.797797,35.446005092098545,35.59080255989548,35.73606116612488,35.87684672955927,36.01246754254996,36.141955214388744,36.26388021593495,36.378842027150796,36.486195054230805,36.58354137732612,36.673140574755884,36.75061183141157,36.81798415639606,36.87313631291998,36.91901958695117,36.9553111815869,36.98048933999999,36.99570690827165,37.00156336636407,36.99944212957469,36.99054215782793,36.97615463873474,36.96227437191727,36.94894747121876,36.935390001304015,36.92381542664891,36.91237919352354
Brooks,Georgia,30.833696,-83.588971,11.08395064542829,11.252912077737337,11.421781477629143,11.58985284299885,11.757238377752412,11.923690981153122,12.089126185092013,12.253346056836111,12.416520793321409,12.57843733319841,12.73894060814765,12.897874289131625,13.055346797902153,13.211271144914168,13.365707844633807,13.518927951440606,13.670915076,13.822039869417026,13.972746104443315,14.122910230710518,14.272322969023266,14.42087715834778,14.5688917603493,14.716035206182147,14.862154948962953,15.00723459935713,15.151105221146741
Brooks,Texas,27.034994,-98.215276,6.31019292117907,6.415053993940384,6.520441226864579,6.625951268049488,6.731544683649931,6.837213586896868,6.942860238188309,7.049319790031181,7.157181778410985,7.2663698706702595,7.376803509096698,7.48843114802124,7.601225465422576,7.7152515271452655,7.830587919209349,7.947332381216818,8.065600397999999,8.185907989590152,8.308755965821117,8.434269669986511,8.562566558610916,8.693792255251191,8.827258357638556,8.96294148713622,9.10097543714749,9.241554560195054,9.384619705511138
Broome,New York,42.161977,-75.830291,245.77284012224982,246.42783273648226,247.0255245335827,247.55709901890984,248.02768741793724,248.44197309356562,248.80265601730343,249.124234140426,249.42073195948902,249.68626328068265,249.92136553909384,250.1209970817636,250.28248352933068,250.40313770635993,250.48284444818995,250.5184559207398,250.507707219,250.46290816567725,250.39652213636055,250.30483826973466,250.18582199011345,250.03756668254516,249.88286215393305,249.72499699516644,249.56439347667092,249.39807011332098,249.2346130704349
Broomfield,Colorado,39.953383,-105.052125,30.284971288892816,30.56998011396034,30.855108095409406,31.13842887173831,31.42106118897382,31.702614478976418,31.983916216617956,32.26642937747193,32.55190158846769,32.84025341201756,33.13186217666311,33.4266285854197,33.72459897688017,34.02513123054395,34.3289204253034,34.63550317523028,34.945038355499996,35.258221045004895,35.57654069851437,35.89969280527555,36.22738609413355,36.55984563825352,36.90046739450959,37.2486158622002,37.60495964102178,37.970498320619576,38.344238931147316
Broward,Florida,26.19352,-80.476658,3753.1829952085136,3824.664741466728,3897.795631305746,3972.3362658693395,4048.3700852698025,4125.957812939652,4205.13942149813,4286.186637384244,4369.340825320751,4454.641739497278,4542.056833901438,4631.610354220311,4723.338559769715,4817.224631469421,4913.33955894377,5011.810468227729,5112.678205658999,5216.193310004092,5322.590593097362,5431.935583822816,5544.376814317529,5660.048181934489,5777.489703138053,5896.6900195883245,6017.746769322473,6140.765016984519,6265.821431368754
Brown,Illinois,39.962069,-90.75031,10.309350176405843,10.349218755357498,10.3880059066433,10.425046637817633,10.460470524614381,10.494346837079966,10.526515846636762,10.557636841138336,10.58816048335726,10.617724124226996,10.646278052302463,10.673469397817794,10.699307940073655,10.723544306902937,10.746313778631595,10.767525896728413,10.787155398,10.80556085680428,10.82323938759203,10.840126609967161,10.856304833043655,10.871735754560552,10.887010207266716,10.902217834751628,10.91724210034896,10.932130270678623,10.947024145600347
Brown,Indiana,39.192585,-86.23941,20.813658377288082,20.91548790548158,21.015985453781532,21.11390605605628,21.209283179137312,21.302163676588727,21.39246388133179,21.480344434157672,21.566414431399615,21.650583512612563,21.73262410334236,21.81244584314396,21.890373360282872,21.965934772435002,22.039200359946495,22.11004294885766,22.178496005999996,22.244904239737913,22.30965921199992,22.37289144342885,22.434420213134626,22.4941350805733,22.553823174546782,22.613246880551443,22.6726772799224,22.731983852016832,22.791273690695505
Brown,Kansas,39.825931,-95.569905,10.934965221977997,10.98020679831757,11.025272787697725,11.069345114512073,11.112770962066737,11.154804085784189,11.195544250982277,11.235222913198417,11.274095471646312,11.311966386302974,11.34872791062512,11.38398098334134,11.41762184852107,11.449782196383877,11.4799073317625,11.50833645673764,11.5351294305,11.560409962043725,11.584297769750235,11.607044262220514,11.62845789004429,11.648606493637702,11.667661669347453,11.685455811439557,11.702128591359003,11.717991276897488,11.73273659087603
Brown,Minnesota,44.246542,-94.733647,52.318418344033184,52.80964901097516,53.30693140297159,53.80623443840949,54.30823166510265,54.81287205670155,55.31905344405632,55.82672480081742,56.334947242153454,56.841608277193814,57.346167026633466,57.845623141119965,58.339241841220016,58.824563656886205,59.30089462976492,59.76605083209617,60.21894029999999,60.662134761492794,61.09610365899025,61.52026529210772,61.93517074542012,62.34182013537829,62.74633662392605,63.14895493227121,63.55050168727622,63.952885274413546,64.35575871450636
Brown,Nebraska,42.34939,-99.923176,2.9148693733009745,2.9239158334862134,2.9329237410340125,2.941557855618813,2.94982823445038,2.957713086907553,2.9651956509740542,2.9723312413036007,2.9791902583645595,2.9857877879715824,2.9920266104302553,2.997900020934068,3.0034314863058094,3.0085589870852507,3.013285875675648,3.0176155044802573,3.0216517979999997,3.025391403831623,3.028933217871166,3.0322772401186273,3.0355190140667934,3.0385965202554344,3.0415952449675694,3.0442956057899555,3.046771355594217,3.04906272321942,3.051100984398826
Brown,Ohio,38.931377,-83.866772,35.17417072500557,35.24719216461071,35.31729618611405,35.38235460978445,35.442880287014574,35.49884250814018,35.55006315710873,35.59671727900634,35.638854009295784,35.67578238053188,35.70699875422126,35.732063982165464,35.75076309671487,35.76277978832791,35.768169334400206,35.76666148988654,35.758511145,35.74424957693177,35.72508367548608,35.701206911547565,35.67308914297894,35.64083171167216,35.60779425489396,35.573933779114405,35.53960344547214,35.50505814418027,35.47128365546053
Brown,South Dakota,45.589254,-98.352175,40.33561297733769,40.500384567421825,40.66568090779285,40.82588717038103,40.98021622975601,41.12756611031533,41.26631008616959,41.39713033269181,41.5192921994803,41.63006698504323,41.73202596578638,41.82018401398425,41.8968500308992,41.95961016521151,42.01182281875727,42.05312066633569,42.081772031999996,42.09908879146744,42.10575312011096,42.10333926879127,42.09321158825424,42.07683937930321,42.06104439566776,42.04587911237657,42.030451453941936,42.01728022174095,42.004266414626024
Brown,Texas,31.764103,-98.99847,32.160776744046814,32.69521580040259,33.232336505281864,33.77008311955955,34.3082546631536,34.8468109400476,35.38525380675242,35.92783973429173,36.47757337489232,37.03406568853822,37.59690610163321,38.165831904498575,38.740703846648934,39.32185354521964,39.909681524802835,40.50468592888761,41.107455341999994,41.72061973207097,42.3467315461427,42.986429613761736,43.6403125684582,44.309122600963725,44.98935117327433,45.680879132912786,46.384388376586095,47.100869448984405,47.83002087998462
Brown,Wisconsin,44.473961,-87.995926,590.3259609430454,594.132387918129,597.9332526000356,601.6872656586434,605.3957107000701,609.0529184639626,612.6465877250249,616.1633475861975,619.6075837017157,622.9481686232235,626.1709826834258,629.262227116556,632.2109912706134,635.0030485111256,637.6233164662092,640.0675164488047,642.3329742794999,644.4254661858251,646.3616790473114,648.1441800761942,649.7760713205917,651.2561761415619,652.6909268797042,654.0647063272523,655.3904575125601,656.6743845318642,657.929858282224
Brule,South Dakota,43.72988,-99.092941,5.435332367522558,5.457535782587446,5.479809909165277,5.5013981340675375,5.522194390024809,5.542050182859905,5.560746306882694,5.578374687060008,5.59483632727372,5.609763527656514,5.623502774621824,5.635382308796668,5.645713260838004,5.6541703577862865,5.661206153324363,5.666771149393175,5.670631997999999,5.6729654779272005,5.673863514141609,5.673538241182059,5.67217350898221,5.669967309778311,5.6678388932386525,5.665795330514528,5.663716412033929,5.6619415530589965,5.66018790753795
Brunswick,North Carolina,34.038708,-78.227688,114.69917706632421,116.39013830186487,118.09527647765543,119.80695477022162,121.52750033767995,123.25723416735683,124.99544741223978,126.74363801318542,128.50688826952853,130.28534530046045,132.07904922939696,133.8887624012383,135.7165712336061,137.5638265481657,139.4328956264495,141.32131756562148,143.231085162,145.16282701576574,147.11977974912685,149.1012211405988,151.1038209466701,153.12637546486675,155.17085074256298,157.23375604258405,159.31604095243725,161.41880217882118,163.53955206995613
Brunswick,Virginia,36.764531,-77.860916,24.4625680345161,24.763587068673257,25.0650192347082,25.365530051079187,25.66551297671745,25.965079491653505,26.2641869711698,26.56336002717463,26.86292982093511,27.16279470889401,27.462279253219396,27.76136050214028,28.0593859695957,28.356365492058966,28.65184659175914,28.945937469902336,29.23857255,29.530948602967936,29.823816479599916,30.116933546888326,30.410378496619416,30.703908695785618,31.000150482752833,31.298930079826437,31.600627830639954,31.905699491788717,32.21451229160853
Bryan,Georgia,32.017969,-81.438543,40.04545695144774,40.65590154655948,41.26601363566133,41.87324248771868,42.47799348677095,43.07937387695599,43.67707848152507,44.270392184813076,44.85992989519446,45.44492183848194,46.024807764823294,46.59902286948944,47.16795887188923,47.731301485520206,48.28926934447105,48.84284174726399,49.39195948049999,49.93796167797226,50.482451656331136,51.02498303764555,51.56479971235882,52.101514515938874,52.63627983222819,53.16789772861583,53.69581706500323,54.219978627991374,54.739772064082715
Bryan,Oklahoma,33.964004,-96.264137,24.25468227754615,24.352538378253367,24.451120619637212,24.549052792224845,24.646355642892726,24.74248975285252,24.837579603363068,24.932994488271724,25.029536620135524,25.126452195775876,25.223844949575152,25.32290436911792,25.422641519958876,25.52349208650399,25.625414575000317,25.728865416730297,25.834632992999996,25.94357484137037,26.05689428067698,26.174722707804158,26.297302169644116,26.424563509941944,26.55232277527517,26.680082040608397,26.807716824682778,26.935738883784683,27.062578370927522
Buchanan,Iowa,42.470328,-91.838666,18.281913411774166,18.33748022561316,18.390703749111584,18.440036177333972,18.48491018735575,18.52533194573047,18.56075262919415,18.591085905997385,18.616751101780082,18.637310391241762,18.65240611427781,18.662334265457563,18.666515188749415,18.665115381098598,18.65771551686524,18.644617757172195,18.626050264499998,18.601889707778085,18.57290073964391,18.539249857042716,18.50094939308156,18.457863683582833,18.41350149750386,18.367776503095232,18.320577702393468,18.27268208114306,18.223226321850117
Buchanan,Missouri,39.66037,-94.808173,91.5385819398295,92.04832176704952,92.55940276276816,93.06582160132498,93.5676740804699,94.06414591932871,94.55362452244482,95.03788214819136,95.51805240327546,95.99087816420054,96.45423591417713,96.90830128241339,97.35029613416219,97.78014063796529,98.19652555790739,98.59925929848866,98.989124208,99.36853119648053,99.74329199409094,100.11105955595855,100.47411706178944,100.83297543291634,101.19384555679113,101.55584928737312,101.9215891302012,102.29133651223344,102.66601747838556
Buchanan,Virginia,37.26812,-82.038151,32.29392940529293,32.69131562512906,33.089247235444134,33.48596253842126,33.8819809535642,34.27744964973235,34.67231235647945,35.067261633143865,35.46273465780786,35.85859724709969,36.253957730871214,36.64878580965139,37.04222011276322,37.434273625694225,37.82434901601515,38.212589124089504,38.59890738,38.9848836847372,39.37150926385408,39.75846380865667,40.145851203045716,40.53335113832723,40.924430739688724,41.31886059684937,41.717142815329474,42.11987905605419,42.52755411056034
Buckingham,Virginia,37.573928,-78.529169,18.49531051396489,18.72290070398479,18.950803248878973,19.17800919282339,19.404816016650663,19.631308006596733,19.857452935571384,20.08364744468481,20.310141913637818,20.53685949321531,20.76328950798791,20.98941460490705,21.214741461591935,21.439277515063377,21.662680662363844,21.885032710722314,22.106284080000002,22.32733960772953,22.54876698649986,22.77038276979754,22.992246453789082,23.21417459196103,23.438152868871267,23.664049897152054,23.89215324160827,24.122807484204387,24.35629027371755
Bucks,Pennsylvania,40.336887,-75.10706,1784.0278071471673,1789.077321394405,1794.0070513102855,1798.7278785040505,1803.2606788507567,1807.6303594289193,1811.8081259281166,1815.8239244311876,1819.6889847191965,1823.3652983023865,1826.8171602358327,1830.0134726642796,1832.9188185859077,1835.4900065350828,1837.71508687298,1839.5639695452066,1841.0152027904999,1842.107227013272,1842.8671088653211,1843.28822565525,1843.3727369563403,1843.1158917073715,1842.6245168000119,1841.8909817419992,1840.9106794436661,1839.6877850800236,1838.2552681365053
Buena Vista,Iowa,42.741522,-95.141433,16.276055818749548,16.32552594495258,16.37290988228011,16.41682964808017,16.456780165046045,16.492766923148466,16.524301314992904,16.551306480989204,16.57415573914669,16.592459301543858,16.60589874987868,16.61473760274594,16.618459802897497,16.617213579542916,16.61062561467291,16.598964916853,16.582434614999997,16.56092490969942,16.53511655732117,16.505157787074804,16.471059578901787,16.432701153446164,16.393206304050466,16.352498171124537,16.310477935195333,16.267837332574214,16.223807767359663
Buffalo,Nebraska,40.855226,-99.074983,48.2657316736914,48.41552707237955,48.564684098977665,48.70765169183344,48.84459638279643,48.975157352859256,49.09905704893927,49.21721139620913,49.33078611761581,49.44003101093368,49.54333626828355,49.64059086843238,49.73218338569583,49.81708687366823,49.89535684296608,49.967048804205945,50.033883586500004,50.095805679231745,50.15445264558861,50.20982448557062,50.26350325174865,50.31446199771706,50.36411624419715,50.408830045806674,50.44982463610913,50.48776614250281,50.52151659734898
Buffalo,South Dakota,44.044306,-99.203998,1.7425619223963662,1.7496803142486146,1.7568213761386087,1.7637425386624666,1.7704097967635692,1.7767755433626493,1.7827695013426954,1.7884211417527762,1.7936987265400484,1.7984843715082317,1.8028891598422816,1.8066977261836124,1.8100098186983045,1.812721155212728,1.8149768239684558,1.8167609559390674,1.81799874,1.8187468512456184,1.8190347607249924,1.818930478551361,1.818492946822863,1.817785641645187,1.8171032735090322,1.8164481094181721,1.8157816103084397,1.8152125923610145,1.8146503754249133
Buffalo,Wisconsin,44.389759,-91.758714,31.807786837776064,32.01288372635538,32.217680908929204,32.41995364476429,32.61977109678499,32.81682779540877,33.01046092927727,33.1999500512619,33.385531468020794,33.56552797863854,33.73917879094728,33.905740403510265,34.06462493147055,34.21506581908323,34.35625040198724,34.4879481371014,34.610014935,34.722762028842595,34.827088536645725,34.92313278425808,35.01106191541352,35.090812530764715,35.168119389455576,35.24214100923989,35.31357478293813,35.382754998018015,35.45040210160816
Bullitt,Kentucky,37.969572,-85.703036,32.29587753002751,32.47047606285174,32.641143847449605,32.80554115273401,32.9641515231296,33.11704515056901,33.26408945029065,33.406415292319906,33.5449663681953,33.67926693259575,33.80935598103942,33.93536609828785,34.05721149420123,34.17494676250492,34.28907104583081,34.39952195134994,34.506595845,34.611189623697705,34.714426358364896,34.81595508933848,34.91601758883081,35.01533917347889,35.11533148103861,35.21599451150996,35.317640229037906,35.42051040583477,35.52490140783828
Bulloch,Georgia,32.393408,-81.74381,67.73621011669994,68.76876677872592,69.800761012485,70.82787829976549,71.85080434078317,72.86802905416393,73.87903623862175,74.88261628815795,75.87980930984143,76.86931324371191,77.85018043666216,78.82145553108809,79.78380111371516,80.73668557426369,81.68047872858034,82.61683704347863,83.5456603605,84.46921380170562,85.39020934997144,86.3078919646104,87.22098269915261,88.12882667136952,89.03337311895315,89.93259575924341,90.82556234812668,91.71217272714445,92.59139449372468
Bullock,Alabama,32.101759,-85.717261,4.586163978013269,4.600348628300545,4.614673509387996,4.628787028109967,4.6428416092492535,4.6567783152231765,4.670630679483952,4.684338748283677,4.69802446144859,4.711609574256856,4.72509916753457,4.738491208951291,4.751861910898421,4.765215338036834,4.778536247888248,4.7918876426962225,4.805358944999999,4.819024334860541,4.833022010747582,4.8474566376786505,4.862308908514586,4.877686536768571,4.892922918057159,4.908053618163008,4.923103025051363,4.938073171052665,4.953036203897433
Buncombe,North Carolina,35.609371,-82.530426,226.27307158723363,229.60891934557876,232.97273469617778,236.34945207754305,239.74366239632744,243.1559988810349,246.5850631520527,250.0338102757322,253.51226637005132,257.02072166474085,260.5592553133638,264.1293712336169,267.7351854107751,271.3793626814591,275.06657310588474,278.79196193218894,282.559460454,286.3703087438046,290.23089185568335,294.13978502550253,298.0904185075348,302.0804176948904,306.11366111215557,310.1832623993508,314.29109485746676,318.43932201722487,322.62303635772025
Bureau,Illinois,41.401304,-89.528377,50.43247960955666,50.62751336635377,50.81725686937405,50.99845703114058,51.171747725316145,51.337467815179565,51.49483592187613,51.64707722649507,51.796396333662315,51.94101919444742,52.08070262461497,52.21372041475626,52.34012040439301,52.45868268572137,52.5700690387918,52.67383694802837,52.769862828,52.85990079450306,52.94638268989162,53.02899357064772,53.108136086079156,53.18362286472584,53.25834421102501,53.33273865392577,53.40623610579428,53.479067790985546,53.55192738256446
Burke,Georgia,33.063737,-82.00389,19.489662353844448,19.786758702598352,20.083693224509563,20.379224508181984,20.673549849355364,20.96623475404107,21.25713069623279,21.545889637378405,21.832810846296614,22.117519682762524,22.39974347963022,22.67920735294771,22.956101948036537,23.23027430527825,23.501830831363947,23.77124813959747,24.038497411499996,24.304230388054457,24.569227384995525,24.833271155328898,25.09599370924786,25.35720661823697,25.61747073423049,25.876203037233502,26.133135293712208,26.38823868518775,26.641216159647527
Burke,North Carolina,35.746182,-81.70618,70.57472071034913,71.61517383287939,72.66435006593454,73.71755045092048,74.7762068946593,75.84051690154016,76.91004431603685,77.9857108252992,79.0706435821568,80.1649331094548,81.2686040952418,82.3821256124423,83.50678143958633,84.64340274097869,85.79344611148994,86.95539735080266,88.130482632,89.3190887345109,90.5232071609269,91.74239352637221,92.97459872280842,94.21908210877591,95.47705339865874,96.74636473222391,98.02760039328963,99.32143518851913,100.62633845889575
Burke,North Dakota,48.786453,-102.520087,2.5048678222597602,2.5064494695453634,2.5080705594066677,2.5093090562836733,2.510330618994324,2.5109617002055384,2.5110050870388076,2.5106461595999314,2.5099322489797458,2.5088870207236744,2.507202822741249,2.5051281432593857,2.50248549068743,2.499211756904262,2.4952438337887575,2.490680327780172,2.485324026,2.4792064825088014,2.472497300382091,2.465074207635195,2.457154138434469,2.448504381583277,2.439077605990779,2.4286411004603403,2.417352635294763,2.4053581480241415,2.3924525372548304
Burleigh,North Dakota,46.971843,-100.462001,103.54221693143924,103.6075965354645,103.67460655355522,103.72580155521092,103.76802927950652,103.794115904554,103.79590936002603,103.78107259203027,103.7515620974453,103.70835612471039,103.63873744411492,103.55297766427132,103.44373992188501,103.30841555445114,103.14439589946514,102.95575699209053,102.73434676199999,102.48146954044593,102.20413610790986,101.89729218078888,101.56990503644293,101.21235523188588,100.82268627023909,100.3912787085163,99.92465420297945,99.42884528567072,98.89537380344966
Burleson,Texas,30.493487,-96.622091,15.343248140780261,15.598218072727226,15.854467364282003,16.11101526439621,16.36776588958746,16.624700063159274,16.88158013105174,17.140436768445365,17.402703433401797,17.668194522894414,17.936714160666355,18.208137013308495,18.48239664726518,18.759651270282355,19.04009196444276,19.323956383806316,19.611525329999996,19.90405350687902,20.202758634669653,20.507945485869485,20.819899656279613,21.138975229902847,21.463498355089566,21.79341218663234,22.129042043489275,22.47086049425212,22.818723713697285
Burlington,New Jersey,39.875786,-74.663006,1944.8065027527111,1958.5118411017504,1971.7639031211957,1984.4451146642907,1996.6318429387384,2008.360815868478,2019.6396477792048,2030.6526501428827,2041.5019445041228,2052.1678231964224,2062.626547439673,2072.8364623933103,2082.7521060539207,2092.3580258193597,2101.606072277145,2110.4653402229874,2118.9403086720004,2127.1353386763526,2135.175170806986,2143.011655651418,2150.6821929858565,2158.1337064811923,2165.584996025773,2173.0293430969255,2180.45577410762,2187.8504041110014,2195.263845977863
Burnet,Texas,30.789616,-98.201195,32.29278914825558,32.82942195090344,33.36874740960957,33.90870134692461,34.449081957790625,34.98984888119605,35.530501928890246,36.07531504370661,36.627305211260754,37.186081794619184,37.7512325348779,38.32249364399693,38.899725299900446,39.48326048093399,40.07350135574864,40.67094811259507,41.27619175199999,41.89187303729252,42.52055489270798,43.162878770037594,43.81944576006092,44.49100110002755,45.17402185021236,45.86838836904534,46.57478535225863,47.29420741049476,48.02635183616686
Burnett,Wisconsin,45.865255,-92.367978,30.86233245193984,31.061333042344835,31.260042835203077,31.456303217956016,31.65018129772981,31.84138068471721,32.02925826895907,32.21311501789105,32.39318021419428,32.567826510059064,32.73631572709747,32.897926463703165,33.05208830930369,33.19805749325061,33.3350455068114,33.46282865956549,33.581267145000005,33.69066294518273,33.79188845275392,33.88507788196592,33.97039340837364,34.04777351711141,34.122782507391086,34.19460390917755,34.26391438599304,34.33103828894741,34.39667465060494
Burt,Nebraska,41.854179,-96.337746,6.26966454039275,6.289122795077842,6.30849812594271,6.327069456289739,6.344858418419857,6.361818142347719,6.3779125742384455,6.393260691747143,6.40801392098031,6.422204710389338,6.43562394773192,6.448257211474104,6.460154976984722,6.471183845074717,6.481351026511063,6.490663732060736,6.499345495500001,6.507389106061876,6.515007281372159,6.5222000214308515,6.529172833096771,6.535792317180861,6.54224234824101,6.548050621040286,6.553375772452158,6.558304331680345,6.562688478001832
Butler,Alabama,31.751667,-86.681969,8.371892124862997,8.397785739352862,8.423935340575273,8.449699106722544,8.475355284243093,8.500796284510196,8.52608332174251,8.551106952336987,8.57608977345236,8.600888951911774,8.625513762596851,8.649960495554938,8.674368274010247,8.698744517868068,8.723061402483559,8.747433936388736,8.772025357499999,8.796971079088918,8.822523377935392,8.848873316600661,8.875985650534604,8.904057007227426,8.931870522211382,8.95949111965777,8.986963318998333,9.014290830185715,9.041605356538842
Butler,Iowa,42.734708,-92.780066,12.374129881699249,12.411740330675176,12.447764721432163,12.481155420778233,12.5115284356709,12.538887939947584,12.562862462078058,12.583393568338474,12.600765079673263,12.61468065362574,12.624898207625636,12.631618085869032,12.63444794763861,12.633500486544664,12.628491881642756,12.619626650966376,12.607059226499999,12.59070613149526,12.57108492179203,12.548308291000593,12.52238458679579,12.493221984754419,12.463195398367466,12.432246393911079,12.400299842311732,12.367881647084115,12.334407470989683
Butler,Kansas,37.773681,-96.838762,74.4518974499156,74.75992963234418,75.06676631190369,75.36683753204493,75.66250712798633,75.94869421253429,76.22607804868261,76.49623452657688,76.76090255948125,77.01875079192787,77.26904561988343,77.5090699913727,77.73811747288218,77.95708469156365,78.16219494517162,78.35575772788496,78.53818059749999,78.71030584012901,78.87294857136456,79.02782053395103,79.17361754294035,79.31080149716826,79.44054072898412,79.56169407655834,79.67521250808227,79.78321532409653,79.88361039458022
Butler,Kentucky,37.207013,-86.682471,5.680243464938983,5.710952095603705,5.740969380851221,5.76988380555224,5.797780416166813,5.824671558148821,5.850533912307605,5.875566377622321,5.899934931861781,5.923555900283029,5.946436141471557,5.968598974618023,5.990029310834352,6.01073675214023,6.030809088429901,6.05023534596659,6.069067649999999,6.087463747996362,6.105621167217739,6.1234781803947325,6.141077310757372,6.158546127995733,6.176132912904495,6.193837665483652,6.211715254417111,6.229808202934897,6.248168636286723
Butler,Missouri,36.71518,-90.40313,55.871044213105996,56.1821665379254,56.494107451834736,56.803202794145754,57.10951103550778,57.41253517540189,57.711290957898555,58.00686009000946,58.299934474417746,58.58852610904788,58.8713388945075,59.14848002698697,59.418253857657135,59.68061166097693,59.934754338072885,60.180564947646445,60.418521,60.65009400647383,60.87883118645758,61.10330000904389,61.32489402470725,61.54392507691049,61.76418401274862,61.985134851269905,62.20836604511312,62.434043261117885,62.662731715560554
Butler,Nebraska,41.226072,-97.13204,7.54419791233809,7.567611752652396,7.59092581191663,7.613272428825838,7.634677633219164,7.655085027111788,7.674451227438461,7.692919398314503,7.710671748613956,7.72774732309554,7.743894499980815,7.759095926043688,7.773412337575505,7.786683217234845,7.798917241634761,7.810123087388298,7.820569729500001,7.830248491356812,7.839415333043698,7.8480702545606595,7.856460539379609,7.864425670159129,7.872186900531982,7.879175912343422,7.8855835910805405,7.891514056099932,7.89678943683408
Butler,Ohio,39.439915,-84.565397,334.18005415955895,334.8738106331042,335.5398495252772,336.15795158987714,336.73298928594494,337.2646708494664,337.75130404915774,338.1945519399012,338.59488134412004,338.94572757148904,339.24230569217144,339.4804434807608,339.65809858915577,339.77226584800775,339.82347043254265,339.80914481943347,339.73171064999997,339.59621544169215,339.41412552027754,339.1872789990473,338.9201398674223,338.6136709466502,338.29979121991124,337.9780922175852,337.6519292258381,337.3237238859899,337.0028418229043
Butler,Pennsylvania,40.913834,-79.91896,555.4306369486676,557.0027284280653,558.5375268298573,560.0072864628928,561.4185067217061,562.7789420563281,564.0796277846422,565.3298871760497,566.5332164565765,567.677782245828,568.7524683379796,569.7475928763456,570.6521293019221,571.4526305915342,572.1453764021034,572.7209986408176,573.1728186195,573.5128041887765,573.7493821498365,573.8804906257934,573.9068019678061,573.8268370033248,573.6738547030031,573.4454794260799,573.1402768234162,572.7595467739195,572.3135538386128
Butte,California,39.665959,-121.601919,277.1897379140204,280.3865334588658,283.5804348002503,286.7523028507708,289.9051251752901,293.04356984390665,296.16674992330167,299.3001841966793,302.4743162611975,305.68209733100764,308.91510931969924,312.1634325783133,315.418835743243,318.6731419116997,321.9197068639101,325.1559865016705,328.37339157599996,331.59670175900396,334.84378019892506,338.1124951437519,341.3974938731051,344.6994532571487,348.01081880244055,351.3277626914998,354.6530779862687,357.9907481065645,361.3464447575567
Butte,Idaho,43.6851,-113.177627,1.6831128589807876,1.7088588100520234,1.735099058122457,1.7616198531383807,1.788436983456035,1.8154933680951681,1.8427331405644714,1.8701356545519368,1.8975150932495137,1.924962543327816,1.952362628337399,1.979671626676368,2.006929616479793,2.0341050210351956,2.061112826116668,2.0879967533261055,2.114829672,2.1417002398310814,2.168551375839098,2.1955506794979796,2.222631353915944,2.2499950042572805,2.2776355580772845,2.3055894500441996,2.333985415985827,2.36279430816757,2.392086566948038
Butte,South Dakota,44.896435,-103.501762,10.655713982941135,10.699242735992128,10.742910115645193,10.785232817258148,10.826002900927882,10.864929250790047,10.901582124378207,10.936141736275063,10.968414009237707,10.99767808493537,11.024613233718194,11.047902502866496,11.068155849429393,11.08473559103735,11.098528937943637,11.1094388515268,11.117007863999998,11.121582541868417,11.123343099714749,11.122705417345207,11.120029923925195,11.115704773940507,11.111532113218106,11.107525804418191,11.103450182317236,11.0999706546052,11.096532714873783
Butts,Georgia,33.290355,-83.958221,26.73075605966126,27.13823413088553,27.545490250914455,27.950821780441334,28.354499317498828,28.755926938329598,29.154900934302297,29.5509439583256,29.94446646808949,30.334954631374636,30.722034475619022,31.10532898783331,31.485099644768166,31.86113665693759,32.233585964853575,32.60310126039283,32.96964301799999,33.33410512331111,33.697557806747525,34.05970310643058,34.42003631142291,34.7782989854012,35.13526035648077,35.49012079227296,35.84251240107042,36.1923956573178,36.53936314375245
Cabarrus,North Carolina,35.387845,-80.552868,182.95064031962158,185.64780388007972,188.36758033422046,191.09778858554125,193.84214056187298,196.60114825326133,199.37368101502204,202.162128134035,204.97459611935608,207.81131963308957,210.67236267399122,213.5589412184195,216.4743832016709,219.420843248521,222.4020972855564,225.4142200557605,228.460390164,231.54161025744756,234.6630429023969,237.82353612124516,241.01777801726885,244.24384862779695,247.5048838918588,250.7953159177081,254.11665934256322,257.4706634657468,260.853360364405
Cabell,West Virginia,38.41958,-82.243392,29.867678664924554,29.935997546645147,29.994079294077572,30.040047647882826,30.073244271450744,30.094837712264383,30.10476213666273,30.104070883222047,30.092977911340647,30.071993431891418,30.04087056864553,29.999708072094542,29.947189269018068,29.885552503890718,29.813711521305713,29.732867785576595,29.6434492155,29.543793511135217,29.436912562473804,29.322954495253036,29.20208389362547,29.07272074972668,28.936115903116015,28.790113301395134,28.63688545537761,28.47570819479227,28.307799442367916
Cache,Utah,41.734225,-111.744581,71.83648175898097,72.87123608507262,73.92196302781866,74.98130915615558,76.04755666036769,77.12239321315809,78.20593936257704,79.30202250921906,80.41516320496747,81.54738062966348,82.69909670148284,83.87251142234217,85.06828780651765,86.28793270463703,87.53382694069222,88.80898421593878,90.11250042,91.452844053404,92.8318233369041,94.24889580427428,95.7093957067369,97.21235865989016,98.73873807179899,100.28461613083122,101.85192160579038,103.43736956230791,105.03854903937942
Caddo,Oklahoma,35.16792,-98.381045,16.338936781492595,16.404856616056616,16.47126560840361,16.537236688068703,16.602783830988542,16.667543662810054,16.73160003915318,16.79587537183726,16.86091006374635,16.926196322515263,16.991804027827282,17.05853446671739,17.12572145287161,17.19365848095974,17.262317599108464,17.332006277924236,17.403255602999998,17.476643246384235,17.55297981240303,17.632353815321878,17.714928307735107,17.800656703187194,17.88672052111904,17.97278433905089,18.058764301362796,18.145005147825625,18.23044936589903
Calaveras,California,38.187844,-120.555115,55.83468382645131,56.47861844628064,57.12197008300103,57.760883525730904,58.395960563485865,59.028141491602945,59.6572476539681,60.28841933175683,60.92778881772511,61.57393626591412,62.225166010399505,62.87947992359019,63.535219951375296,64.19073900975621,64.84469874503662,65.4965866962579,66.14467272,66.79394821734337,67.44801138511086,68.10643282176525,68.76813432198679,69.43325222859939,70.10026483031598,70.76840108496027,71.43822360257555,72.110534768516,72.78647704161612
Calcasieu,Louisiana,30.229559,-93.358015,36.6170640145197,36.76046380052987,36.900134284099686,37.03387031248186,37.16114491902718,37.28196621091488,37.39581532867498,37.504816353262655,37.60917196415835,37.708776768032216,37.80256061722747,37.89069376250769,37.97309513208069,38.050340335670974,38.12302930454067,38.192572687873735,38.259075879,38.325425033721125,38.39281190738217,38.463020079411116,38.53499561650962,38.609614094033226,38.681070771661766,38.74922782734853,38.814133904168834,38.876413254922454,38.93580644987443
Caldwell,Kentucky,37.148643,-87.87051,6.294117310253015,6.328144676339352,6.361405982100164,6.393445239246449,6.424356685357934,6.45415400008329,6.482811344086139,6.510549111706166,6.537551218219936,6.563724946008685,6.589077894877229,6.613635904161945,6.637382254292236,6.660327584994845,6.682569173771428,6.704094860934277,6.724962404999999,6.745346601479378,6.765466324751135,6.78525317657192,6.8047542757315975,6.824110978599758,6.843598398110765,6.86321653426462,6.883026185499855,6.903074470606335,6.923419148100667
Caldwell,Louisiana,32.101244,-92.11418,1.8405168257237698,1.847724659723029,1.854745044398472,1.8614671401499292,1.8678644595729488,1.873937410166061,1.8796599120233426,1.8851387297596631,1.8903840508382737,1.895390577778284,1.9001045207737288,1.9045344372937394,1.9086762523530156,1.9125588983471884,1.9162125301674824,1.9197080525581227,1.923050763,1.9263857309698065,1.9297728587514578,1.9333017960215606,1.9369195679712112,1.9406701844416534,1.9442618764853818,1.9476877166273863,1.9509501498588468,1.9540805535665755,1.9570658877976117
Caldwell,Missouri,39.658998,-93.979179,12.350017484799718,12.418789533103945,12.487742526470424,12.556066520334777,12.623774439344311,12.690756423996943,12.756794909396385,12.822129001517768,12.886911642020843,12.950703392897289,13.013217757798524,13.07447843191128,13.134110600463746,13.192103492916488,13.248280472423032,13.302615689688766,13.355214695999999,13.406402761647223,13.456963981900213,13.506581702900005,13.555563962074025,13.603979690874558,13.652666837268475,13.701506925322148,13.75085107462068,13.800735904998092,13.851286354711657
Caldwell,North Carolina,35.957857,-81.530076,69.96971482847523,71.00124860633635,72.041430715352,73.08560247902292,74.13518352906696,75.19036967675547,76.25072850553077,77.31717380132616,78.39280590927255,79.47771457620263,80.57192427852534,81.67590006801032,82.79091471792181,83.91779226736043,85.05797682445287,86.20996716945159,87.374978964,88.55339567183795,89.74719172328567,90.95592654298243,92.17756858898723,93.4113835690322,94.65857082715483,95.91700091577839,97.18725310991417,98.4699964314062,99.76371334290093
Caldwell,Texas,29.840422,-97.631097,35.16043924484215,35.74472587823469,36.33194427974765,36.91984696975125,37.508214222583355,38.09700209311153,38.68566597558751,39.27885934564141,39.87986710192208,40.4882639183264,41.10360092671602,41.72559091426113,42.3540816424673,42.98943565867702,43.63209084474552,44.282591806421095,44.94158202599999,45.61193677071808,46.296446556484426,46.995809797010814,47.71068096087655,48.44187146356254,49.185545522795586,49.9415728726474,50.71069901090023,51.49400687117457,52.291166864977235
Caledonia,Vermont,44.468791,-72.112168,80.59664271727006,81.15043894519206,81.70474961457056,82.25713112848719,82.81285651187105,83.36793884343433,83.91980591589443,84.46704301524608,85.00746376529908,85.54042511423285,86.06669872423211,86.57651020762337,87.07243177168917,87.54880456040796,87.99804056229635,88.42631307483242,88.82937795599999,89.2027338430547,89.55384013711578,89.88038185162904,90.17760040312177,90.45012576470252,90.70323096130042,90.93292907162756,91.15208113209646,91.355414117778,91.5534740785304
Calhoun,Alabama,33.771706,-85.822513,53.930933394458464,54.097737598044354,54.26619084383203,54.43215857673585,54.59743323393166,54.76132173971148,54.92421843025398,55.08541828027,55.24635523950021,55.40610919019437,55.56473988025832,55.72222341052971,55.87945599959648,56.03648544578333,56.19313250537266,56.35013805239716,56.508553649999996,56.669251617606776,56.83385709825692,57.003600898811236,57.1782559772274,57.35908898910972,57.53826100920906,57.71619027286648,57.8931635700301,58.06920479986227,58.245162382626226
Calhoun,Arkansas,33.56046,-92.513879,2.2602362753930856,2.2768026993680452,2.293273197795887,2.309539546982425,2.325645200380629,2.3415344063904646,2.3571768295824986,2.3726946315509267,2.3881370048840145,2.4035605210582665,2.418870894279508,2.4341419134301363,2.449272733704207,2.464324025960582,2.479297429952203,2.4941781879025897,2.5090015544999997,2.5238290204797655,2.5386671448536555,2.5535438034216864,2.568497530378001,2.583434859804893,2.598327915902347,2.6130963507761935,2.627736884920549,2.6422650959883653,2.6565703006560426
Calhoun,Florida,30.388801,-85.197916,27.178896971321628,27.696536270914105,28.226117941430378,28.76590836187276,29.316511768756865,29.87836789441605,30.45176620294025,31.038674417432684,31.64084039482986,32.258552017450754,32.89157360141884,33.54008072331329,34.204335957117294,34.88421750646516,35.58023944692645,36.293322369213435,37.0237620645,37.77337282410396,38.54385505183233,39.33568327898012,40.149933109815954,40.98757416995259,41.838033902137745,42.70123005428031,43.5778696780098,44.468713605169164,45.37431703737356
Calhoun,Georgia,31.521279,-84.62629,11.058133990198256,11.226701878798506,11.39517794934274,11.562857844140934,11.729853505754535,11.89591840899205,12.060968282486986,12.224805654529815,12.387600325635102,12.549139730714256,12.709269162631777,12.8678326564706,13.02493838144741,13.180499550632534,13.334576537542267,13.48743976521831,13.639072882499999,13.789845677174595,13.940200888361536,14.090015253465076,14.239079980741378,14.387288158755359,14.53495800624911,14.681758726664642,14.827538128429648,14.972279860383475,15.115815379793139
Calhoun,Illinois,39.164262,-90.666295,7.086702868764599,7.114108744789344,7.140771241608724,7.166233239831953,7.190583810516789,7.213870570266445,7.2359837207958755,7.257376460128547,7.278358576282974,7.298680782336479,7.318308906373826,7.337000383816318,7.354761937007943,7.3714221461771485,7.387074003749026,7.401655328041738,7.4151487529999995,7.427800764569823,7.439953081903635,7.451561449570223,7.462682447298101,7.473289745906673,7.483789487011529,7.494243292099174,7.504571053237152,7.514805261754712,7.525043391639596
Calhoun,Iowa,42.38617,-94.643683,8.153254155586309,8.17803549797871,8.20177179430418,8.223772764134301,8.243785396316024,8.26181244097058,8.277609137308605,8.291136983632903,8.30258298818702,8.311751892363723,8.318484189131741,8.322911884310052,8.324776466503156,8.324152188984225,8.320852043509708,8.315010786019812,8.306730171,8.295955196025702,8.283026876129272,8.268019464583903,8.250938461632042,8.231723364606662,8.211938992486928,8.191546843575631,8.170497415690663,8.149137224106845,8.12708125185215
Calhoun,Michigan,42.24299,-85.012385,208.88716751641553,209.8855374657014,210.86219388641194,211.8049846048843,212.71512278227948,213.59293741145441,214.43513856383737,215.23267893585518,215.98724461590098,216.6929342945987,217.3451831960548,217.93971441312553,218.47336138956032,218.9417032838406,219.34274557676957,219.673301150043,219.931581105,220.12393911619515,220.25545401086154,220.3271127675708,220.34006686132315,220.29629024926172,220.23925111264435,220.1704093572749,220.0886135081531,219.99495335411848,219.8941376054397
Calhoun,Mississippi,33.936634,-89.337114,4.040114823683196,4.05750994109726,4.074433302927054,4.090663643279073,4.10615503904334,4.120990986783447,4.1350448500446175,4.148440482062839,4.161219631119908,4.173211129260467,4.184420542922089,4.194879879120817,4.2046392357948035,4.213713920647372,4.222028786771295,4.229784225919182,4.237188979499999,4.244286187404938,4.2512372763235975,4.258082602928379,4.264788768593849,4.2714337034460215,4.277997924953393,4.284402111380555,4.290832738386186,4.297157603077939,4.303426803393967
Calhoun,South Carolina,33.67478,-80.780347,5.473246151171994,5.528668335025874,5.583816648756939,5.638537203439034,5.692657852137817,5.746242497881945,5.799139860032151,5.851417754047415,5.903160949251466,5.954198602853403,6.004511152701602,6.054012525328888,6.10266229228856,6.150603909359235,6.197710874627043,6.243944063788724,6.289332168,6.334001689174742,6.378115645243204,6.421664907201287,6.464649475048991,6.507088910937948,6.549224481404924,6.590992283421259,6.63245361172873,6.673618899474869,6.714472496938377
Calhoun,Texas,28.445366,-96.5833,18.346317413297115,18.65119153508838,18.957595420149797,19.26435635916507,19.57135970178204,19.878582517930273,20.18574063852265,20.495262194231564,20.808861207821703,21.126315748968562,21.447391603381284,21.771938906671007,22.099878222522296,22.431398724016216,22.766728892925975,23.106152898338706,23.450006501999997,23.799789985660887,24.156959408793725,24.521879195732144,24.894890840739333,25.276417731187188,25.66445839949954,26.058944874396182,26.460266148143347,26.868987283190936,27.28493630401072
Calhoun,West Virginia,38.844159,-81.115478,1.982842467715771,1.9873779919371937,1.9912338977375796,1.9942856248275418,1.9964894678423843,1.997923003804443,1.998581862177249,1.9985359715443174,1.9977995361491743,1.99640642764946,1.994340256533413,1.991607578605738,1.9881209831370412,1.9840290683672923,1.9792597204447406,1.973892701659959,1.9679564204999993,1.9613405209190033,1.9542449549604577,1.9466795563314212,1.9386552513730664,1.9300671472101216,1.920998284035511,1.911305526779851,1.901133103146643,1.8904329372347193,1.8792858839687696
Callahan,Texas,32.29315,-99.372249,11.026016676688382,11.209244028283461,11.393390757590609,11.577752073986863,11.762259073361047,11.94689797489092,12.131497994815202,12.317518423774283,12.505989378230344,12.696777479511024,12.88974196636062,13.084792771262379,13.281882153510685,13.481123804888998,13.68265504144746,13.886646646947355,14.093300411999996,14.303517996117444,14.5181744815117,14.737488884821888,14.96166644186488,15.190961605679835,15.424171507354396,15.661255296594076,15.90244675520467,16.148085482019862,16.398068120872885
Callaway,Missouri,38.835966,-91.924089,58.617282206139386,58.94369717424,59.270970967665455,59.59525932067602,59.916623577937784,60.2345423097892,60.54798288101833,60.85808016794722,61.16556008245759,61.46833690590342,61.76505083152042,62.05581432452966,62.33884838961548,62.61410190622279,62.8807364972488,63.13862947336137,63.388281816,63.631237365927184,63.871217699550485,64.10671987255148,64.33920593280457,64.56900305186207,64.80008840890679,65.03189967783322,65.26610338873598,65.50287335150219,65.74280256457045
Calloway,Kentucky,36.620978,-88.274086,19.61084952312342,19.716870037691894,19.82050370545899,19.920329784281023,20.016641894201026,20.1094826574833,20.198771565406386,20.285195310006383,20.369326923947916,20.450877522995086,20.529870786183643,20.60638722223505,20.680374737270707,20.751866481940638,20.821165547902158,20.8882340486981,20.953251944999998,21.0167638546296,21.07945173381586,21.141102471237243,21.201862876915246,21.262173380914426,21.32289116432812,21.384016227156337,21.4457380016849,21.50820329793532,21.571592076579133
Calumet,Wisconsin,44.07841,-88.212132,56.05869183447539,56.42015877122635,56.78109750000453,57.13758709239667,57.489749442550355,57.837046184647164,58.17830916643963,58.512268657223984,58.839341128671045,59.156570647702445,59.46261637869497,59.756167959562354,60.03618929005031,60.30132937668999,60.550155963247555,60.782262735897824,60.9973957485,61.196103524718126,61.37997068847052,61.54924102805231,61.704209120986754,61.84476323097195,61.98101041440994,62.1114676258387,62.23736396457948,62.359288585678875,62.47851121984062
Calvert,Maryland,38.521358,-76.525864,528.3381343652776,534.1633632889115,539.9877338220102,545.7942689073275,551.5964166632436,557.3982782889815,563.1967063525797,568.9957066765345,574.8037677894694,580.6049617781244,586.3886064491763,592.136103341034,597.8257065601455,603.4475923037218,608.9777256367846,614.4062827565447,619.7222953395,624.9395930109358,630.0775372462518,635.1346973945562,640.1089751678746,645.0072376904868,649.9133211046396,654.8286560612249,659.7642108837445,664.7378210199802,669.759310272721
Camas,Idaho,43.463396,-114.804427,0.5816385205880759,0.5905356285938186,0.5996035523436218,0.6087684255697836,0.618035704303441,0.6273856628935602,0.6367989953838099,0.6462685669642418,0.6557301643453193,0.6652152646297567,0.6746839968207827,0.6841212519090949,0.6935408798198874,0.702931968490886,0.7122651392928911,0.7215555012352054,0.730828236,0.7401139813005828,0.7493930114859202,0.7587232444250055,0.7680815969091814,0.7775377382591222,0.7870895700013127,0.796749682976839,0.8065625648242031,0.8165181428705365,0.8266407594086047
Cambria,Pennsylvania,40.494127,-78.715284,388.2464764928271,389.345369742493,390.41819509994224,391.44555830401777,392.4320024368973,393.38294786559203,394.2921282698576,395.16606062274815,396.00718878915916,396.8072412263678,397.55844769727105,398.25404057600497,398.88631228866876,399.4458633548959,399.93009325178497,400.33245367468027,400.64827621499995,400.88592641027026,401.051294601521,401.14293953509593,401.16133118501335,401.105435608433,400.99850085346156,400.8388663452346,400.62552947251265,400.3593988517314,400.0476494195706
Camden,Georgia,30.916358,-81.636516,50.614986837107196,51.386551141737925,52.15769517928733,52.92519498310422,53.689562933602815,54.44967064245519,55.20513238507986,55.95504429939783,56.70018359165535,57.43957731477381,58.172517347506535,58.89828981152369,59.61738981598951,60.32942012215592,61.03465707002161,61.7343384324973,62.4283893675,63.11850245752159,63.806704195885686,64.49243038842835,65.17472535932079,65.85309975648205,66.52901012198846,67.20094234293065,67.86819981222858,68.53070768779934,69.1876945204799
Camden,Missouri,38.031995,-92.765138,61.85344046674715,62.19787623785413,62.54321824853929,62.885409997833634,63.2245162171356,63.55998668955843,63.890731769895034,64.2179489890166,64.54240433513797,64.86189694071217,65.17499192640709,65.48180796645318,65.78046785029564,66.07091763510243,66.35227265842822,66.6244034574761,66.887838672,67.14420737552739,67.39743660623034,67.64594044484708,67.89126165637379,68.1337454749355,68.37758865286443,68.62219781900828,68.86933150969135,69.11917313054256,69.37234841841348
Camden,New Jersey,39.802352,-74.961251,2298.372381438966,2314.5693506979237,2330.2306379774036,2345.2172941473523,2359.619569976051,2373.480870525079,2386.810194404763,2399.8253609180238,2412.6470573092492,2425.2519930575927,2437.6121136720344,2449.678191460784,2461.3964994268877,2472.7487756846826,2483.6781172570973,2494.148000372806,2504.163718332,2513.8486050291644,2523.3500788746587,2532.611236891415,2541.6762781360403,2550.4824770012533,2559.2884112014567,2568.086140786362,2576.8626971704975,2585.6016711232664,2594.3628769368433
Camden,North Carolina,36.342344,-76.162488,8.918170276037246,9.049647071376501,9.182226162044941,9.315313764426561,9.449090821339551,9.583582290413998,9.718733056883455,9.854659589688357,9.991757051305202,10.13003688064779,10.269502197419877,10.410212275992942,10.5523293409626,10.695958422355497,10.841283582693588,10.988113480146142,11.136603059999999,11.286801197614091,11.438959549091878,11.593021959765645,11.748729494223157,11.905988561351565,12.064952026635194,12.225348475846767,12.387251741975305,12.550747096923642,12.715641119058539
Cameron,Louisiana,29.871989,-93.165437,0.4346460623442397,0.43634822372740273,0.4380061181365578,0.4395935703175086,0.4411043251543629,0.4425384788796726,0.4438898726100978,0.44518371927431233,0.44642242468612126,0.44760473782234594,0.4487179559860971,0.4497641000609708,0.45074220772144513,0.45165911147872567,0.45252193254167455,0.45334741537437323,0.45413681100000003,0.45492437820713516,0.4557242631809509,0.45655763708292907,0.45741198968128527,0.4582977140916558,0.4591459078066716,0.45995493487294536,0.4607253726857905,0.4614646311517255,0.46216963082908047
Cameron,Pennsylvania,41.438289,-78.198315,13.24905968873004,13.28655984169443,13.323170417854259,13.358229580620558,13.391892364412389,13.424343741329736,13.455369870794588,13.485193147008076,13.513896967795635,13.541199063594275,13.566834272087252,13.590571645450307,13.612148159772474,13.631243054186726,13.647767584853183,13.661498288367817,13.672275853499999,13.680385757421389,13.686029010275323,13.689156428728861,13.689784050825347,13.687876592869411,13.68422740340551,13.678779814680462,13.671499612201789,13.6624178028533,13.651779234096828
Cameron,Texas,26.102923,-97.478958,359.12995118125167,365.09787520702736,371.09574441450656,377.1006029684647,383.1102065833353,389.1241064020049,395.1367398023905,401.19563754667126,407.33435170406887,413.54853797895066,419.8336116165161,426.18663901491743,432.60606520486925,439.0955932575565,445.659695713501,452.30393519478616,459.034884252,465.8819109648429,472.87351776001185,480.016838259486,487.31855722813197,494.7869624919353,502.38287523714655,510.104964923037,517.9608460899221,525.9615798595232,534.1037998034902
Camp,Texas,32.974581,-94.979085,12.219238472149561,12.422294459584649,12.626369318643013,12.830681987138075,13.035156104241535,13.239776397787738,13.4443536020094,13.650504930162954,13.859371976631444,14.07080692866867,14.284653792011108,14.500812752147485,14.719230901932473,14.940034236732767,15.163374932770482,15.38944225581289,15.618459833999996,15.851426903313525,16.08931324627285,16.332361581225054,16.58079935435157,16.834908555282603,17.093356142129885,17.35609684383093,17.62338974176745,17.895611185736055,18.1726466344943
Campbell,Kentucky,38.946981,-84.379583,46.77413037967469,47.02700149397795,47.27417970429191,47.512276377289574,47.741991830525194,47.96342772299857,48.1763920321545,48.382522597434374,48.58318616761339,48.77769372058174,48.96610173356153,49.148602229107965,49.325070957332386,49.49558698634575,49.66087322459115,49.8208393085132,49.975914464999995,50.127397670160185,50.27691546799073,50.42395956349258,50.56888011544288,50.712727600172954,50.85754649312342,51.003336794294306,51.150550321462504,51.299537233405154,51.45072675701035
Campbell,South Dakota,45.782241,-100.027951,1.2709224080711226,1.2761141453621634,1.2813224168483985,1.286370306641248,1.2912330134479206,1.2958758154585073,1.3002474566679059,1.3043694315298693,1.308218592171125,1.3117089607766623,1.3149215549029338,1.3176992996955923,1.320114945613494,1.322092435358744,1.3237375877805864,1.325038828942386,1.3259415959999996,1.3264872244414148,1.3266972087203837,1.3266211514224895,1.3263020414552378,1.3257861745651727,1.325288495289821,1.3248106570487026,1.3243245517099878,1.3239095434106083,1.3234994953697872
Campbell,Tennessee,36.401592,-84.15925,15.938730431084547,16.080498165984007,16.22315547043942,16.365982601810057,16.509173647999038,16.65265313037737,16.796291657009643,16.940695752593097,17.08618350563561,17.23246647994784,17.379393718271796,17.527261743792803,17.675720120019115,17.82501145682964,17.97505218859941,18.12621162147742,18.2784169725,18.4320456348121,18.587499262546547,18.745071683223333,18.904892288777887,19.066777773968365,19.23008387478303,19.394619198984106,19.56030287661195,19.727293951920494,19.895719121179848
Campbell,Virginia,37.210151,-79.095429,57.48361938138726,58.19097208293631,58.8992955867161,59.60545404742579,60.31037203861847,61.01431152280082,61.71717233783792,62.42018724846721,63.12413443742916,63.82877505655592,64.53252192124805,65.23532109804827,65.93563933581447,66.63349974888543,67.32783907767518,68.01891157991074,68.70656316,69.39360606250015,70.08180468194163,70.77058886463338,71.46014352528601,72.14989851020849,72.84602534786747,73.5481156849437,74.2570632758718,74.97393908501739,75.69960604769666
Campbell,Wyoming,44.241321,-105.552029,24.507707300123453,24.65434013362199,24.793731239513214,24.925491800207464,25.049962031095678,25.16461461784512,25.267602676904918,25.362133953389726,25.450784363831005,25.53054057190893,25.601596986418336,25.66220392820576,25.713139032450535,25.751680576025052,25.779043613897006,25.797269438412073,25.805240198999996,25.80412234842974,25.79338126251553,25.774426405019863,25.747209173744032,25.71206978407898,25.668473611838944,25.61724689440193,25.558292427370535,25.492436448122763,25.417929277505184
Canadian,Oklahoma,35.543416,-97.979836,66.85355539252512,67.12327767436194,67.39500142896149,67.66493338889725,67.9331307391053,68.1981066712476,68.46020429494061,68.7231978159655,68.98929838518403,69.25642828325194,69.52487343484967,69.79791244297903,70.07281949235363,70.3507954666311,70.63172599593928,70.91686914887192,71.20839795299999,71.50867605234808,71.8210201732087,72.1457924868437,72.4836601508407,72.83443254874608,73.18657738511735,73.53872222148858,73.89052394824337,74.24339312713828,74.59300276467671
Candler,Georgia,32.403986,-82.071446,10.384988609385495,10.543295210171259,10.701515582171336,10.858988244290073,11.01581832477303,11.17177430523672,11.326777044192923,11.480641090691599,11.633525908925451,11.785231873349547,11.935613694366085,12.084524901161021,12.232067078331198,12.3781587219559,12.52285653041475,12.666414465199832,12.8088171705,12.950411923890469,13.091614513488516,13.232309180102394,13.372299841835893,13.511486095308426,13.65016678822928,13.788031260726735,13.924936585635491,14.060867407144395,14.195665442276983
Cannon,Tennessee,35.808394,-86.062404,5.764870735614493,5.816146630498967,5.867744273312022,5.919403340729622,5.971194032299823,6.023089048198381,6.0750415887265925,6.127271027472127,6.179892413694296,6.232801423064737,6.285943455934967,6.339425761614515,6.393121590919389,6.4471186932846605,6.501386843904915,6.556059616920202,6.6111106875,6.666676554765522,6.722902492781492,6.779894775863714,6.837700203710888,6.896252476749853,6.955318571480823,7.014829263349464,7.074755302544087,7.135154213694351,7.196071821505229
Canyon,Idaho,43.623051,-116.708527,127.42735401845036,129.37656283364694,131.36319454557378,133.37106627996914,135.40137336277286,137.4497942309718,139.51209926970208,141.58672536042715,143.6596044363171,145.73763260856302,147.81207480298966,149.87962088622518,151.9433051471937,154.00073693401566,156.04547987624605,158.08084410725655,160.112346516,162.1466993173691,164.1795809483508,166.2236802535367,168.2739400847199,170.34562383467005,172.43827176264114,174.55464231310953,176.704481989892,178.8855840374073,181.10328144830996
Cape Girardeau,Missouri,37.383882,-89.684908,102.93291934103205,103.50610943648972,104.08080764345584,104.6502633675593,105.21458433105069,105.77285489479986,106.32326173425504,106.86779771105238,107.40773753849065,107.93941866004936,108.46045323250682,108.97103874665585,109.4680512572289,109.9514009956838,110.419615757929,110.87248009946333,111.310873752,111.7375077255125,112.1589171698708,112.5724628899351,112.98071226601138,113.38423981676962,113.79002953479048,114.19709396611017,114.60835956520334,115.02413154511343,115.44545122092956
Cape May,New Jersey,39.086143,-74.847716,413.7673978704521,416.683277767804,419.5027208385891,422.20071258975014,424.7935005301109,427.28889871083595,429.68852711814236,432.03159894781294,434.33984107381724,436.60906059065246,438.8342069530538,441.0064178834809,443.1160211112849,445.1597290173786,447.12729757127164,449.01215153478904,450.815243841,452.5587778304082,454.2692926889809,455.9365443862281,457.56848991327485,459.1538370132551,460.73913646658184,462.3229588736519,463.90296954844666,465.47621439845267,467.05346156734777
Carbon,Montana,45.224475,-109.028551,5.675608955050074,5.720156040856541,5.764568246964724,5.80886396606075,5.852877663969451,5.896026905630052,5.938372999996315,5.97923541768144,6.018902310768125,6.056821898672475,6.093171977360412,6.12776248907526,6.160311412629697,6.191008805780397,6.219683003456816,6.24608263894851,6.270281282999999,6.292223757552897,6.311977502456343,6.3299532877005715,6.346003971796543,6.3601111620581285,6.372513963405018,6.382991663603648,6.392138959505553,6.399716746191047,6.4061603172318655
Carbon,Pennsylvania,40.917833,-75.709428,187.54657559820882,188.07740762992373,188.59564729000266,189.09192597502906,189.56843826900194,190.02780253765815,190.46699176858516,190.88915405469194,191.2954699308194,191.68194374058302,192.04482198859134,192.3808355014389,192.68626105385835,192.95655812723086,193.1904705114054,193.38483497841088,193.53739640399996,193.65219584974338,193.73207870730874,193.7763487638413,193.78523304527192,193.7582320945526,193.70657612773357,193.62946298652562,193.52640834894265,193.39785113178456,193.24725726426357
Carbon,Utah,39.67005,-110.590357,11.749327681402853,11.918568537153424,12.090421819103142,12.263684825379194,12.438076596937519,12.613873163716141,12.791094242139208,12.970365828673302,13.15242728922385,13.337608873895263,13.52597959017206,13.71789926279487,13.913476332096488,14.112957253378722,14.316731426018423,14.525291760619213,14.738490384,14.95771237495694,15.1832534798522,15.415024974777133,15.653899311500124,15.899718758628028,16.14936812114601,16.40220661526936,16.658549703784406,16.91786011413321,17.17974351783286
Carbon,Wyoming,41.70359,-106.933153,7.829087874883877,7.875930336512163,7.920459398477666,7.9625508514025185,8.002313378492357,8.038939618791039,8.071839577753696,8.102037982747735,8.130357720901527,8.1558361695366,8.178535433341889,8.197896570116987,8.214167998617633,8.22648025319875,8.235221488166175,8.241043802753717,8.243590095,8.24323299303863,8.239801708975039,8.233746501804,8.225051845353272,8.213826422828495,8.1998994463351,8.183534860801057,8.164701613881896,8.143663650505584,8.119862028471724
Caribou,Idaho,42.786273,-111.544172,4.048943425344997,4.110878606199274,4.174002881756493,4.23780204890187,4.302314088547291,4.36740168508824,4.4329304445288065,4.498850699522676,4.564715443953017,4.630743798465337,4.696658210241994,4.762353501373143,4.82792608494281,4.89329999912722,4.9582707313239,5.022943459442692,5.08749348,5.152134070424117,5.2167279151105275,5.281678196046959,5.346824224760044,5.4126509882784966,5.479143878559287,5.546390543860617,5.6147006746948,5.684004152455274,5.754470430441231
Carlisle,Kentucky,36.857726,-88.975757,2.4177969044484673,2.4308680399762497,2.4436449041721877,2.455952335529231,2.4678265340921697,2.479272754706216,2.4902810715526362,2.500936146026505,2.5113086266023323,2.521362897107019,2.531101876899015,2.5405354917970526,2.5496573192125416,2.5584714462473115,2.567015240689534,2.575284031565688,2.583300006,2.5911303092368376,2.5988590187995864,2.606459860462188,2.613950934247039,2.621386540221324,2.628872359160962,2.6364083910659555,2.6440179908039103,2.6517192583972213,2.659534380970115
Carlton,Minnesota,46.603818,-92.671044,74.59394257494972,75.2943236896839,76.00333316218348,76.71522360405497,77.43095533842236,78.15045561353385,78.87215299155018,79.59597472071954,80.32058216880851,81.0429634132919,81.76234728560047,82.47445598272742,83.17824187944659,83.87019834132049,84.54933594452436,85.21254091408048,85.85825636249999,86.49014897807446,87.10888807692054,87.71364428906757,88.30520333343514,88.88499114435886,89.46173793205666,90.03577835458692,90.60829099032902,91.1819967548009,91.75640093609023
Caroline,Maryland,38.871531,-75.831631,193.81826921238329,195.95522604799194,198.0918679872171,200.2219670793623,202.3504567011027,204.47884135738198,206.60596642812715,208.73330142979464,210.86396033773272,212.99210007460258,215.1138019298536,217.22224314850936,219.30944635552027,221.37180773671943,223.4005101933679,225.3919499112987,227.34210321449999,229.2560434335953,231.1408732314577,232.99606778078112,234.82085733485042,236.61776106473383,238.41753385055597,240.22070051962288,242.03128474794624,243.85582938260612,245.69793823776956
Caroline,Virginia,38.030319,-77.352348,44.97378238650999,45.52719789535108,46.08137293618986,46.63385410011313,47.1853647509282,47.73610984171383,48.28601100805757,48.836032735035865,49.38678385385322,49.938077495526095,50.48867188551853,51.03852482760844,51.58643674348197,52.132425717234305,52.67565988048702,53.216338158287094,53.75433998999999,54.2918656072064,54.830295429171976,55.369183381548886,55.908674137098565,56.4483216214732,56.992954288086764,57.542252651257705,58.09691596266646,58.65778211872319,59.225526258981446
Carroll,Arkansas,36.337774,-93.541663,15.236429501093255,15.348105060736152,15.45913397876377,15.568786710789654,15.677356179938668,15.78446656031476,15.889913358415662,15.994520075101846,16.098618321458076,16.202589450231812,16.30579787351061,16.408741007921606,16.51073905074104,16.612200988973463,16.713137876321685,16.813450229460283,16.913375703,17.013328810796782,17.113353767661927,17.213638486543463,17.31444272945778,17.415136435343847,17.515531691253635,17.615086865748708,17.71377985142342,17.811715658454602,17.908148161901558
Carroll,Georgia,33.582237,-85.080527,127.26846090474433,129.2085147835572,131.1475119250685,133.0773458513486,134.99930491335417,136.91055184380977,138.8101167605346,140.6957269545376,142.56933666603402,144.4284994757915,146.27143485383613,148.09634779434072,149.9044832207015,151.69484229903082,153.46811987029406,155.22742824298206,156.97257923099997,158.70782873526096,160.4382722561779,162.16249116011312,163.87808245539466,165.5838156944795,167.2833532682896,168.97288802736855,170.6506683934495,172.31650618043764,173.96846162397117
Carroll,Illinois,42.059084,-89.926485,23.12971222593264,23.219160032266654,23.30618158376633,23.38928492568803,23.46876076980166,23.544764528059673,23.616937838783453,23.686759858085264,23.755241677844076,23.821569670779336,23.885632305960467,23.946637896617847,24.004608383262433,24.058984282865342,24.110069105827858,24.15765990242383,24.201699992999995,24.24299386295735,24.282656821601798,24.320544427236353,24.356841345828048,24.391461643709047,24.42573089341508,24.459850216296378,24.493558154597633,24.52696075412169,24.56037615227713
Carroll,Indiana,40.58498,-86.565141,24.356669580961327,24.47583307095599,24.593437844382546,24.708027010378334,24.81963973267622,24.928330840502227,25.03400242452418,25.13684247065985,25.2375637588474,25.33606054700811,25.43206652175847,25.52547594101974,25.616668693000733,25.705092569068025,25.790829813060636,25.873731602793672,25.953837101999998,26.03154969712814,26.107327603852656,26.181323560731716,26.253326083607842,26.323205932162573,26.393054449731007,26.462593573809794,26.532140530635154,26.601542581648904,26.670925050796225
Carroll,Iowa,42.039492,-94.867647,16.705596238190694,16.756371927547093,16.805006371541666,16.850085221264365,16.89109006994337,16.928026552434904,16.960393166535795,16.98811102425904,17.011563295827273,17.030349906449203,17.04414403446435,17.05321615297104,17.057036585485044,17.05575747312416,17.048995645665755,17.037027211064377,17.020060659,16.99798329234831,16.971493833280007,16.940744422912918,16.905746330959456,16.8663755905829,16.825838434969768,16.78405597613304,16.740926786660857,16.697160858436337,16.651969311589337
Carroll,Kentucky,38.668284,-85.124083,6.029718533723568,6.062316502561925,6.094180591188794,6.124873966144958,6.154486906345327,6.183032516793671,6.210486043593974,6.237058622918187,6.262926444261528,6.288000684820622,6.312288625153126,6.33581501915506,6.358563849599588,6.380545309267424,6.401852589296531,6.422474040794667,6.442464995999999,6.461992907738562,6.481267456070777,6.500223115977762,6.518905026916973,6.537448607260764,6.556117413196198,6.574911444723273,6.593888946303221,6.613095057393491,6.632585110232256
Carroll,Maryland,39.563189,-77.015512,968.899385295415,979.5820529966485,990.2631465278428,1000.9115323037792,1011.5518723217378,1022.19168761635,1032.8252062308054,1043.4597742919539,1054.1109585924046,1064.7495495325418,1075.3559574407675,1085.8960752995667,1096.3300241346146,1106.6397884443518,1116.781291467682,1126.7365177030465,1136.4853527554997,1146.0531582534513,1155.4754404766722,1164.7495758084308,1173.8717162775208,1182.854455244255,1191.8515366491235,1200.8655841088587,1209.9167120184047,1219.0376281330193,1228.2463479542623
Carroll,Mississippi,33.440795,-89.918887,2.161094241867407,2.1703990487159084,2.179451509202679,2.188133266184605,2.1964197549716067,2.2043556386365566,2.211873178185598,2.2190386238434923,2.225874307146676,2.2322886687957584,2.238284686328933,2.2438794805908007,2.2490998494250833,2.2539539810618097,2.2584016787353933,2.2625501338207297,2.2665110039999994,2.2703073651941885,2.27402556601085,2.277687193601872,2.281274382738106,2.2848288189542343,2.288340080866585,2.291765738555929,2.2952055395516835,2.2985887673217986,2.301942219709998
Carroll,Missouri,39.427375,-93.500227,12.10170173274147,12.169091015157608,12.23665760446227,12.303607841249685,12.369954390297611,12.435589600995158,12.500300282916836,12.564320734451057,12.62780082213454,12.690309943523738,12.751567362711823,12.811596298458007,12.870029472207488,12.926856329978811,12.981903786476039,13.035146512143667,13.086687936,13.136846788285114,13.186391398849288,13.23501148063759,13.283008877519771,13.330451134977178,13.37815935276737,13.426017437094282,13.474369447753512,13.523251268282012,13.57278532486472
Carroll,New Hampshire,43.867567,-71.201665,60.76352006814274,61.42168580423601,62.082514287646845,62.741754465640184,63.40216251526404,64.06411215544017,64.7262486550772,65.39310335610149,66.05981791253011,66.72606532030655,67.3885288240001,68.04856315470221,68.70514058537798,69.35279547679659,69.99222855193638,70.61736687831868,71.22853746000001,71.82887019295013,72.41649648256026,72.99057546125643,73.55447059933448,74.1060330129943,74.65993116991514,75.21518405792739,75.77552886624869,76.34096559487904,76.91467085465342
Carroll,Ohio,40.579884,-81.090787,16.979834095831897,17.015084164401472,17.0489258905898,17.080331925691418,17.109549841472294,17.136564813275783,17.161290858093338,17.18381247646784,17.204153387849917,17.22198003746507,17.23704930094432,17.249149185697654,17.258175919128565,17.2639768072736,17.266578534514732,17.26585064387348,17.261916179999997,17.25503160945424,17.24577954124233,17.234253370701147,17.220679915077334,17.205108095737828,17.189159730119545,17.172814063703196,17.156241580040184,17.139565323780655,17.123261166402898
Carroll,Tennessee,35.967896,-88.451659,12.297072464511462,12.406449313359374,12.516512484203822,12.626706680156701,12.73718164419907,12.847879142949408,12.958699347753672,13.07011020542768,13.182357128079287,13.295217581000527,13.408575097428345,13.522658451361593,13.637197273528905,13.75237874265661,13.868138386072303,13.984761131392734,14.102190825,14.22071863380172,14.340654442578156,14.46222494556452,14.585529971414854,14.710428096202603,14.836422256421185,14.963364788853163,15.09119330058976,15.220030497684895,15.349974129028993
Carroll,Virginia,36.732426,-80.728043,32.45483739236452,32.85420363191029,33.254117979401876,33.652809959173005,34.05080157879113,34.44824074040037,34.8450708931809,35.24198804722269,35.63943155889499,36.03726657624288,36.43459698627557,36.831392338551616,37.22678697052164,37.620793932374845,38.01281291540866,38.40298747170412,38.7912306,39.179130073313964,39.56768205608725,39.956564643653266,40.34588223752548,40.735312933037335,41.12834113070156,41.52473627717586,41.925002979775506,42.32974589726607,42.73945223671055
Carson,Texas,35.405496,-101.355356,4.9210817517306875,5.002858952218589,5.085046485196859,5.167329791711425,5.249678118791914,5.332085315844256,5.414475159434747,5.497498953543009,5.5816164550760785,5.666768135069882,5.752891169599232,5.839945360138577,5.927909399272728,6.0168340294027995,6.106780536805455,6.197825144914398,6.2900579159999985,6.383881274645958,6.4796857835759765,6.577569193303018,6.677623103745967,6.7799610812311215,6.884046266761448,6.989860428218799,7.0975079060383575,7.207140268431235,7.318711385941875
Carter,Kentucky,38.309555,-83.048821,14.038097660973865,14.113990667843558,14.188175090469617,14.259633914421299,14.32857732268096,14.395035825681516,14.458951792605234,14.520816780426962,14.581040984967101,14.639417613291403,14.695963615640379,14.75073662283177,14.803699344336447,14.854875510491135,14.904482084374383,14.95249194560137,14.999033915999998,15.044497851102046,15.089371917834256,15.133503564032038,15.176997881186555,15.22017014377134,15.263633950492936,15.307389301351343,15.351571798270657,15.396286532742064,15.441662326593445
Carter,Missouri,36.944783,-90.945626,8.814538074413623,8.863622526235583,8.912836123392161,8.961600786766493,9.009925741025334,9.057732576501241,9.10486601130378,9.151496701767977,9.197733806450481,9.243263686681502,9.287881862347888,9.3316052453387,9.374166320317942,9.415557400063316,9.455652414129121,9.494432913181841,9.531974232,9.568508524697025,9.604595421056263,9.640008916742131,9.674968866312375,9.7095244679897,9.744273787668956,9.779132265904853,9.814350506144333,9.849954644943208,9.886033854080148
Carter,Montana,45.516825,-104.515324,0.7466696407342561,0.7525301495921256,0.7583729139970807,0.7642003536472467,0.7699906912595016,0.7756673030598988,0.7812382547088532,0.7866140173757538,0.7918324996645527,0.7968211106315116,0.8016032406918346,0.8061538862982341,0.8104359454127991,0.814474421582817,0.8182467309591251,0.8217198043340199,0.8249033204999999,0.8277900203626912,0.8303887761485507,0.832753627782362,0.8348652176791279,0.8367211261407242,0.8383528092427706,0.8397312306077719,0.8409346271417576,0.8419315427691078,0.8427792436787721
Carter,Oklahoma,34.251848,-97.287927,24.91543495194236,25.01595687525275,25.117224720962266,25.217824788523995,25.317778390006477,25.416531411627524,25.514211725798408,25.612225929043177,25.7113980880123,25.810953864215254,25.910999817994774,26.012757841280855,26.11521205880612,26.21881002401004,26.323509112755524,26.429778190550586,26.538427115999998,26.650336787936997,26.766743306337293,26.88778164763499,27.013700452629813,27.144428681093263,27.275668399201827,27.40690811731039,27.53801996300768,27.669529633984496,27.79982451705417
Carter,Tennessee,36.284744,-82.126593,17.61499267311091,17.771669995833385,17.92933044335855,18.087178578346048,18.245428900752838,18.40399799392898,18.562742857903178,18.722333805040908,18.883122376938285,19.044789802825935,19.207169249404032,19.370588424940127,19.534660037845278,19.699652213065686,19.865472596453202,20.03252933375926,20.200741987500002,20.370527640925044,20.54233018977865,20.7164743631623,20.8931031610473,21.072014000140978,21.252494859752897,21.434334219092165,21.61744270317674,21.80199608280466,21.98813437878116
Carteret,North Carolina,34.858313,-76.526967,54.88205373684506,55.69115653748853,56.50704281833228,57.32605845938164,58.14931697531098,58.97697195435127,59.80868422249247,60.64517052481237,61.488862674967656,62.33983106756418,63.19809490113082,64.06401894771611,64.93860153082116,65.82248900091794,66.71681407120967,67.62039923192575,68.53419801,69.45851118238467,70.39488743040853,71.34298118055193,72.30119895491877,73.268964797643,74.24721943663916,75.2342925998957,76.23063865259583,77.23678235452864,78.25153339690424
Carver,Minnesota,44.821381,-93.800575,190.88774532671374,192.68003793447727,194.49441072332328,196.31615598409894,198.14773120744766,199.9889502198357,201.8357916729378,203.68806939322045,205.54235778766574,207.39094927198352,209.2318704067178,211.05417418809424,212.8551797172293,214.6259134298044,216.36384336576288,218.06100129786762,219.71340311249998,221.33043195575237,222.91380062413376,224.46138673936127,225.97520097559752,227.45889233410074,228.93480163890044,230.40378528825096,231.86885929339633,233.33698654449233,234.80690106151076
Cascade,Montana,47.316443,-111.350571,46.96546292184285,47.334088477847416,47.701597909129696,48.06814341451547,48.43235520457283,48.7894136498192,49.139826079673796,49.47796113758331,49.80620327181803,50.119986517605014,50.420782130259994,50.70701738858338,50.97635857724678,51.230378417449764,51.46765638681852,51.686112434734234,51.8863553565,52.0679285556385,52.23139009451088,52.3801390802259,52.51295792217745,52.62969442153976,52.73232716304778,52.819029760792304,52.89472331013979,52.957429226355266,53.01074954831519
Casey,Kentucky,37.321962,-84.92822,6.868254923256267,6.905386202056427,6.941681541940462,6.976643360220205,7.010374490651207,7.042889860714117,7.0741612740566024,7.1044292289779465,7.133894417162378,7.162455663463301,7.190121260925519,7.21691940590136,7.242831853692264,7.267870214560949,7.292140639480889,7.315629859580406,7.338400901999999,7.3606445067701305,7.382599513581124,7.404191285029756,7.4254712379938015,7.44659362310659,7.46785864858999,7.489266314443999,7.5108829650270375,7.532760017216886,7.554960498154043
Cass,Illinois,39.969202,-90.245705,20.521942903381294,20.60130587843644,20.678516147798884,20.752249967802282,20.822765273793387,20.890199955737447,20.954236055596954,21.016185961394058,21.07694676902028,21.135796583951713,21.192636449860345,21.24676393904087,21.29819851831192,21.346443783798616,21.391769026491893,21.4339941783195,21.47306895,21.50970712488288,21.54489826624814,21.578514217539844,21.610718824481395,21.6414358420332,21.67184139048703,21.70211391568028,21.732021438024343,21.761658047142586,21.791306011905018
Cass,Indiana,40.753799,-86.355169,58.021405793026155,58.30527190968515,58.58542491908971,58.85839427878094,59.12427328291099,59.38319254329277,59.63491882454604,59.87989993860092,60.119833839026064,60.354468631610736,60.58316991612049,60.805685798344626,61.02292123155869,61.233560768217785,61.43780032604139,61.6352853872514,61.826109246,62.01123283205396,62.19174768699315,62.36801765801083,62.53953895668555,62.706003712315294,62.87239383262334,63.038046929129635,63.20371868446635,63.36904525144022,63.53432517133803
Cass,Iowa,41.333824,-94.933302,10.98132904403373,11.01470615576983,11.046675731998247,11.076308058475753,11.103262363447856,11.12754235095536,11.14881836136621,11.167038538109065,11.18245475595899,11.194804028018492,11.203871519920607,11.209835025624205,11.212346365293174,11.211505548029374,11.207060699057747,11.199193316377968,11.188040449499999,11.17352801760764,11.156115321761295,11.135902371062825,11.112896573593854,11.087016440456564,11.060369570871664,11.032904108267827,11.004553379910476,10.975784094941625,10.946077687647927
Cass,Michigan,41.91624,-85.999457,65.34538388810287,65.65770018964545,65.96322393003078,66.25815359065666,66.54286868014835,66.81747211609911,67.08093472257609,67.3304262657637,67.56647419832761,67.78723243593814,67.99127299698837,68.17725795276547,68.34419672143406,68.49070634783426,68.61616289405674,68.71956934591651,68.800366089,68.86054071932769,68.90168202724601,68.92409876553485,68.9281511457707,68.91445667351334,68.8966133357764,68.87507782938013,68.849489942748,68.82019059040779,68.7886527804135
Cass,Minnesota,46.951427,-94.333773,48.65739012456898,49.11424648527494,49.57673109615021,50.041094954130905,50.50796447491882,50.97729220277901,51.448053093835746,51.920199692354075,52.392858812810225,52.86406578777583,53.33331758646004,53.797823811645685,54.25690110074897,54.708262087343634,55.15126137343382,55.58386785356217,56.005065975,56.41724750679056,56.82084904169573,57.21532958433669,57.60120165665126,57.97939539104518,58.355605475716686,58.73005020704675,59.10349836794211,59.477724802891224,59.852406812896206
Cass,Missouri,38.647159,-94.354242,132.32679314818662,133.06366535274262,133.80247633024808,134.53454776369136,135.2600181368545,135.97771033758963,136.68529322223154,137.38532874074886,138.07945561789663,138.76296540508335,139.43278837847245,140.08917842499787,140.7281195149786,141.34949624526294,141.95141600416224,142.5336018241122,143.097184656,143.64564967500849,144.18739823058516,144.71903747006843,145.24386792359854,145.76262817134648,146.2842965785186,146.80760371044548,147.33631170987437,147.8708129475211,148.41244609994598
Cass,Nebraska,40.909878,-96.140609,25.08732190805703,25.165181815219352,25.242709912512353,25.317020896724525,25.388201326952228,25.456063658486705,25.52046362616738,25.581877305024154,25.640910608731435,25.697693375933753,25.751388868699763,25.80193938096524,25.84954688395499,25.89367759657488,25.93436037185702,25.97162406283354,26.0063631135,26.03854867082428,26.069031899253773,26.09781279878849,26.12571368084369,26.152200764325254,26.17800980155212,26.201250918920756,26.222558883137673,26.242279930588275,26.259822574114203
Cass,North Dakota,46.927003,-97.252375,194.55460883869696,194.67745634635259,194.80336738287735,194.89956218937078,194.9789075870835,195.02792404899097,195.03129393074707,195.0034158180372,194.9479659455044,194.86678243047015,194.7359697477546,194.5748281292338,194.36957169499627,194.11529879885123,193.80710779460804,193.45265750443966,193.03663028399998,192.56147695638444,192.04037069573064,191.46381456254406,190.8486579656053,190.17682608458603,189.44464268484316,188.6340329460484,187.7572509836785,186.82563185454967,185.8232452085419
Cass,Texas,33.083698,-94.357579,26.604332066253285,27.046435633515422,27.490757538610982,27.935597214207288,28.380788403721535,28.826297855837147,29.27171349173818,29.72055638833904,30.1753120815527,30.635658746136702,31.101256743643344,31.57188875296793,32.047439582049535,32.52818355424978,33.01445199518725,33.50665698367792,34.00528541399999,34.51251287229419,35.030450817162134,35.55962770702775,36.100538748998396,36.653797904883454,37.2165028097659,37.78855489724309,38.37051825214956,38.963212281929124,39.56638760170759
Cassia,Idaho,42.288635,-113.605498,13.37768597352575,13.58231945765783,13.790881703903304,14.001673788105022,14.214821198979143,14.42987024655189,14.64637689382763,14.864177040177562,15.081793779942346,15.299951086484404,15.517731926878,15.734788793909186,15.951440235857408,16.167435275290376,16.382098203736497,16.595776528409726,16.809049427999998,17.022621569913408,17.236039264176163,17.450634621775123,17.66587672891118,17.883367979959814,18.103060110030196,18.325242708467297,18.550938990956666,18.77991728602234,19.01273746639791
Castro,Texas,34.533621,-102.258786,6.041909648109639,6.142312462277375,6.243219066456649,6.344243257597931,6.44534727841984,6.546523577466105,6.647678570617877,6.749611903155782,6.852888046436433,6.957433913150872,7.063172370567143,7.170054064524586,7.278052834621102,7.387230980370967,7.497663746642072,7.60944471755326,7.722684467999999,7.837877078978614,7.955502067962613,8.07567944916781,8.198521685353734,8.324168208766629,8.45195988515156,8.581874329834571,8.714039647877483,8.848641928738521,8.985624536495614
Caswell,North Carolina,36.393097,-79.332546,14.752031027478235,14.969513953258375,15.188820245759972,15.408967695173635,15.630255608866847,15.852725270614437,16.076285512080336,16.301128990880386,16.527909366782662,16.75664556151729,16.987342735556126,17.22009893786438,17.455182512978407,17.692767196783944,17.933157457120323,18.176036785047213,18.421661483999998,18.670112401371032,18.921805815223145,19.176648837062977,19.43421314772672,19.694343933058764,19.95729405617994,20.222614556038994,20.490427563803138,20.760874132369686,21.033634312483738
Catahoula,Louisiana,31.666517,-91.846703,1.814990269125846,1.8220981359963297,1.8290211533213347,1.8356500187609268,1.841958612270635,1.847947335697299,1.8535904708432844,1.8589933015801487,1.8641658740788412,1.869102964330467,1.8737515285524116,1.8781200055282732,1.8822043767896701,1.8860331734621016,1.889636132211579,1.893083174387914,1.896379524,1.8996682385221642,1.903008389439591,1.9064883830566421,1.9100559792843759,1.9137545775812965,1.9172964556113987,1.9206747819784358,1.9238919677634365,1.9269789551729264,1.9299228851080896
Catawba,North Carolina,35.663182,-81.214151,144.92942053280942,147.06605340392966,149.22059970553738,151.3834098444171,153.55742432708283,155.74304874063995,157.93938741356408,160.14833308568032,162.37630755282376,164.62349670908443,166.8899512528504,169.17663445349703,171.48618262720922,173.8203026197221,176.1819856359378,178.56812217471514,180.98123025599998,183.4221041545403,185.8948335403154,188.39850584233815,190.92891309439023,193.4845343448265,196.06785381466742,198.674460744142,201.30555499510368,203.9625223234958,206.6422194292516
Catoosa,Georgia,34.899393,-85.137353,48.28575083190849,49.02180874859022,49.75746573833628,50.48964619725665,51.21883892668383,51.94396746525635,52.66466383893733,53.38006578020762,54.090914729290716,54.79628251286978,55.495493596519,56.187866953662684,56.873874909183975,57.55313850474643,58.2259213635406,58.89340429777426,59.55551590949999,60.213870890760035,60.87040247828528,61.52457244139497,62.1754690832217,62.822625571032155,63.467431418726655,64.10844219090686,64.74499333744652,65.37701346039819,66.0037666116882
Catron,New Mexico,33.901814,-108.392097,1.4418481234473919,1.4553568273330084,1.4684225100036847,1.4809801338026503,1.492980729200102,1.5044021068778475,1.5151669867966662,1.5254375805240312,1.5353179483107755,1.544749173691354,1.5536876431782851,1.5620813266461535,1.5699493528175381,1.5772197976955404,1.5837312148615892,1.589632043202902,1.59483123,1.599388456867331,1.6034139052469534,1.6068295299507422,1.609632270383085,1.6118504370533997,1.61300122100378,1.6130670238094533,1.6119873987070685,1.6098442166292652,1.606589273195144
Cattaraugus,New York,42.244853,-78.681006,99.67555832661125,99.94119693212578,100.18359663566339,100.39918182233745,100.59003351039111,100.75805108305875,100.90432953996459,101.03474866582049,101.15499623118625,101.2626850330897,101.35803303354135,101.43899554129982,101.50448793588424,101.55342040724214,101.5857462492284,101.60018882721005,101.595829587,101.57766089655306,101.55073739868429,101.51355411760683,101.4652859114238,101.40515953395509,101.34241761236032,101.27839386656093,101.21325955242234,101.14580549974337,101.07951391112043
Cavalier,North Dakota,48.768439,-98.46379,4.176974068919363,4.1796115333154615,4.182314769891012,4.184380016325862,4.186083515773715,4.187135870644976,4.1872082200423755,4.186609693209346,4.1854192167612325,4.183676254005706,4.180867781943029,4.177408165303757,4.173001429280353,4.167542338385686,4.160925657132633,4.153315815969827,4.144383953999999,4.134182688966714,4.122994841241621,4.110616517068412,4.097409463434088,4.082985624479867,4.067266073590406,4.049862754906927,4.031038757147247,4.011037437375342,3.9895167802580556
Cayuga,New York,43.008546,-76.574587,93.60104747138354,93.85049730785725,94.07812448686462,94.2805713016182,94.45979194721488,94.61757005309474,94.75493388650331,94.87740490141766,94.99032423954907,95.0914501808362,95.18098740406737,95.25701582727689,95.31851692982829,95.36446731778051,95.39482313139324,95.40838553776412,95.40429196199999,95.3872305230117,95.36194781936378,95.32703059275676,95.28170398777809,95.22524188206016,95.16632363088374,95.10620167350051,95.0450368289583,94.98169361731306,94.91944202587156
Cecil,Maryland,39.562352,-75.941584,578.750419191441,585.1314722749732,591.5115850631726,597.8721606038994,604.2279301907028,610.5833863457285,616.9350813194226,623.2874031566719,629.6496503335462,636.0043751477574,642.3398761462738,648.6357802635495,654.8682666844844,661.0265742513803,667.0843746949157,673.0309068573919,678.854155854,684.5692708873252,690.1974608409877,695.7371585560985,701.1860655329558,706.5517041342226,711.9259098707445,717.3102499014099,722.7167391110278,728.1649147470705,733.6655379672369
Cedar,Iowa,41.772355,-91.13219,13.638709698636067,13.680163764507533,13.719869684220843,13.756672761234686,13.7901497601634,13.820305281391617,13.846729890687554,13.869359182666441,13.888505983482892,13.903843665828408,13.915105407394645,13.92251202664368,13.925631087420603,13.924586800110337,13.919066338558258,13.909295121611086,13.895443363499998,13.87741905653247,13.855792648402211,13.830688349494146,13.802115360577526,13.769972473190562,13.736877306185864,13.70276545417866,13.667554110245666,13.631822922849853,13.594927838143477
Cedar,Missouri,37.733655,-93.850014,18.618312415134966,18.721989959100615,18.82594028743302,18.92894236534764,19.031015677442124,19.13199460463662,19.231551156204464,19.330045797201706,19.427709095366932,19.523878574380856,19.61812232566279,19.710476070975044,19.800374756986475,19.887802146532394,19.972491950111927,20.05440519852981,20.133701015999996,20.21086976489606,20.28709351080728,20.361894881091835,20.4357382586598,20.508727561365173,20.58212604062069,20.655755087614775,20.730144033916247,20.80534808588507,20.881555594631603
Cedar,Nebraska,42.604511,-97.256824,7.976422598141306,8.001177871950715,8.025827648021078,8.049454554708547,8.072086113162433,8.093662694225888,8.114138429316714,8.133664684756154,8.15243410858941,8.170487982540466,8.187560268832595,8.20363262003292,8.218769252156518,8.232800451449268,8.245735391627615,8.257583246407995,8.268628400999999,8.278861681687195,8.288553713104513,8.297704495251962,8.306575479048032,8.314996950738616,8.323202840092891,8.33059226868414,8.337367058274003,8.343637293459748,8.349214913054382
Centre,Pennsylvania,40.90916,-77.84783,476.36563306063425,477.71393886696603,479.0302602285436,480.29080102601233,481.5011354714991,482.6679141767133,483.7834485732045,484.85573477216144,485.88777131527974,486.86940929220447,487.7911148780572,488.6445844189113,489.4203609755724,490.10691169536494,490.70104582238173,491.19472880259195,491.5822326524999,491.8738216109873,492.07672293239756,492.18916824598693,492.2117341943893,492.1431521638103,492.0119467432016,491.81608046192355,491.55432314902447,491.22778964692924,490.8452833665142
Cerro Gordo,Iowa,43.075171,-93.251266,34.28630094285477,34.39051216291735,34.4903287249371,34.58284784162787,34.66700554314771,34.742813394386204,34.809242120170175,34.86612981204541,34.914262882503785,34.952820224384666,34.98113107409203,34.999750546326055,35.0075915414656,35.0049663115295,34.991088444025884,34.96652461854448,34.931702736,34.886391498600695,34.83202495265528,34.76891535018259,34.697085820961796,34.61628193742199,34.533084121737815,34.44733046545506,34.35881280056117,34.26898830314402,34.176237888661525
Chaffee,Colorado,38.738246,-106.316972,26.159029880674805,26.40520988527436,26.65149281271693,26.896214743707233,27.14034200938239,27.38353725153477,27.626515212129696,27.870539554961848,28.117119815061983,28.366187377201445,28.61806816371642,28.872676405571045,29.130052128315413,29.389640692184397,29.652042480428886,29.916857237548317,30.184222193999993,30.454737733034822,30.729690390190356,31.008817140423368,31.291866394562067,31.579032562421023,31.8732489450259,32.17396662054734,32.481763100493325,32.79750179315796,33.12032500818287
Chambers,Alabama,32.917943,-85.391812,16.119106637844446,16.168961787310817,16.219309809520674,16.268914951073683,16.31831294321276,16.367296636523974,16.415983891880774,16.464163988327606,16.51226551085881,16.560013450769684,16.60742566576833,16.654495012771502,16.701489357400668,16.7484229858223,16.795242324912113,16.842168810250502,16.8895167375,16.937546829198816,16.986744815007206,17.037478563711968,17.089680216022334,17.14372835534998,17.197280050392518,17.25046030510662,17.303354836491177,17.355970787629406,17.408561737976303
Chambers,Texas,29.703933,-94.668875,32.25616635224928,32.792190567216096,33.330904384538016,33.8702459677201,34.410013740568736,34.95016738784519,35.49020728855523,36.03440253851409,36.5857667018166,37.1439095845451,37.7084193953326,38.27903264529739,38.85560967093389,39.43848307296161,40.028054563937864,40.624823764856856,41.22938100599999,41.844364055843954,42.47233293204794,43.113928358941706,43.7697507456163,44.44054448415823,45.12279063015858,45.81636967773114,46.521965546104305,47.240571717946715,47.97188582896793
Champaign,Illinois,40.13915,-88.197201,328.0920261862709,329.36083194275335,330.5952215829924,331.7740319187031,332.9013866593671,333.9794903037647,335.0032595370623,335.9936760005869,336.9650819040464,337.9059360479471,338.81465638022354,339.68001292473906,340.5023169048508,341.27363212495186,341.99826384148264,342.67333323838955,343.298036322,343.88378461540896,344.44639863927085,344.9838295064845,345.4986966803059,345.9897812025861,346.47588615115205,346.9598644067777,347.43800722445707,347.91181885041624,348.38581202333376
Champaign,Ohio,40.132759,-83.767543,33.691067704863016,33.76101022845162,33.82815834555486,33.89047361017866,33.948447249568346,34.0020498489188,34.05111080236041,34.09579777428227,34.13615782837258,34.17152913151639,34.201429280909856,34.22543764483997,34.24334831967095,34.254858332910175,34.260020631206835,34.25857636427597,34.250769675,34.23710943950729,34.21875165963866,34.19588164866626,34.168949453108304,34.138052141821625,34.106407694485156,34.073974930371776,34.04109211974023,34.00800340547291,33.97565300281383
Chariton,Missouri,39.517969,-92.961621,8.0709330655473,8.115876694115205,8.160938573162335,8.205589391019783,8.24983759415035,8.29361138762022,8.33676858930556,8.379465458768212,8.421801945817991,8.463490870719637,8.504345003547716,8.544379829484027,8.583350401107325,8.621249679698602,8.657962230266241,8.693471159884636,8.727845448,8.761297663926177,8.794340226406474,8.826766197102243,8.858776883376928,8.890417333032142,8.922235158406187,8.954152933590052,8.986400120823188,9.019000651750193,9.052036175511486
Charles,Maryland,38.472853,-77.015427,866.6633394188138,876.2187964707654,885.7728454554979,895.297637932458,904.8152336214094,914.3323599546216,923.8438540189577,933.356286794773,942.8835825023448,952.399613672164,961.8868576899506,971.3148064326261,980.6477888639758,989.8696904369377,998.9410852693802,1007.8458588142411,1016.5660191014998,1025.124251658574,1033.5523162238471,1041.847866018621,1050.0074591008054,1058.0423600081513,1066.0900899723817,1074.1529957721946,1082.2490693776108,1090.407567296402,1098.6446040756312
Charles City,Virginia,37.361048,-77.054171,7.2332694188314735,7.322276908608631,7.411406556213748,7.500263772472375,7.588964898173049,7.677542896539186,7.765985163985361,7.854446821562962,7.943025789435671,8.031692012899784,8.12024577360164,8.208680284995248,8.296802615272947,8.384615672954451,8.471985666132941,8.558944588525266,8.645473049999998,8.731924920455617,8.818522216896902,8.905193195837596,8.991961125435406,9.078754262204063,9.16634918090706,9.25469449769612,9.343902675333503,9.434108475232593,9.52542048212936
Charles Mix,South Dakota,43.206185,-98.595143,9.986862370811753,10.027658854894305,10.068585264085405,10.108251399723635,10.146462374146179,10.182945344625098,10.217297543323918,10.249687872883728,10.279934438152578,10.307361628566039,10.332606077155974,10.354433495391229,10.373415553749387,10.388954596731148,10.401882145031193,10.41210725107354,10.419201161999997,10.423488690581921,10.42513873946042,10.424541083961124,10.42203352936624,10.417979865979694,10.414069120212542,10.410314284575644,10.406494486384478,10.403233366160045,10.40001122346817
Charleston,South Carolina,32.800458,-79.94248,213.13496931614577,215.29317764971418,217.44072114223383,219.5716071687345,221.67913211484256,223.76578444346953,225.82567309955974,227.8614389008969,229.87638286971023,231.86385217658363,233.8230850471565,235.75072967424208,237.64521172416175,239.51211754222683,241.34652098757175,243.14689851147543,244.91436738299998,246.6538537430109,248.37170571118006,250.06756779280587,251.7414399878882,253.3940840707878,255.03489525861897,256.6613850884704,258.27594045333865,259.8789676328828,261.46985720761427
Charlevoix,Michigan,45.513164,-85.450392,41.972850833402035,42.173458814524835,42.36970377657473,42.559143916263764,42.74202300075604,42.91840713640118,43.08763525970325,43.247889446048546,43.39950849047873,43.54130661034804,43.672366580055915,43.7918290170577,43.8990576477386,43.993164168025984,44.07374780817549,44.140168162925455,44.192065778999996,44.23071733527556,44.25714334852394,44.27154213779388,44.274145075308965,44.26534879916672,44.253887610806665,44.240054857155066,44.22361916598839,44.20479951458965,44.184542050087344
Charlotte,Florida,26.868826,-81.940858,316.7317758966616,322.7641330893331,328.93566180007974,335.2261591171387,341.64266656632515,348.1903086088343,354.8724585410647,361.71204740519977,368.72944401282535,375.92800322702624,383.3049784840681,390.8624158817666,398.60337535018783,406.5264375241805,414.6375932306817,422.9475706582373,431.45981683649995,440.19547477622905,449.1743602896009,458.4020033707111,467.8909386728434,477.6524658172665,487.5633765355285,497.62271229531893,507.83871278784073,518.2202444369607,528.7737773357707
Charlotte,Virginia,37.014091,-78.661424,21.0895723055248,21.349085643504655,21.608955149103377,21.86803034437748,22.126650436583038,22.384911534442576,22.642776890503384,22.90069878110687,23.158962705693547,23.41748103572228,23.67567146540348,23.933514207647214,24.19044674375384,24.44647755390476,24.701216549755493,24.954757013301464,25.20704241,25.45910449525495,25.711590589579984,25.964291515167194,26.217275113467796,26.470332206673877,26.725727003219674,26.983309686567093,27.243408157063655,27.506415329780985,27.77264779815807
Charlton,Georgia,30.779904,-82.139644,10.382120092137715,10.540382965844723,10.698559634583958,10.855988799972529,11.012775561217708,11.16868846388549,11.32364838834792,11.477469934879785,11.630312523626975,11.78197658418464,11.932316867086541,12.081186941976464,12.228688365391784,12.374739655924607,12.519397496293466,12.6629157778418,12.805279148999999,12.94683479141909,13.08799837836832,13.228654182630681,13.368606176471243,13.507753984242601,13.646396371107034,13.784222763002568,13.921090272242902,14.056983547258433,14.19174434879325
Chase,Kansas,38.298553,-96.594064,2.578062550033867,2.5887288494959937,2.5993537520121612,2.60974438544779,2.6199826028551167,2.629892467213816,2.6394974995159104,2.648852268462892,2.658016987794335,2.6669455563658784,2.6756125715061367,2.683923949247022,2.6918552277568333,2.6994374547450373,2.706539853495995,2.713242395382578,2.7195591929999994,2.7255194123783686,2.731151278708111,2.736514064889122,2.741562610616719,2.7463129101654773,2.7508054196416754,2.7550006237787157,2.758931451965428,2.7626712896969234,2.7661476923177717
Chase,Nebraska,40.53039,-101.694192,3.8062726228639536,3.818085602907691,3.8298482404387344,3.841122774477142,3.8519223378523133,3.8622184761005496,3.8719893011728566,3.8813070436309234,3.8902636332805387,3.898878769365797,3.9070255012025195,3.9146950735711044,3.921918129740149,3.9286136839283627,3.9347861137455453,3.9404397968014973,3.945710439,3.950593662731254,3.9552186074843414,3.9595852732592633,3.963818421935303,3.9678370677311707,3.971752839696754,3.9752790043901864,3.9785118692270593,3.981503965524963,3.98416555228301
Chatham,Georgia,31.974756,-81.091768,279.7836982796309,284.04866263307173,288.3113038825145,292.5538009561946,296.7789861315888,300.98062203357944,305.1565764982232,309.3018532607575,313.42074847241133,317.50788398831264,321.559345537342,325.57118702503686,329.5461452588469,333.482024428144,337.38035205336513,341.2479701531343,345.084465024,348.89919272863847,352.70335508358784,356.4938334012891,360.26534500689786,364.0151849163068,367.75140443515266,371.46563402437425,375.1540230595369,378.81615783718877,382.44777402944334
Chatham,North Carolina,35.704994,-79.251454,42.59712162248368,43.22511288843304,43.85836920391026,44.49405439600929,45.133032727577174,45.77542340728243,46.42096318264871,47.07020836079592,47.725046412309496,48.38553197449589,49.05167994843867,49.72377345472563,50.40258734970241,51.08862330318248,51.78276047909646,52.48408494431877,53.19333678599999,53.9107494544494,54.63752497040826,55.373395114372315,56.11712309640531,56.86826188400016,57.62754163025176,58.39366594088958,59.16698747489143,59.94791352854154,60.735520234658594
Chattahoochee,Georgia,32.347445,-84.788021,2.6246932817202087,2.664703558780969,2.704692042451,2.744491550554852,2.784128653116836,2.8235448363755453,2.8627200981778445,2.9016075678066877,2.940247548107943,2.9785895858893747,3.0165969607803054,3.0542326538704536,3.091522339565339,3.128445418632625,3.165016220973067,3.201298932600455,3.2372896724999993,3.2730762113138145,3.308763634980754,3.3443226866201154,3.37970380865846,3.414881625229871,3.4499316668529016,3.4847754176130095,3.5193767542187113,3.5537317956552212,3.587800537616271
Chattooga,Georgia,34.474179,-85.345289,25.6254207468494,26.016049317060098,26.406465113911416,26.795035903413492,27.182021094182595,27.566849404322262,27.949325548694443,28.32899191884126,28.706241999742392,29.080583206497362,29.451657030569102,29.819102048717006,30.183168925446658,30.543656546212883,30.900704816786238,31.254940398430673,31.606325400000003,31.955716744338886,32.30414040709808,32.65131074732936,32.996743924242885,33.340192188036625,33.68239295870957,34.02257966922719,34.36039964045955,34.695814981260455,35.02843512135376
Chautauqua,Kansas,37.154259,-96.245396,3.482508605097787,3.4969168977363494,3.5112692703893686,3.525305186760567,3.539135215912268,3.5525216979059144,3.5654964054605656,3.5781330512844356,3.5905129735383157,3.60257389769285,3.6142815092114557,3.6255087172178997,3.636222478084361,3.6464647317999974,3.656058822046845,3.6651127760697007,3.6736456575,3.6816968645093757,3.689304524360697,3.6965487043059917,3.703368400724667,3.709785219065683,3.7158538084058197,3.7215207905770598,3.7268306473860844,3.731882509716356,3.7365785175931743
Chautauqua,New York,42.304216,-79.407595,162.18632470080783,162.61855653226522,163.01297536156844,163.36376315421901,163.67430602318333,163.94769453540843,164.18571041118332,164.39792089736844,164.59358080646058,164.76880581934614,164.9239505912485,165.05568811840516,165.16225356887094,165.2418736665288,165.29447241383082,165.3179725444684,165.31087943999998,165.28131639387632,165.23750802961192,165.17700553733084,165.09846629368724,165.00063211705518,164.8985420777421,164.79436632794835,164.6883835253496,164.57862617787302,164.47076032492134
Chaves,New Mexico,33.361605,-104.469837,26.682391922704205,26.93237978590714,27.174169236604023,27.40655670819205,27.628635985817358,27.839996440874295,28.039207953046606,28.229272359037722,28.412115365412088,28.586646682423666,28.75205921246823,28.90739010226354,29.052993341986898,29.187537928571672,29.308036184921548,29.417235074812293,29.513449604999998,29.597784224837817,29.672277917746946,29.735486403804035,29.787353044580716,29.828401745539388,29.849697794605216,29.850915520815104,29.830936315208792,29.791275255745102,29.731040287177258
Cheatham,Tennessee,36.25518,-87.100816,15.320514790620358,15.456783779468065,15.593907834131583,15.731195128632669,15.86883222278568,16.006746565551705,16.144813783721155,16.28361687671392,16.423461595336875,16.564070690976983,16.705299061556435,16.84743172901383,16.990131849239905,17.133632622002608,17.277853722937426,17.423150133913357,17.569451894999997,17.717121761391954,17.86654580826061,18.018006466436024,18.171628109127788,18.327234540955672,18.484206486980327,18.642359978495925,18.801617282246497,18.96213127363547,19.124023734763885
Cheboygan,Michigan,45.47612,-84.495271,36.797393447633176,36.97326548547524,37.14531248579285,37.311393731562426,37.471722932266864,37.62635804302015,37.774719512682225,37.91521357561792,38.048137251786514,38.172450971330505,38.287350607043074,38.39208274244212,38.486089559555325,38.56859228653824,38.639239570512196,38.697469971310255,38.742968358,38.77685398872069,38.800021545544794,38.812644893814344,38.814926876428345,38.80721522407086,38.797167256179975,38.78504014857412,38.77063105835423,38.754131961835505,38.73637234158713
Chelan,Washington,47.859892,-120.618543,102.92180015643534,103.92077165133985,104.9643622204585,106.04895410101712,107.17680839474953,108.35075566604846,109.57069542150352,110.83843654250175,112.15692683574804,113.5261663012423,114.9455352296205,116.41508386758785,117.9331373249711,119.49966210396686,121.11253109405507,122.7725984892241,124.480115523,126.24278669017939,128.06689282891185,129.95313739307008,131.90703077132395,133.93091780991588,135.98068190168382,138.05655753125197,140.16068855804204,142.29354395130252,144.45594440721828
Chemung,New York,42.155281,-76.747179,103.22307266606421,103.49816551269862,103.74919237056186,103.97245036643749,104.17009458328603,104.34409200455774,104.49557660158594,104.63063742423171,104.75516467430235,104.86668618680572,104.96542768115417,105.0492716942892,105.11709500342093,105.16776901148775,105.20124535004413,105.21620194824646,105.21168755999997,105.19287223470124,105.16499051300747,105.1264838561193,105.07649775483289,105.01423144266171,104.94925649754263,104.88295410730825,104.81550162292532,104.74564683908268,104.67699589210575
Chenango,New York,42.489732,-75.604905,64.34246503208063,64.51393979453425,64.6704134046198,64.80957773505229,64.93277612261154,65.04123465523115,65.13566017595478,65.21984819742943,65.29747028352186,65.36698544939748,65.42853439367163,65.4807972293338,65.52307381327435,65.55466065241663,65.57552759705732,65.58485055530666,65.58203658299999,65.57030834842188,65.5529287194612,65.5289262056788,65.49776816231659,65.45895544428686,65.41845434287312,65.37712579960257,65.33508036338718,65.29153749190864,65.24874501304521
Cherokee,Alabama,34.069515,-85.654242,8.97405883181188,9.001814901328137,9.029845369984251,9.057462251531017,9.08496380590306,9.11223470592566,9.139340568784435,9.166164078905096,9.192943844235348,9.219526758008744,9.24592276222311,9.272127880079314,9.29829124154467,9.324420800217439,9.350486730104151,9.376612311977787,9.402972525,9.429712522338965,9.457102726335416,9.485347942144461,9.51441039017438,9.544500840778973,9.574314903844147,9.603922173354649,9.633370370900018,9.662663473279377,9.691942656861789
Cherokee,Georgia,34.244317,-84.475057,211.4766532306224,214.70035923336502,217.92230930014125,221.12903323723737,224.32267184329717,227.49851055052073,230.65493774644588,233.7881769660492,236.90147548817257,239.99076820078437,243.053096472051,246.0854776162216,249.08998027018797,252.0649447136531,255.01152553464968,257.93489432540713,260.834738385,263.7181295651279,266.59353484469705,269.45859693980725,272.3093229001791,275.1436681428381,277.967718308873,280.7751472180216,283.563044346285,286.33109699273786,289.07608193245557
Cherokee,Iowa,42.742738,-95.633262,9.080452411730729,9.10805191936276,9.134487536982567,9.15899048460839,9.181278978342526,9.201356081053435,9.218949197448772,9.234015447370199,9.246763105872532,9.256974709295593,9.264472611269094,9.269403829478788,9.271480454290078,9.270785183151194,9.267109741007323,9.260604208412666,9.2513819115,9.239381592900251,9.224983048301633,9.208268975152366,9.189245499189374,9.167845237306668,9.145810961654151,9.12309979207347,9.099656596932466,9.075867297656247,9.051303092661362
Cherokee,Kansas,37.169392,-94.845698,21.8609866016315,21.951432750669845,22.041527869404078,22.12963647573551,22.21645265231091,22.3004845203378,22.381931528852615,22.46125639961986,22.538969722172784,22.614680576399998,22.68817355734215,22.758650868853554,22.82590508393631,22.89019947531851,22.95042510635763,23.0072601037775,23.060824136999997,23.111364522830282,23.159120600112065,23.204594980417127,23.24740472159555,23.28768544899209,23.325780214949397,23.361353945086297,23.394685868053777,23.426398264845467,23.455876832429183
Cherokee,North Carolina,35.136233,-84.061308,24.646579671957486,25.009933724531425,25.376334120560564,25.74413985805159,26.113850997156575,26.485536511689602,26.859044084477915,27.234695593320545,27.613583123607107,27.99573828833571,28.38116970923312,28.77004119910777,29.162801087751184,29.55973963996429,29.96136553762592,30.367149981494798,30.777521183999994,31.19261421886076,31.613124572035733,32.03889705244324,32.46921605676219,32.90382293318979,33.34314014633726,33.78641760597652,34.233859359640846,34.68570106786171,35.14140818357997
Cherokee,Oklahoma,35.904367,-94.996796,23.09619324981514,23.189375398595523,23.283249005017034,23.37650359221697,23.469158916127924,23.560701322502208,23.651249346935447,23.742106880979474,23.834037820694967,23.92632436719732,24.019065300149556,24.113393293020955,24.2083666463574,24.304400234743575,24.40145454631427,24.499964211586768,24.600679955999997,24.704418358101577,24.81232526198253,24.92452578854933,25.041250423682357,25.16243331427293,25.284090347245996,25.40574738021906,25.527285877596505,25.649193152382544,25.769974339010187
Cherokee,South Carolina,35.049796,-81.607647,28.412911714090967,28.700621342590896,28.986909246687123,29.270976552667058,29.55192960519121,29.830100139953792,30.104702823474653,30.37608970179662,30.644700832473227,30.909649330281194,31.1708336434774,31.427806944392113,31.68035935942286,31.929235601352552,32.173778968909005,32.41378635860596,32.649406713,32.88129673336332,33.11030268422195,33.33637717476242,33.55952020498474,33.77983332663203,33.99856901120282,34.21539552300289,34.43063105749404,34.64432977560591,34.856410435944035
Cherokee,Texas,31.843859,-95.156504,37.72403496528337,38.35092273634787,38.980956034756744,39.61172351406613,40.24298942811531,40.87470662767214,41.50629079903829,42.142734709117434,42.78756276301225,43.440318623511644,44.1005206948873,44.76786082322914,45.44217567012581,46.1238542167425,46.81336627149947,47.51129614809509,48.21833424599999,48.93756547211724,49.67198380268791,50.42233857372284,51.189331972000716,51.97383457441504,52.771730926560195,53.58288126464092,54.40808544170249,55.248505349536984,56.10378736890335
Cherry,Nebraska,42.566985,-101.072622,5.357083243863911,5.373709251436849,5.390264405169842,5.406132584715552,5.4213322736844,5.435823424253809,5.449575230406411,5.462689351999517,5.475295174306068,5.487420422741696,5.498886422405672,5.509680850891047,5.519846836622137,5.529270397334683,5.53795769423216,5.54591488851804,5.5533329775,5.560205799974564,5.566715111444198,5.5728609119089025,5.57881879566767,5.5844747804562385,5.5899859769631846,5.594948826360999,5.599498875126097,5.603710057700156,5.607456069411976
Cheshire,New Hampshire,42.925455,-72.248217,89.09870196756381,90.06378286971814,91.03276820876812,91.99942458545931,92.96779343447311,93.93842274695282,94.90932605500419,95.88714775123906,96.86476395079522,97.8416951614223,98.81307796172399,99.78089881959455,100.74365075939008,101.69331941064056,102.63093225673951,103.54758444160923,104.44375545749999,105.32403473023655,106.18568230410264,107.02746519902594,107.85431533529575,108.66308176383829,109.47527313702618,110.2894509781083,111.11109519851723,111.94020579825292,112.78144070203297
Chester,Pennsylvania,39.973965,-75.749732,1474.3212459057065,1478.4941663648951,1482.568097007928,1486.4693903634093,1490.2152982622802,1493.826403923525,1497.27891171826,1500.597569100524,1503.791656365582,1506.8297632833073,1509.6823832738846,1512.3238170581187,1514.7247960124832,1516.8496266936525,1518.68843391564,1520.2163512462619,1521.4156509420002,1522.3181001674143,1522.9460668136549,1523.2940778860789,1523.3639180568525,1523.1516610472097,1522.7455886403095,1522.1393949944975,1521.3292728091524,1520.318672450462,1519.1348399134984
Chester,South Carolina,34.689345,-81.161249,17.98423359224457,18.16634224825798,18.347551009743242,18.527354221679776,18.705186236078454,18.88125702832918,19.05506951383545,19.226846523623287,19.396866596475203,19.564568369614133,19.729887564859474,19.89254135821668,20.052396908112545,20.209925587871325,20.364711731925272,20.51662678391321,20.6657650185,20.812542101253403,20.957493683678273,21.100589769290337,21.241830358089594,21.381279728256633,21.519730644018622,21.656973129985666,21.793208591123594,21.928471309128703,22.062709861456543
Chester,Tennessee,35.416639,-88.605505,5.95907667257413,6.012079940658486,6.065415795658243,6.11881514452367,6.172350551672666,6.225993797609386,6.27969650605522,6.333685440816128,6.388079526910345,6.442770925550143,6.4977031977438235,6.552987205796518,6.608491930620343,6.6643080777376795,6.720404404135263,6.776918983774941,6.833824604999998,6.891262365289698,6.949382432675537,7.008294661623513,7.068047428412229,7.128572199980328,7.189628102773932,7.251143580214272,7.31308839712722,7.375522016021892,7.438491805337756
Chesterfield,South Carolina,34.637018,-80.159227,24.12395135673577,24.36823089952388,24.611303328774905,24.8524903616442,25.091033241051303,25.327213626821543,25.560364732429672,25.7907854621801,26.018849446453373,26.24380367632872,26.465561929410644,26.68374482715892,26.898174176622828,27.109482275369412,27.317111551907747,27.5208895614468,27.72094276349999,27.91782872955827,28.112265979584166,28.304214276459795,28.493673620185138,28.680730233155717,28.8664475249161,29.050543835640973,29.233289328836246,29.414729989779538,29.594796840554416
Chesterfield,Virginia,37.378434,-77.585847,515.282022598847,521.6227181686005,527.9721159902715,534.3021064088568,540.620977283325,546.9310768403847,553.231507228647,559.5333189267375,565.8434875492884,572.1598720660661,578.4682449858403,584.7681228501714,591.0457616262687,597.3013685106071,603.5254124653712,609.7201726517782,615.88426776,622.0429066944004,628.2119054525118,634.3861531879706,640.5673074725701,646.7502574599464,652.9903246087174,659.2838484478389,665.6388405743141,672.0649010914489,678.5697653342805
Cheyenne,Colorado,38.835387,-102.604585,2.697165455712331,2.7225482090988997,2.747941574497382,2.773173991048498,2.798345093752998,2.8234200987940525,2.8484727006988413,2.873633191391427,2.8990572137132182,2.9247376929896047,2.950708233924981,2.976959993176087,3.0034970976364446,3.030262360352958,3.057317684728465,3.0846218018277387,3.1121888609999995,3.140080765648083,3.1684301659209146,3.197209942232494,3.2263941541092507,3.256002846462579,3.286338461632039,3.31734440222075,3.3490802134066806,3.3816349181786616,3.414920083104078
Cheyenne,Kansas,39.789256,-101.727302,2.9324623021417313,2.944594870870768,2.956680351920165,2.96849935950978,2.980144998824359,2.9914171472254294,3.002342559076424,3.012983304500506,3.023407874668058,3.033563831026756,3.043422278864092,3.05287620072634,3.061897772075531,3.0705223086713946,3.07860105625325,3.086224979656765,3.0934101314999998,3.1001896871936085,3.1065957519737104,3.112695746836152,3.118438303403146,3.123841614641825,3.128951698057292,3.1337236063189806,3.1381947955356986,3.142448739321348,3.146403034236564
Cheyenne,Nebraska,41.214236,-103.011929,9.415567153321279,9.444788892776966,9.473886100083776,9.501775886990623,9.528490740145036,9.553960271810695,9.578130337575042,9.60117961399951,9.62333550761683,9.644646748398298,9.664799298751099,9.68377150091021,9.70163915705321,9.718201932853644,9.733470657194028,9.747456158956865,9.7604941335,9.77257375194092,9.784014466313694,9.794816276618326,9.805287806006373,9.815228720151389,9.824915155557395,9.833637820419936,9.841634950154239,9.849036491350445,9.855620451917076
Chickasaw,Iowa,43.059741,-92.31721,9.664659437425877,9.69403460837657,9.722171008384942,9.748250396644355,9.771972860189823,9.793341658944879,9.812066659715137,9.828102223571143,9.8416700253131,9.852538610370209,9.86051890317759,9.8657673800648,9.867977608219782,9.86723760557792,9.86332569733901,9.856401619756138,9.84658599,9.833813609599952,9.818488709074016,9.800699306357565,9.780451921297665,9.7576748355766,9.734222945684323,9.710050612691385,9.68509915797419,9.659779331897834,9.633634745167774
Chickasaw,Mississippi,33.921654,-88.945808,4.783834335834012,4.804431611800885,4.824470289643538,4.843688372011671,4.86203148209673,4.879598486823358,4.896239438022514,4.912100988299084,4.927232571115388,4.941431509275914,4.954704393908968,4.967089124002328,4.978645019710783,4.989390206637183,4.999235704549349,5.0084187940664195,5.017186642499999,5.0255903310944845,5.033821002570847,5.0419264426093315,5.0498671044400805,5.057735263859427,5.065507851918286,5.073090945038251,5.080705346017685,5.0881945155592385,5.095617773817701
Chicot,Arkansas,33.267139,-91.297158,6.339645255354638,6.38611174750612,6.432309181972669,6.477934006494366,6.523108101902845,6.567675092791475,6.611549892541952,6.65507514726585,6.698388835263135,6.741649631578768,6.784593077804482,6.827426141390222,6.869865966821064,6.91208272733363,6.954081022204584,6.995819457943937,7.037396918999999,7.0789858782477255,7.120604732793776,7.162331670341466,7.204274773892434,7.246171884676748,7.287944814991094,7.329368200278861,7.3704328419867196,7.411182433242993,7.45130652287276
Childress,Texas,34.529337,-100.208336,6.236947329166463,6.340591226565721,6.44475517672146,6.549040509640491,6.653408249206159,6.757850600195135,6.862270957518285,6.967494779646151,7.074104759522694,7.182025450522108,7.291177230006087,7.401509150622153,7.512994207489476,7.625696711200536,7.739694335587806,7.855083685740418,7.971978905999998,8.090890026693033,8.212312044501017,8.336368847794738,8.463176529721654,8.592879023512548,8.724795917530994,8.858904104507834,8.995335824838852,9.134283175098984,9.27568769111325
Chilton,Alabama,32.85406,-86.726628,16.716944324613966,16.76864853978231,16.820863907733326,16.872308842504665,16.92353894494706,16.974339382731564,17.02483238804534,17.074799424553753,17.124684972937395,17.17420382475956,17.223374500048607,17.27218959079319,17.320926897418666,17.369601235947734,17.418157046295313,17.466823976813036,17.51592798,17.565739448270214,17.616762126395002,17.669377526958538,17.723515273853057,17.77956799167973,17.83510585271807,17.890258497166574,17.945114821161358,17.999682232713766,18.054223716226474
Chippewa,Michigan,46.321819,-84.52063,59.14631191599676,59.42899993905772,59.705539785812874,59.972490573500174,60.23019580818212,60.4787486440452,60.717217539224876,60.94304075359374,61.15669570235735,61.35651143229622,61.54119542907336,61.709536688264876,61.860638600826185,61.993249407376815,62.10680436066142,62.20040102949877,62.273532888,62.327998976390965,62.365237362425034,62.385527508661546,62.38919545475307,62.376800125818356,62.36064951874229,62.34115700522727,62.31799654562073,62.29147671316526,62.26293077715446
Chippewa,Minnesota,45.028625,-95.564108,22.00557758610134,22.212193437577984,22.42135469676058,22.63136585598663,22.84251021527065,23.054766312490326,23.267670565803748,23.481201513088614,23.694964251294433,23.908070248557568,24.120292006381543,24.33036755197453,24.537987830775275,24.742118368488452,24.942467280250625,25.13811598722695,25.328605200000002,25.515016609534186,25.69754766735474,25.875953705267367,26.05046651419298,26.221506751728864,26.391649872552204,26.560994602425612,26.729888627730524,26.89913463184131,27.06858667232627
Chippewa,Wisconsin,45.069092,-91.283505,141.06629653050777,141.97589324810946,142.88416078124254,143.78123249135163,144.6674151133141,145.54135390142147,146.40010931309905,147.2404861933742,148.06353255307795,148.861810071434,149.63194466479138,150.3706389332183,151.0752856302571,151.74248511101695,152.36863324068875,152.95270756968128,153.49406906699997,153.99409803959304,154.45678204086627,154.88273454057446,155.27269681467115,155.62638768951885,155.96924059869946,156.29752360120497,156.61432960704886,156.9211411681385,157.22115343944634
Chisago,Minnesota,45.505444,-92.903849,123.60206629643184,124.76259689701195,125.93742467524122,127.11702621599083,128.30299277343417,129.49520379801265,130.69105541926066,131.8904270876196,133.09110069121138,134.28808547831017,135.48010362359489,136.66006681302028,137.82623913294253,138.9728100946375,140.0981402241083,141.1970700002471,142.2670196625,143.3140649086201,144.33931479454654,145.34139505531127,146.32160762614714,147.2823152784026,148.23798395910882,149.18916819623539,150.13782089263142,151.08845060178845,152.04023758670795
Chittenden,Vermont,44.460676,-73.070525,448.760216138054,451.8437405450261,454.9301293499611,458.0057766625355,461.1000425618681,464.1907279637474,467.263510878359,470.31051421130525,473.3195642712442,476.2870805607222,479.2173596766837,482.055978057835,484.8172576939903,487.46969020755853,489.9710257285882,492.3556370326331,494.5998928365,496.67872965801416,498.6336812676366,500.45185787453437,502.1067637975518,503.6241786183539,505.0334624160597,506.31241610645736,507.5326496386172,508.6648029334205,509.7675961491049
Choctaw,Alabama,31.991008,-88.248887,5.433786129131824,5.450592409139931,5.467564837628667,5.484286839421964,5.500939010694415,5.517451520925176,5.533864101272658,5.550105717241524,5.566320845771446,5.582416780826135,5.598399542278075,5.614266722178271,5.630108618614024,5.645930047483323,5.661712949168708,5.677531970089011,5.69349306,5.7096841090399755,5.7262688577405765,5.7433713154750246,5.7609686067278725,5.7791883527958365,5.79724074640867,5.815167926673784,5.832998788979112,5.850735741273648,5.868464265746705
Choctaw,Mississippi,33.345964,-89.251332,1.5494588998787568,1.55613024974576,1.56262067260437,1.5688453088842793,1.5747865462218373,1.580476407096407,1.5858663240809563,1.591003797186538,1.5959048376528333,1.6005037993971512,1.604802817251448,1.6088141664994795,1.612557060628863,1.616037370427481,1.6192262756639089,1.6222006302886136,1.6250404904999998,1.627762401245737,1.6304282726525914,1.6330535822522547,1.6356255210529818,1.638173976702177,1.6406914772879893,1.6431476014550253,1.645613866073859,1.6480395688855014,1.6504439233775694
Choctaw,Oklahoma,34.027645,-95.554208,7.643881286634542,7.674720710067083,7.7057889772777415,7.73665237482037,7.767317441088627,7.797614177847333,7.827581815458456,7.857651887903598,7.888077213070963,7.9186202293242225,7.949313628631674,7.980532278896526,8.011964516687629,8.043747648271848,8.075868596861865,8.108471207118214,8.141803937999999,8.176137043111856,8.211849749286102,8.248983466349253,8.287614475560684,8.32772098227486,8.36798441043689,8.408247838598918,8.448472036398984,8.488818284214048,8.528791843590456
Chouteau,Montana,47.886837,-110.436189,2.642371315208141,2.663110929695921,2.6837877487641113,2.704410335424476,2.7249016225711538,2.7449904481650145,2.7647053555785974,2.783729513376705,2.8021970754102767,2.8198511513264504,2.836774516905592,2.852878687692827,2.8680323641744705,2.882324030805397,2.895673766142493,2.9079645423583447,2.9192306114999997,2.929446284532172,2.9386429591646555,2.947011875993471,2.95448453092452,2.961052360946042,2.9668266852109446,2.9717047475780816,2.975963418761093,2.9794913796070737,2.9824912880610586
Chowan,North Carolina,36.127288,-76.60207,12.332879266383083,12.514697665568267,12.698040421744846,12.882086395439154,13.067085811289404,13.253073183038795,13.439972292837757,13.627944204821228,13.817535386589903,14.008761656942745,14.201627330097656,14.396214376194738,14.5927471345648,14.791370850543819,14.9923400629879,15.1953901665325,15.400735433999996,15.608443454804158,15.818862242522268,16.03191414123212,16.247241070848,16.464713604832905,16.68454313986394,16.90635433898379,17.130249305349427,17.35634596091679,17.58437682417607
Christian,Illinois,39.545524,-89.279593,51.23150886936891,51.42963265226704,51.62238236501457,51.806453379696826,51.982489612782466,52.150835296345925,52.310696671721416,52.46535001829992,52.61703486945991,52.76394906904691,52.90584557992511,53.04097084340941,53.1693734569691,53.28981418513619,53.40296529290311,53.508377253678525,53.605924523999995,53.697389011076446,53.7852410862657,53.86916081622798,53.94955722966352,54.026239986484086,54.1021451837953,54.1777182983994,54.252380210453474,54.326365807725985,54.40037975352227
Christian,Kentucky,36.893388,-87.493554,39.441776640583484,39.65500745702511,39.86343779410432,40.06421022362918,40.25791528075936,40.44463868834063,40.62421852544209,40.798035882356515,40.96724325512132,41.13125963333746,41.29013264080816,41.44402419846426,41.59282953393877,41.736615320556126,41.87599114299729,42.01088080317714,42.14164624199999,42.269382806939404,42.3954620635275,42.5194553975355,42.641658076543244,42.7629559032902,42.88507285945217,43.00800894502916,43.13214515044676,43.2577767432848,43.38526566444758
Christian,Missouri,36.969739,-93.187614,115.5419905563574,116.18539526128905,116.83049281829155,117.46970569904771,118.10315482156265,118.72981238279327,119.34764292965444,119.95888344523975,120.56496479260909,121.16177575959043,121.7466359970715,122.31976718806162,122.87766271041401,123.42022179912448,123.9457919081238,124.45413120140185,124.946227176,125.42512293504561,125.89815417084579,126.36235839227643,126.82061747845826,127.27357632541819,127.72907445048443,128.18600343861056,128.64764822893412,129.11435142246938,129.58728189326533
Churchill,Nevada,39.525701,-118.270419,10.189240884593723,10.475850933469353,10.767841239668751,11.06439674765363,11.365744604049414,11.672165401746335,11.983236024481348,12.29937513466209,12.621117194936627,12.948787336749186,13.28214505190815,13.620736047162662,13.964039221430877,14.311858605075159,14.663303427015434,15.018124271349256,15.3759692835,15.73654896286663,16.10057147245783,16.467310833843307,16.836147961122414,17.206570660924083,17.578133547708273,17.950654013403568,18.323691126325315,18.69749875623134,19.071863118062428
Cibola,New Mexico,34.93205,-108.000255,10.475953402044103,10.574102818842157,10.669033401750319,10.760272610387515,10.847464649643287,10.930448299858217,11.008662071873614,11.083284536992863,11.155071759825672,11.223595674379785,11.288539400634948,11.3495249062863,11.406691173798869,11.459515629104171,11.506825260197427,11.549698571007204,11.587474004999999,11.620585187466677,11.649832657405764,11.674649366359972,11.695013077134893,11.711129483778766,11.71949066887445,11.719968768554121,11.712124598228318,11.69655300284733,11.672903746599301
Cimarron,Oklahoma,36.755276,-102.508735,1.1038095720771903,1.1082629184212394,1.11274931079823,1.1172061191076348,1.121634287521823,1.1260092675591817,1.1303367242539286,1.1346789729824691,1.1390725217430995,1.143483065606386,1.1479153254341767,1.1524234337756718,1.1569623850812458,1.1615520069706635,1.1661904110991865,1.1708983692589479,1.1757117599999998,1.1806696091136255,1.185826678597271,1.1911889482092786,1.1967674332939617,1.202558986610088,1.2083732000630887,1.2141874135160895,1.2199959619348713,1.2258221349045555,1.2315944900491633
Citrus,Florida,28.843628,-82.524796,279.6685902378374,284.99505559518735,290.4444069564792,295.9988055057766,301.66446878658996,307.44592160807133,313.3461425316405,319.3853792644373,325.58161710902516,331.93781835053244,338.45155782146395,345.1246421902222,351.9597733212645,358.9556979401136,366.11770584164134,373.4552698277409,380.971433565,388.6848659602425,396.61306402727485,404.760910653671,413.13947371793137,421.7587305869988,430.5098905257277,439.3921071669389,448.4126560131171,457.5793659606726,466.89794998806684
Clackamas,Oregon,45.160493,-122.195127,537.0339917251441,542.3865415934503,547.9380323227883,553.655734446256,559.5348214986882,565.5790641559951,571.7846917422663,578.1385823053336,584.6742194472814,591.3762188103955,598.2323634047259,605.2574342798415,612.4282040721342,619.74316451124,627.2201131874558,634.8284322123892,642.5824501545,650.501472874449,658.6164199147015,666.9342293189326,675.4677213852377,684.2144828810339,693.0467633064776,701.9432960494343,710.9129799050522,719.9663727658807,729.0855262145865
Claiborne,Louisiana,32.827585,-92.991125,2.5082012483021168,2.518023868764924,2.5275910388990974,2.53675170981466,2.545469785269523,2.5537458205904877,2.561544274862266,2.569010643706819,2.576158810294181,2.5829815553759348,2.5894055758142973,2.5954425334720987,2.601086875081324,2.6063780288448712,2.6113570889460433,2.6161206822482805,2.6206760279999997,2.625220822542493,2.629836698915563,2.634645829015513,2.639576020358164,2.644687248238064,2.649581898665427,2.6542505310846276,2.658696477456475,2.6629624979446755,2.667030822091585
Claiborne,Mississippi,31.97281,-90.915424,2.001762846033283,2.010381635662166,2.018766683716314,2.0268083591916475,2.0344839084835464,2.0418347017822285,2.048797994299196,2.055435151816607,2.0617668594295697,2.067708308248137,2.0732622562849894,2.0784445621130443,2.0832800478464333,2.087776298020029,2.0918960794626353,2.095738680630777,2.099407527,2.1029239931685844,2.1063680615042863,2.1097597275990445,2.1130824433767716,2.116374821015005,2.1196272074693607,2.1228003010591308,2.1259864952091356,2.129120287118198,2.1322264989004474
Claiborne,Tennessee,36.501557,-83.660724,13.352745877434627,13.471512459623648,13.591024282863843,13.71067837939563,13.830637347266533,13.95083795390251,14.071171800605217,14.192147006273178,14.314030051039843,14.436579296140136,14.55966827642598,14.683545405581087,14.807917103797438,14.932986618634432,15.058683942599387,15.18531846364385,15.312829207499998,15.441532337038032,15.57176433988408,15.703771371415652,15.83766183033111,15.973282151807778,16.11009260066011,16.2479328371468,16.386735112081364,16.52663266553054,16.667731637886455
Clallam,Washington,48.113009,-123.930611,104.06671084280514,105.0767949799114,106.13199453753357,107.22865150860278,108.36905214753709,109.55605850616352,110.78956897317458,112.07141255210472,113.40456984130635,114.78904084077942,116.22419894746126,117.71009496700563,119.24503537762132,120.82898630887252,122.45979698808452,124.1383311113708,125.864842707,127.64712197521138,129.49151962272165,131.39874692868318,133.3743755797888,135.42077650654602,137.49334234497633,139.59231018813048,141.7198477439011,143.87642919838976,146.0628843772741
Clare,Michigan,43.991137,-84.838325,52.11438989409804,52.36346905685487,52.607131001753835,52.842343933573325,53.069410518841394,53.28841283661648,53.498530096314084,53.697505123826744,53.88575857432902,54.06181815470993,54.22454501803343,54.372872136539655,54.50600949929099,54.62285416893946,54.722908541193235,54.805377475173515,54.86981466599999,54.91780526548903,54.950616369105454,54.96849421402468,54.97172607695125,54.96080443223589,54.94657397547667,54.92939893249545,54.90899202658767,54.88562514463443,54.86047304315985
Clarendon,South Carolina,33.664682,-80.217889,17.862102392788888,18.042974346194097,18.222952516268357,18.401534681901904,18.57815903642958,18.753034129295262,18.925666251611386,19.09627672115514,19.265142185148008,19.431705093035923,19.59590160315238,19.757450812164816,19.91622078062912,20.072679680766278,20.226414669799603,20.37729806439611,20.525423498999995,20.67120381638793,20.81517103044738,20.957295348400645,21.097576770247727,21.23607913765513,21.373589831176282,21.509900301367317,21.64521058544992,21.77955473231288,21.912881668623005
Clarion,Pennsylvania,41.198239,-79.420404,108.00580079076404,108.31150052688498,108.6099484687353,108.8957493511065,109.17016700833662,109.43470932553232,109.68763308291712,109.93075122905863,110.16474361966968,110.38730920464525,110.59628639146231,110.7897925027622,110.9656833782197,111.12134418816993,111.25605149640555,111.36798363826009,111.45584191499998,111.52195352502702,111.56795709493109,111.59345168416368,111.59856803420796,111.5830185138008,111.55327046831336,111.50886194450486,111.449514027211,111.37547948329942,111.28875429941428
Clark,Arkansas,34.053312,-93.176205,13.979026480765741,14.081485892624034,14.183352027674083,14.283955547978373,14.383565202860302,14.481836181867214,14.578580867546936,14.674554800450125,14.770062225093842,14.86545302267269,14.960144057862324,15.054591697438322,15.148172240140724,15.241260920873902,15.33386788112175,15.425901847529152,15.517580861999999,15.609285230180596,15.701055518006559,15.793064130704208,15.885549393145237,15.977933240747246,16.070043268283914,16.161382543044056,16.251930782059873,16.341784329428425,16.430258634986345
Clark,Idaho,44.286251,-112.36112,0.49557681297375283,0.503157467064048,0.5108836622749031,0.5186924619055355,0.5265885146895258,0.5345550136670056,0.5425755094729978,0.5506439229943589,0.5587055422127944,0.5667871867451153,0.5748548850766947,0.5828957637914631,0.5909216235208177,0.5989231667975968,0.6068753619794444,0.6147910824824292,0.6226917839999999,0.6306035709591858,0.6385096364001187,0.6464593284177306,0.6544329792930266,0.6624899497778817,0.6706284518978414,0.6788592134996303,0.6872201396416746,0.6957026480465942,0.7043274792180565
Clark,Illinois,39.332364,-87.791687,25.431603159962098,25.529952896958193,25.625634915933887,25.717008781392096,25.804394137014228,25.887961861497903,25.9673179286698,26.04408870166369,26.11938589718285,26.19231491498685,26.262753124480916,26.32983004947605,26.39356981402366,26.45335725481234,26.509526087886837,26.561853165771456,26.610276167999995,26.655679643124827,26.699289897093518,26.740948113234168,26.7808573356463,26.818923078461818,26.856602836454496,26.894117746762422,26.93118033110607,26.967907189067343,27.004648119391952
Clark,Indiana,38.476217,-85.711122,183.82895240927135,184.72832411763804,185.61593160541344,186.4807791689294,187.3231623916179,188.14349509028355,188.94103830634654,189.71721084028022,190.47739231054595,191.2207846418774,191.94537786693738,192.65037391045965,193.33863993173412,194.00600820437035,194.65309945357546,195.27879046230808,195.883376814,196.4699030180004,197.0418274004629,197.6003027367721,198.1437328763955,198.6711423940077,199.19831544487434,199.72315338662867,200.24805044506937,200.7718538448119,201.29550945283842
Clark,Kansas,37.233831,-99.813869,2.354466491921649,2.3642077003636435,2.3739111022279324,2.3834005532320233,2.392750807290926,2.401801186449391,2.41057317171748,2.4191165990385297,2.427486459798296,2.435640651217059,2.4435559738039565,2.4511465035187463,2.4583899001109675,2.4653145185138987,2.471800924311607,2.4779221529382944,2.483691093,2.4891343809491953,2.494277793997954,2.4991754642916266,2.503786148290898,2.508124453082609,2.5122273260040635,2.5160586789583586,2.51964858535958,2.523064065959115,2.5262389592459784
Clark,Kentucky,37.970133,-84.144974,18.10749540069876,18.20538845615588,18.30107763883191,18.393251119690476,18.482180010065758,18.56790366482885,18.650347747001028,18.730146307283206,18.807828450053375,18.883127436740807,18.956065131162784,19.02671587029803,19.09503155374854,19.161042790858506,19.225029438489003,19.286956514532417,19.346990184,19.40563331468903,19.463515584536978,19.52044021918837,19.576542774310315,19.63222991690407,19.68829311715492,19.744732375062863,19.801722601166077,19.85939935113165,19.917928789970873
Clark,Missouri,40.407275,-91.729472,8.097778011715759,8.142871128487782,8.18808288905511,8.232882221191145,8.277277599452695,8.321196990106897,8.364497738114162,8.407336622775425,8.44981392634624,8.491641513895155,8.532631532746278,8.572799519587084,8.61189971227016,8.649925048664835,8.686759709828078,8.722386746646267,8.756875368000001,8.790438850235594,8.823591316466032,8.856125140049532,8.888242297923336,8.91998798772375,8.951911643217116,8.983935580966039,9.016290026430449,9.048998990854635,9.082144394954398
Clark,Nevada,36.214236,-115.013819,908.7798799807586,934.342672024698,960.385330003729,986.8351589955654,1013.7124182408443,1041.0421338603526,1068.786568052904,1096.983061379672,1125.6792826421567,1154.9042303612696,1184.636453576336,1214.8354338060815,1245.454693969045,1276.4767555046762,1307.8221704104767,1339.468693245747,1371.3849420495,1403.5450962209238,1436.0123169220049,1468.7218540307067,1501.6184911852924,1534.6565457843255,1567.7962938265575,1601.021448471475,1634.2926829578419,1667.6326399663699,1701.0222519764595
Clark,Ohio,39.917032,-83.783676,119.53257078887846,119.78071993408354,120.01895480189167,120.24004318784378,120.4457279175455,120.63590463018204,120.80996803302818,120.96851298272773,121.1117064565842,121.23720033626672,121.34328310441416,121.42846240137622,121.49200770144998,121.53284408824399,121.55115941122466,121.54603529522265,121.51833793499999,121.46987277265109,121.40474118819381,121.32360065476082,121.2280478928171,121.1184272930512,121.00615592859177,120.89108769429826,120.77442273953976,120.65702725907832,120.54225123506596
Clark,South Dakota,44.855211,-97.724912,4.047543531123057,4.064077807766693,4.080664741342314,4.096740902677669,4.1122273063747805,4.127013372876479,4.140935865693603,4.154063238837736,4.166321772604101,4.1774376509463655,4.187668892831265,4.196515257404929,4.204208435168098,4.210506204233636,4.215745568966252,4.219889669513558,4.222764738,4.2245024167555405,4.225171159791763,4.224928937904629,4.223912659117297,4.22226976283933,4.220684789186549,4.2191630038521515,4.2176148900517605,4.2162932010589085,4.214987309145653
Clark,Washington,45.771674,-122.485903,639.2341491501624,645.438633453779,651.9202411257953,658.6565027039086,665.6614616020584,672.9526980939903,680.5295880279739,688.4033661351607,696.5923408663155,705.0965122214385,713.9120312648575,723.039210072438,732.4676461153356,742.1971313429739,752.2144545437212,762.5249210072876,773.1300911129999,784.0778164935396,795.4071066320712,807.1223305907091,819.2577126893494,831.8278164683735,844.558639318035,857.4516375923718,870.5201265283041,883.767018833908,897.1974117483174
Clark,Wisconsin,44.733596,-90.610201,82.306306450786,82.83701823685296,83.36695449916337,83.890358465217,84.40740910203463,84.9173159719413,85.41836397432165,85.90868886937639,86.38890212775968,86.85466379921874,87.3040052465255,87.73500257420706,88.14613456258722,88.53541766051947,88.9007490055102,89.24153204082367,89.5573939185,89.84913999013246,90.11909682699061,90.36762236311594,90.59514910214186,90.80151299096605,91.00155337839097,91.19309283233103,91.377935936912,91.55694769940074,91.73199235959655
Clarke,Alabama,31.685521,-87.818624,10.826013664541797,10.85949768704361,10.893312735772605,10.926628846420051,10.959805830102447,10.992704559854749,11.025404194122583,11.057763207200127,11.090069447980586,11.122138213424153,11.153981497234712,11.185594501930705,11.217157133070389,11.248678985616868,11.280124078458496,11.311641133523421,11.343441239999999,11.375699505964926,11.408742160163824,11.442816272896703,11.477876268088803,11.514176412262447,11.550143131468134,11.585860381633045,11.621385732535822,11.656723981658017,11.692045439594773
Clarke,Georgia,33.952234,-83.36713,128.04774142372503,129.99967449226628,131.95054435297294,133.89219489094867,135.82592234588245,137.74887207756063,139.66006826509374,141.55722428341284,143.44230633878738,145.31285303225772,147.1670729314449,149.0031600394789,150.82236690257614,152.6236885708653,154.40782413990902,156.17790497524774,157.93374173849998,159.6796163899862,161.42065563049823,163.1554321399293,164.88152821279235,166.59770586736198,168.30764991983244,170.00752990910067,171.6955835317695,173.3716214494573,175.03369202038547
Clarke,Iowa,41.029191,-93.784096,7.142712235968227,7.164422094897212,7.185216434306384,7.204490529460292,7.222022728264666,7.2378154399814,7.2516542403019075,7.263505399559666,7.273532747563488,7.281565226718879,7.287463099835974,7.291342011485699,7.292975491049991,7.2924285886,7.289537474326915,7.2844202020635525,7.2771659144999985,7.2677264263983705,7.256400486233556,7.2432531440766965,7.2282892184515815,7.211455705596537,7.194123475529384,7.176258798583605,7.157818308045103,7.139105570912552,7.119783290520759
Clarke,Mississippi,32.048448,-88.685964,3.830440934702785,3.8469332802708363,3.862978353427082,3.878366371535897,3.89305379480498,3.9071197864930616,3.9204442823244006,3.933144707799446,3.9452606445475595,3.9566298078883504,3.9672574753724037,3.9771739929155614,3.9864268584730613,3.9950305853090025,4.002913926490531,4.010266873838592,4.017287335499999,4.024016212491764,4.030606553780758,4.037096621608697,4.043454750672092,4.049754826679088,4.0559783782026475,4.062050200146981,4.06814709045658,4.074143707305122,4.080087548647849
Clarke,Virginia,39.115931,-77.992004,19.427362439077694,19.666421799868463,19.905809256332326,20.144465007366513,20.382701525040645,20.620607343107764,20.858148610427,21.095741956424508,21.33365037842554,21.571793154478787,21.809633874198067,22.047154310045997,22.283836279173805,22.51968759338322,22.754348909794196,22.987906158225883,23.22030726,23.45250265099495,23.685088632076923,23.917872512136313,24.150916785587054,24.384028761319534,24.61929419039843,24.85657506432633,25.096173439437177,25.338451262544957,25.583700174247962
Clatsop,Oregon,46.024509,-123.705014,55.18095103049967,55.730932589809385,56.301355585005304,56.888857020191054,57.4929409697045,58.113994875469196,58.7516312955616,59.40450193208774,60.07604726932874,60.764686544236525,61.469164444978794,62.190999743895844,62.92780579873866,63.67942763273783,64.44769397177241,65.22945878742334,66.026194359,66.83988438915095,67.67370590164927,68.52837178963429,69.40519935564603,70.30394063685345,71.21146910088687,72.12559957529746,73.04724642302484,73.97749448145488,74.91449952703154
Clay,Alabama,33.267809,-85.862051,5.564522538548475,5.581733176153974,5.599113959757722,5.6162382914220785,5.63329111244949,5.6502009122030135,5.66700837776918,5.683640765569037,5.700246028644533,5.716729230460415,5.733096535726766,5.749345478559552,5.765568529609996,5.781770620646162,5.797933257537808,5.814132882689942,5.830477995,5.847058599235169,5.864042375509671,5.881556316851177,5.8995769973613825,5.918235108894015,5.936721841486381,5.9550803481090515,5.973340219370419,5.991503921154516,6.009658992344499
Clay,Arkansas,36.367302,-90.418704,8.482607818660762,8.544781175962887,8.606594527187397,8.667641711631335,8.728085808970887,8.78771758490453,8.846423191356438,8.904661097604947,8.962615922151395,9.02049997627233,9.077959407840178,9.135271144606948,9.192056718644897,9.24854382610567,9.30473862093932,9.360585717595443,9.416217425999998,9.471864519279665,9.527551613234621,9.583383325015634,9.639504272448747,9.695563680381412,9.751456931662869,9.806882482740926,9.861828025715491,9.91635202311199,9.970039083302405
Clay,Florida,29.987116,-81.858147,401.78339557406036,409.43561470908617,417.2643769299492,425.24405426021514,433.3835790785317,441.6894519117682,450.16595188372696,458.84216768298836,467.74393773469797,476.8755177794681,486.2334237219625,495.8202510962905,505.63988151202165,515.6905144635126,525.9797494875705,536.5211956008784,547.3192254599999,558.4006595840677,569.7906349025225,581.496166372417,593.5331545630719,605.9159333700658,618.4882095502549,631.24876717775,644.2080585385603,657.3773309471608,670.7647919033037
Clay,Georgia,31.619831,-84.992583,14.831190343447052,15.05727391630295,15.283234342607457,15.508126936486816,15.732101835517394,15.954828399643382,16.176193603947738,16.39593259899801,16.61427312156732,16.8309300789545,17.04569597765512,17.25836163722573,17.46907213442549,17.677711070459253,17.884359418401914,18.089379870151422,18.2927504955,18.49496725453136,18.69662394979471,18.897555261262152,19.09748115704968,19.296258247337175,19.49431332770687,19.691202733185936,19.886722344148065,20.08085023038548,20.27336034206411
Clay,Illinois,38.747312,-88.483789,20.69360934591909,20.77363619376937,20.851492328502907,20.925842933312417,20.996948101178734,21.064946875519283,21.12951863857153,21.191986756508378,21.253255829445546,21.312597924197693,21.369913256665257,21.424493523321825,21.476358353826317,21.52500719187601,21.570711581086123,21.61328994711153,21.65269158,21.689636233912317,21.72512174984413,21.759018899207476,21.791492898298355,21.822466864285946,21.85312675573065,21.883652511172663,21.913810210509723,21.943694730426664,21.973590700977987
Clay,Indiana,39.393951,-87.115837,45.424713710762276,45.646951295411945,45.866281904063634,46.079988463674006,46.288144013841,46.4908508100017,46.687926253161315,46.87972093338992,47.06756417137,47.25125876018715,47.43030803057535,47.60451477562018,47.774587479421655,47.939496283648836,48.099394571457374,48.25400479237513,48.40339998599999,48.54833246019079,48.689656778243375,48.82765779458976,48.961941095401016,49.09226565000396,49.22253177292857,49.352220883029446,49.48192460104991,49.61135807255801,49.740755024267145
Clay,Iowa,43.079822,-95.149726,12.586495947281161,12.624751870577315,12.661394515563343,12.695358269460714,12.726252549099613,12.754081599949274,12.77846757524759,12.799351038425234,12.817020681390344,12.831175075827074,12.84156798451967,12.848403189991515,12.851281618134319,12.85031789661748,12.845223333532873,12.836205956873123,12.823422848999998,12.80678910052876,12.786831149644817,12.763663624017571,12.737295014585497,12.707631921025376,12.677090015333167,12.645609860939537,12.613115039398226,12.580140479833114,12.546091816550998
Clay,Kansas,39.344964,-97.168853,8.638633705165521,8.674374596728336,8.709976774413692,8.744793957656148,8.7791004216225,8.812306632333549,8.844491404492388,8.87583758821022,8.906546949126987,8.936465010424605,8.965506652223727,8.993356615711946,9.019932933598028,9.045339641290074,9.069138529038833,9.091597566834855,9.112764043499999,9.132735689266111,9.15160708177692,9.169576834084236,9.186493621958105,9.202411039396639,9.217464647689171,9.231522038134491,9.24469355131694,9.257225089110202,9.268873902228716
Clay,Kentucky,37.164466,-83.710763,10.126116533864767,10.180860520566354,10.23437205230311,10.285917524929314,10.335648549968404,10.383587135544762,10.429691710756794,10.4743168509416,10.517758443104627,10.559867321069577,10.600655711572212,10.640165185514123,10.678368844076632,10.715283804689806,10.751066569571401,10.785697575944202,10.819269746999998,10.852064297661322,10.884433357918116,10.916266887148527,10.947640691114286,10.978782187100558,11.01013398294194,11.041696078638433,11.073566288076133,11.10582041701677,11.138551388652122
Clay,Minnesota,46.898377,-96.494901,125.65326671433402,126.83305654677186,128.02738082131285,129.22655807989503,130.4322059838655,131.64420198312212,132.85989899546067,134.0791744707791,135.29977348719964,136.5166224704975,137.7284223895909,138.9279672984792,140.113492475693,141.27909100631342,142.42309620895256,143.54026293924272,144.62796862500002,145.69238979136776,146.73465389928475,147.75336387758776,148.7498432673788,149.72649405065812,150.69802223967176,151.6649915648891,152.62938733796338,153.59579293271133,154.56337500843895
Clay,Mississippi,33.661734,-88.783326,4.569748991268616,4.589424501427372,4.608566411750621,4.626924449749146,4.6444466720761275,4.661227521180328,4.677123759347789,4.692275476210843,4.706729892993872,4.72029340267691,4.732972301423212,4.744802792171468,4.755841540390937,4.766105860530556,4.775510754386442,4.784282883835621,4.7926583549999995,4.800685963144772,4.808548297004211,4.816291003761884,4.8238763064382875,4.831392351318931,4.838817101832439,4.846060837652486,4.853334480247975,4.8604884957416985,4.867579549602914
Clay,Missouri,39.315551,-94.421502,334.16723215229024,336.02806879155423,337.89380144903845,339.7425146146144,341.5745580038691,343.38695903431176,345.173830826892,346.9416431199722,348.694534214667,350.420613781013,352.11212979016176,353.7697233873561,355.3832528205689,356.95242666014366,358.47246545972286,359.94266978813215,361.365895656,362.7509442389364,364.11903161589584,365.46158975499276,366.78695354438776,368.09698813387905,369.4143667507006,370.7358836686368,372.07103949447213,373.42082508903695,374.78862103634043
Clay,Nebraska,40.523669,-98.05105,6.536315404462885,6.5566012250235755,6.576800594987103,6.596161770030296,6.614707302482853,6.632388328963767,6.649167262256878,6.665168140175511,6.68054882902753,6.6953431573074775,6.709333119161635,6.722503679703541,6.734907461035815,6.74640539045867,6.757004985415341,6.766713763349055,6.775764765,6.7841504729249404,6.792092651699211,6.799591301322811,6.806860668927847,6.813761681814531,6.82048603478527,6.826541335308388,6.832092967134985,6.837231139583838,6.8418017450687
Clay,North Carolina,35.052997,-83.752264,9.921573402891488,10.067842944216617,10.21533880256437,10.363400386406521,10.512228996839237,10.661852399530964,10.812209278630558,10.963429207257398,11.115951808495065,11.269789808274927,11.424946677305538,11.581488359049432,11.739595330351454,11.899384438399604,12.061060454998609,12.224410510023779,12.389606982,12.556704245361292,12.725982270597719,12.89737858495531,13.070605119624028,13.245557753347233,13.422406550844103,13.600849560470385,13.78096892232854,13.962859502452394,14.146306116911559
Clay,South Dakota,42.912997,-96.979795,14.670910556223301,14.730841448105103,14.790963202699904,14.849233588978612,14.905366312871726,14.95896056268195,15.00942466399898,15.057006738349724,15.101439577935976,15.141730696650145,15.17881532178592,15.210880257569814,15.238765299939024,15.261592480413746,15.28058332035718,15.295604215870236,15.306025319999998,15.312323789528977,15.31474774598407,15.313869777504271,15.310186127143384,15.304231210497804,15.29848624283652,15.29297031043084,15.28735894666866,15.282568292572373,15.277834897289994
Clay,Tennessee,36.545765,-85.545718,2.054390298509892,2.0726631628687233,2.0910506864893748,2.109460099605465,2.1279164187832094,2.1464099153579683,2.164923911618931,2.1835365843355223,2.202288932880149,2.2211437798557974,2.2400816679331887,2.2591408168662634,2.2782760578549097,2.2975186616068974,2.316857857100661,2.336341245302472,2.355959445,2.3757610995164407,2.3957979792457684,2.4161079564896144,2.436707708958789,2.4575736098963117,2.478622618200439,2.4998300647572633,2.5211855259975295,2.5427095016074412,2.5644183218455
Clay,Texas,33.785904,-98.212918,5.796622084160448,5.892948776185483,5.989758805512258,6.08668164804222,6.183681079352331,6.28074985455798,6.377798188839198,6.4755932637268465,6.574676634345412,6.67497818056172,6.77642390105441,6.878966445327648,6.982580715031186,7.08732648046304,7.19327593172342,7.300518853632294,7.409161331999999,7.519677389276635,7.632527075634839,7.747825532990712,7.865680658375744,7.9862262234093135,8.10882985316345,8.23347007173021,8.360269783402053,8.489407522835409,8.620828953395709
Clay,West Virginia,38.459826,-81.081866,2.704574091976303,2.7107604943267245,2.71601990504574,2.720182425345602,2.723188441616572,2.7251437680159345,2.726042443182714,2.725979848892491,2.7249753595684294,2.7230751757580727,2.7202569423577723,2.7165296014089892,2.711773925692247,2.706192601480653,2.699687266318141,2.69236671504248,2.6842696964999995,2.675245686326114,2.6655674167853682,2.6552483009399537,2.6443032421923047,2.6325891678790536,2.6202193438586976,2.606998535559352,2.5931234678931454,2.57852856588937,2.5633241147260373
Clayton,Georgia,33.552242,-84.412977,263.44940489834624,267.4653726896635,271.4791530041209,275.47396519731353,279.45247619308424,283.40881276589147,287.34096723149383,291.24423501637074,295.12266145444113,298.9711823869472,302.7861120652071,306.5637347751028,310.3066275441675,314.0127227572875,317.6834587554115,321.3252781073735,324.9377912625,328.52980805910346,332.1118763308096,335.6810594648478,339.23238319876947,342.7633004704773,346.28139253538995,349.7787784837247,353.25183249767235,356.7001650265592,360.1197607019028
Clayton,Iowa,42.840998,-91.323511,13.888740689057034,13.930954709599863,13.971388536179058,14.008866303834438,14.042957018237962,14.073665364110585,14.100574401287147,14.12361854367425,14.143116352296962,14.15873521196734,14.170203408869884,14.17774580961053,14.180922050419323,14.179858618762102,14.174236953613796,14.164286606301292,14.150180911499998,14.131826174790776,14.109803301572285,14.084238779310361,14.055141977446915,14.0224098321209,13.988707949556801,13.953970743661223,13.91811388945694,13.881727661784522,13.844156199710005
Clear Creek,Colorado,39.689403,-105.670791,7.445940908708323,7.51601391124379,7.5861162098735955,7.655774184405938,7.7252628926154365,7.794486308415094,7.863647876904484,7.9331072890196435,8.00329422081087,8.074189141548604,8.145884822198251,8.21835684934786,8.291616615923008,8.365506248526428,8.440196641041762,8.515573864213245,8.591676979499999,8.668676880785663,8.746939769249462,8.826390777094757,8.9069582916465,8.98869764997177,9.07244379075921,9.15804046817235,9.245652065851642,9.335524345477367,9.427413172930038
Clearfield,Pennsylvania,41.000249,-78.473749,219.5334668020489,220.15483456544436,220.76146227298076,221.34238346483033,221.90016702092032,222.43787788075028,222.9519727616618,223.44613667761973,223.92175150886072,224.37414012227572,224.79890884736824,225.1922309388672,225.54974815910276,225.86614558408723,226.13995275151737,226.36746693101517,226.54604837699998,226.68042737182094,226.77393460117688,226.82575511005646,226.8361546446589,226.80454856334572,226.74408244477962,226.65381731905612,226.53318626094992,226.3827030464464,226.2064247341895
Clearwater,Idaho,46.67257,-115.6535,5.2826870996013335,5.363494398330749,5.445853117909398,5.529092373645721,5.6132617195226135,5.698181998832673,5.783677866713333,5.8696845218023395,5.955618751839414,6.0417664451874415,6.127765476586772,6.21347861962322,6.2990316651764555,6.384325505280679,6.469093310797201,6.553472308140207,6.637691208000001,6.722028275049783,6.806304352582151,6.8910454751848045,6.976041991391634,7.06192666744581,7.148680444123145,7.236417676768786,7.32554242093561,7.415963192347494,7.507901078005063
Clearwater,Minnesota,47.575873,-95.371117,18.253910347210134,18.42530086011125,18.598802821524888,18.77300978598318,18.948156754501014,19.124225923971192,19.300832747278466,19.477959421315628,19.655278368910423,19.83205254142526,20.008093225923943,20.1823535997038,20.354577298021322,20.523906211110045,20.69009821671219,20.85239134184012,21.010404599999998,21.165035267794114,21.31644713380859,21.464437242621493,21.60919786779045,21.75107795021635,21.892213862761782,22.032687499719813,22.17278727142689,22.313179014091858,22.453741666585827
Cleburne,Alabama,33.671981,-85.516109,6.2515380410128,6.270873564403262,6.290400240614692,6.309638802429301,6.32879702465249,6.3477945676928345,6.366677142007527,6.385363022839774,6.4040184300338945,6.422536705856453,6.440924776134294,6.459179870536681,6.47740587646631,6.495608334584661,6.513766467411194,6.531966155198806,6.5503292925,6.568956996386735,6.58803764934924,6.607713923420558,6.627959500458668,6.648921207992723,6.669690377540441,6.6903154898897474,6.710829789009507,6.731236045230462,6.751632605293829
Cleburne,Arkansas,35.566288,-92.059974,14.607727990929499,14.714795476680095,14.821243003218926,14.926371129384016,15.030460691399487,15.133151371090989,15.2342471129813,15.334537437775987,15.434340273275962,15.53402123645225,15.632970965686466,15.731666352679962,15.829455645440884,15.926730954923684,16.023502878721718,16.119676038494717,16.2154782825,16.31130702048869,16.407204642834245,16.503351308623838,16.59999606130151,16.696534838045547,16.792787479768773,16.88823470439639,16.982855316741645,17.07674999394151,17.169203398443955
Clermont,Ohio,39.052084,-84.149614,192.0082994831855,192.40690795512404,192.7895908635861,193.14473092910956,193.47512769811607,193.7806135330952,194.06021613648753,194.31489104210158,194.54490646995365,194.74649057606274,194.91689410526007,195.05371984114873,195.1557943211569,195.22139087892862,195.25081126198236,195.2425802602277,195.198089265,195.12023840522698,195.01561583506262,194.88527767082164,194.7317887664113,194.55570232561556,194.3753578920587,194.19052077322647,194.00311880048693,193.8145433651754,193.630175631372
Cleveland,Arkansas,33.893201,-92.188714,4.350568684982136,4.382456220879268,4.414159116486388,4.445469059681433,4.476469690937657,4.507053697949754,4.53716269019866,4.567031807882764,4.596755738330279,4.626443371968646,4.655913224752127,4.6853073276730415,4.714431571708554,4.743402737896792,4.77222398248203,4.800866899265804,4.8293993475,4.857939686344879,4.886500540777537,4.915135566950626,4.943918936604581,4.972670743815797,5.001337332431624,5.029764046482651,5.057944573480329,5.0859088977452585,5.113443972788966
Cleveland,North Carolina,35.33463,-81.557115,89.15816506756181,90.47258601474964,91.79802700594547,93.12855177216008,94.46596926401365,95.81052899193658,97.16167995372841,98.5205865313976,99.89119930675824,101.27363263875772,102.66791771619971,104.07464712635642,105.49544268702522,106.93135442126724,108.38422246850647,109.85213391544347,111.33663780599998,112.83822276476889,114.35940468858976,115.8996221789943,117.45628656526739,119.02846218329509,120.61767728446347,122.22121844284223,123.83982379345457,125.47434583027092,127.12285084745591
Cleveland,Oklahoma,35.203117,-97.328332,139.89917587063331,140.46360247025635,141.0322173944703,141.59708277095527,142.1583182661282,142.71281255315012,143.26128363052237,143.81162948175913,144.36847720831304,144.92747893037085,145.4892329800169,146.06060023181908,146.63587658657275,147.21757503903234,147.80545625636418,148.40215289973955,149.01221229299995,149.64058064804328,150.29419861704847,150.97382408732253,151.68085316706242,152.4148869682118,153.15179276336633,153.88869855852093,154.62488635517417,155.36330792494252,156.0949085089487
Clinch,Georgia,30.917653,-82.702614,6.429303324694602,6.527310283877316,6.625263859176877,6.722754530393742,6.8198473819882,6.916399081890406,7.012360633933634,7.1076172262047965,7.202267582323426,7.2961881149435905,7.389288875878605,7.481479185655714,7.57282193487699,7.663266664803559,7.752848477166815,7.841724598471933,7.929885521999998,8.017546245855769,8.104964182736099,8.192067666606066,8.278735303977953,8.364904935535755,8.450761576655339,8.536112899100134,8.620870417255597,8.705024624402808,8.788477528208308
Clinton,Illinois,38.606423,-89.423136,51.12694839982316,51.324667823836975,51.51702414585849,51.70071948252247,51.8763964361023,52.044398536115175,52.203933643909636,52.358271352184836,52.509646623564514,52.65626097998798,52.79786788850758,52.932717369347365,53.06085792079216,53.18105283657995,53.29397300965026,53.399169830868836,53.49651801299999,53.58779582648579,53.67546860080269,53.75921705557588,53.83944938470228,53.91597563656649,53.991725915874184,54.06714479023585,54.14165432175784,54.21548891881659,54.28935180654147
Clinton,Indiana,40.305944,-86.477567,51.091692703488775,51.341655630154314,51.588348919825975,51.82871652988636,52.06284061201871,52.29083617857962,52.512497850360916,52.72821995544226,52.939497654459075,53.146109137866524,53.347495774218416,53.543435753969945,53.73472594844877,53.92020801892086,54.10005448392109,54.27395316705305,54.44198622,54.60499980509956,54.763955097045894,54.91917248740378,55.070208357083516,55.21679160553041,55.363309132630675,55.509177661433164,55.6550626205723,55.80064361848336,55.9461835405528
Clinton,Iowa,41.898073,-90.534243,37.0863274830178,37.19904922109876,37.30701740680252,37.4070921936905,37.49812272171348,37.580121500219825,37.651975197205395,37.713508681793144,37.76557258967161,37.80727875710718,37.8379016418949,37.8580416927561,37.86652303094487,37.86368340886692,37.848672190833724,37.822102334914966,37.784436686999996,37.73542506012161,37.676618613476556,37.60835509947059,37.53065953680044,37.44325671980214,37.35326446769313,37.26050764959633,37.164761097241254,37.067600988521384,36.96727601466619
Clinton,Kentucky,36.729124,-85.153499,5.195257655197106,5.223344347171891,5.250798721607241,5.277244399015402,5.3027591644905065,5.32735430941719,5.35100850562448,5.373903669864791,5.396191608531519,5.417795791128819,5.438722490648158,5.4589930352605025,5.47859362438464,5.497533040208615,5.515891577023152,5.533659198041908,5.550883578,5.567708995701069,5.584316113299237,5.600648473871343,5.616744969964455,5.632722279219776,5.648807483928255,5.665000584089891,5.681351763636385,5.697899915114807,5.714692713260269
Clinton,Michigan,42.950455,-84.591695,91.50804215616846,91.94540209786773,92.37324990671625,92.78626203109022,93.18496992538184,93.5695177128161,93.93846416114292,94.28784588167449,94.61840150593895,94.92754582358775,95.21327912487378,95.47372780787194,95.70750468654148,95.91267310504632,96.08835931633485,96.23316712666472,96.34631286599999,96.43057991412365,96.48819317332185,96.51958501326956,96.52525986525438,96.50608246862635,96.48109510449005,96.45093731965649,96.4151046828381,96.37407460221775,96.32990984145343
Clinton,Missouri,39.608723,-94.395803,34.87426956744552,35.06846969341448,35.26318077630198,35.45611567561549,35.64731088827779,35.83645619044545,36.02293721725214,36.207429161768786,36.39036390424798,36.57050054931608,36.74703008185212,36.92001941288109,37.08841013164318,37.252171824036104,37.41080569878221,37.56423876203603,37.712769072,37.85731513456344,38.00009109637335,38.1402027828223,38.27852003723588,38.41523750986879,38.552721417879525,38.69063720614282,38.82997637439349,38.97084233057933,39.11358787828696
Clinton,New York,44.75271,-73.705648,99.78521103538255,100.05114186893309,100.2938082354776,100.50963058660889,100.70069222989048,100.86889463806118,101.01533401535013,101.14589661479842,101.26627646406091,101.37408373401243,101.46953662644262,101.55058820075294,101.61615264327563,101.66513894506218,101.69750034858626,101.71195881479389,101.70759477899999,101.6894061012447,101.66245298493664,101.62522879867078,101.57690749281474,101.51671497054313,101.45390402679517,101.3898098487126,101.3246038805587,101.25707562192879,101.19071110617723
Clinton,Ohio,39.414041,-83.814542,42.334470745236565,42.422356939424546,42.50673182549247,42.58503399656962,42.65788070366236,42.72523498563256,42.78688246787923,42.84303382888957,42.89374820648454,42.93819397505678,42.975764971941324,43.00593265286328,43.028438289855906,43.042901183196705,43.049387862934275,43.04757307105328,43.037763585,43.02059883246366,42.99753138617183,42.96879410129458,42.93495248324489,42.89612850377856,42.85636571140433,42.815612360528874,42.77429350424039,42.732715919985175,42.692066060296405
Clinton,Pennsylvania,41.245301,-77.649141,107.33566004451998,107.63946301354329,107.93605918331282,108.22008676447996,108.49280174970306,108.75570266815392,109.00705711616573,109.24866679355196,109.48120733774265,109.70239197589764,109.91007252747016,110.10237799650008,110.27717752647729,110.43187251190163,110.56574400525136,110.67698164469469,110.7642947895,110.82999619856228,110.87571433132837,110.9010507349549,110.90613533971687,110.89068229900926,110.86111883043583,110.81698584702482,110.75800616418961,110.68443098046185,110.59824389803997
Cloud,Kansas,39.487329,-97.64139,10.346907589142862,10.389716176099487,10.4323586187652,10.474060835784606,10.515151339732917,10.55492401737375,10.593473268872401,10.631018102612346,10.667800183016727,10.703634485761581,10.738419058668386,10.771776301075972,10.803608036812443,10.83403887409598,10.86254394800756,10.889444219109173,10.914796327499998,10.938717329384998,10.961320504962519,10.9828437426491,11.003105794127379,11.022170851509756,11.040201283080535,11.057038496562019,11.072814652185622,11.087824278467052,11.101776622897212
Coahoma,Mississippi,34.22867,-90.603165,5.854001561273634,5.879206548989215,5.903727977437949,5.927245239176092,5.949691793036081,5.971188622958943,5.991552236634114,6.01096209357413,6.029478685749502,6.046853996081114,6.0630960901650335,6.078251345178658,6.092392351486606,6.10554128947807,6.117589273606118,6.128826665329231,6.1395559245,6.149839559487956,6.159911472579101,6.169830139344937,6.179547166209047,6.189175471516399,6.198686825680749,6.207966293958118,6.217284073816813,6.226448607350198,6.235532484922892
Coal,Oklahoma,34.582861,-96.288039,2.749303471192261,2.760395602364013,2.771570042636332,2.782670796666238,2.793700216142319,2.804597157161295,2.815375729854693,2.8261911456692976,2.837134336563831,2.8481198578529425,2.8591594679795698,2.8703879970894044,2.881693348026437,2.8931249062510056,2.9046779683859363,2.916404271580158,2.9283931799999996,2.9407418967737526,2.9535868198394986,2.966942843224962,2.980837403296997,2.995262661093645,3.009744359416397,3.024226057739148,3.038693645930374,3.053205132308569,3.067582572437268
Cobb,Georgia,33.93994,-84.574166,737.9031138538469,749.1515550469225,760.3938692723283,771.5830551342418,782.7265824973566,793.8080008731346,804.8216868802898,815.7544633417792,826.6176609512389,837.3970953588575,848.0824430437675,858.6632965540367,869.146873961166,879.5273840217419,889.808855426835,900.0093333551981,910.1277267029999,920.1887112030473,930.2218305898571,940.2188596191603,950.1658657343385,960.0557147949537,969.9096413601904,979.7055715602247,989.4333497363167,999.0918847846345,1008.6699299426065
Cochise,Arizona,31.881793,-109.75412,55.11217700410787,56.50796516353367,57.93426066985938,59.3874812209869,60.869032774191304,62.37910792635959,63.916945919788084,65.48965357960695,67.10139099857521,68.75398784711933,70.44581668154423,72.17797530410576,73.94997259274206,75.76103815990515,77.61160534859084,79.50280085058799,81.4342779915,83.41012945517551,85.43194416593226,87.50225477283419,89.61995384378108,91.787217723596,93.98992906046222,96.22833823033285,98.50121261313116,100.81174931718118,103.15871572240623
Cochran,Texas,33.60844,-102.830449,2.4588374900045853,2.499697783844768,2.540763101897427,2.5818762735671306,2.623021933013544,2.6641970070685996,2.7053634103994657,2.7468465695532487,2.788876203842963,2.8314225693919606,2.874454275983556,2.9179512382693096,2.96190280991699,3.00633434456315,3.051276464132459,3.096767253957748,3.1428517139999994,3.189730917255605,3.237600009896824,3.2865078333447233,3.336500155852303,3.3876337212728016,3.4396402859363624,3.492510740094786,3.546297217849211,3.6010754508412908,3.6568223903105217
Cocke,Tennessee,35.916198,-83.119223,14.562676551893956,14.692204915383257,14.82254604835691,14.953042346413945,15.083871141078207,15.214963470090424,15.346201112434697,15.478138229123077,15.611065446819662,15.744719231176505,15.878961657675037,16.014063649476718,16.14970502466347,16.28610744764011,16.423194567333876,16.56130380622765,16.700368665,16.840733954947307,16.98276665380645,17.12673522180105,17.272757879947005,17.42066714847178,17.569874385233685,17.72020472164669,17.871584269575866,18.02415834235325,18.178042698056917
Coconino,Arizona,35.829692,-111.773728,67.02406054803714,68.72153278003796,70.4561061823596,72.22342417818409,74.02519660680015,75.86165769276796,77.73188224907501,79.64451316198931,81.60460968200908,83.61439694245537,85.67189574579528,87.7784411720214,89.93343594850546,92.13594317700704,94.38648986278638,96.68644621952009,99.03539064299999,101.43830040512833,103.89710785852601,106.41489305615836,108.99030920680487,111.62600304799464,114.30480591947197,117.0270223131649,119.79115319188888,122.60108668334158,125.45532375033834
Codington,South Dakota,44.966324,-97.198843,29.080958549213623,29.199754705454435,29.31892919340301,29.434433863786193,29.545701219042318,29.651936762585056,29.75196766612032,29.846285760868195,29.934361382437814,30.01422720594876,30.087737056769107,30.151296783675022,30.206571046180695,30.25181951843038,30.28946352335382,30.319238228755577,30.33989514,30.35238008635652,30.357184899045237,30.35544457318948,30.34814277122946,30.33633882194693,30.324951037542956,30.314017251188304,30.302894298979773,30.29339817311466,30.284015546761882
Coffee,Alabama,31.402183,-85.989201,22.647701970336243,22.71774955995576,22.788489646700242,22.85818596966217,22.92759124310779,22.996414417520835,23.064821090039874,23.132515193053504,23.200098897974744,23.26718581148025,23.33380102404555,23.399934499480437,23.465962594918043,23.53190538273881,23.597687591516102,23.663620343146654,23.730145229999998,23.79762857301907,23.866752833138623,23.93803487415483,24.01137935226063,24.087318185537523,24.162559503594334,24.237278939759854,24.311596928316703,24.385523505455087,24.459414955927713
Coffee,Georgia,31.549245,-82.844938,40.88210781538407,41.505306141799316,42.128165015313286,42.748080413669676,43.365466190405634,43.97941093773145,44.58960310298431,45.195312629924494,45.79716727391738,46.39438117824631,46.98638238802286,47.57259429831881,48.15341681255214,48.72852907798053,49.29815429651165,49.86329222669036,50.423882418,50.98129198212512,51.53715773305542,52.09102396689605,52.642118777049596,53.190046910137845,53.735984826215905,54.27870956483127,54.81765847117495,55.3527710947303,55.883424330171685
Coffee,Tennessee,35.488759,-86.078219,23.24696484494039,23.45373599045944,23.661804591399022,23.87012088837343,24.07896796256533,24.288235726848132,24.497735460433397,24.708351792016938,24.920548660203668,25.1339053749027,25.348201761860846,25.56387030621828,25.780399889172976,25.998144362203266,26.216981843133276,26.437450972546685,26.659445594999994,26.88351614612616,27.110248446705967,27.340071050196496,27.573172677386193,27.809285973824764,28.047471267253098,28.287449408171618,28.52910244608756,28.772662350303378,29.01831390992442
Coffey,Kansas,38.23645,-95.729137,9.458113258146797,9.497244608298397,9.536224085872892,9.574344102726931,9.61190495236526,9.648261176335163,9.683499065873637,9.717818816650507,9.751441334232469,9.784197487795026,9.815994082802218,9.846485954306075,9.875583359420125,9.9034002025772,9.929456704499616,9.95404625539315,9.977220629999998,9.999086829454034,10.019748403239642,10.039422805274056,10.057944356382238,10.075371734605353,10.091853360871022,10.1072442659011,10.121665257427374,10.135385564109265,10.148139408936837
Coke,Texas,31.877105,-100.635236,2.647061627618376,2.6910497790750045,2.7352586493582276,2.779519036455366,2.823814398270209,2.8681414263835148,2.9124591200282435,2.957117817170591,3.0023648221489188,3.0481681141912764,3.094493900158258,3.1413205571669605,3.188636623907864,3.236469394839719,3.2848518359971184,3.3338249481471007,3.3834371759999993,3.4339049847005256,3.485438458870567,3.5380901787445094,3.591909416137498,3.6469572586476855,3.7029449285383493,3.759862618709592,3.8177664541307053,3.876737963704444,3.936752334286491
Colbert,Alabama,34.703112,-87.801457,23.139045760693524,23.21061303863436,23.282887837483273,23.354096228006966,23.425007254670746,23.495323553614693,23.565214314621173,23.63437704686717,23.70342698592492,23.771969355635576,23.840029790814643,23.90759803753592,23.97505861803205,24.04243204015544,24.10964139945958,24.177004567656773,24.244972717499998,24.313920117295712,24.38454403402578,24.457372544889704,24.532308237588552,24.609894570211143,24.686768254962548,24.76310873555134,24.83903905909198,24.914569479510664,24.99006401118763
Cole,Missouri,38.506847,-92.271404,106.31806705287478,106.91010761087166,107.5037058775346,108.09188925216796,108.67476899967653,109.25139936837017,109.81990739901948,110.38235149236179,110.94004828310281,111.48921476448226,112.02738456444553,112.55476166865131,113.06811939486279,113.56736502232606,114.05097793067665,114.51873559010511,114.97154666399999,115.41221131913,115.84747962638123,116.27462559558815,116.69630104031319,117.11309937338146,117.53223426944881,117.95268580022197,118.37747666227905,118.80692210618345,119.24209769268073
Coleman,Texas,31.914205,-99.346622,7.181474788956932,7.300814587245958,7.420753195427469,7.54083156865883,7.661004828254313,7.781263998476768,7.901497844297988,8.022656832169377,8.145411898442626,8.269676170804647,8.395357968511723,8.522398628710363,8.650767056882597,8.780537302859882,8.911798803451642,9.044662793686085,9.179260703999999,9.316179804052394,9.455990053152068,9.598834101407242,9.744845623188992,9.894190349072485,10.046084825429652,10.200502445611097,10.35759547658626,10.51758510616341,10.68040401631393
Coles,Illinois,39.51368,-88.220782,80.16354685307887,80.47355734278663,80.77515885657684,81.06318053962737,81.33862994820875,81.60204571303159,81.85218581504552,82.09417675124931,82.33152278967793,82.56140404014049,82.78343395589172,82.99486868872339,83.19578428061813,83.38424166101774,83.5612927440159,83.72623414127284,83.878869411,84.02198675922881,84.15945165341203,84.29076348383035,84.41656227050463,84.53655018233607,84.65532142244466,84.77357304233833,84.89039887505677,85.00616645684967,85.12197839646578
Colfax,Nebraska,41.574675,-97.089455,10.482170609601823,10.5147026125599,10.547095976261348,10.578145141952854,10.607886276397025,10.636241018274882,10.66314908964877,10.688809407712979,10.71347513980571,10.737200536070858,10.759635984469963,10.78075737382796,10.800649093257585,10.819088114389462,10.836086492811141,10.851656284110144,10.8661712115,10.879619219393176,10.892355947621901,10.90438139618617,10.916039149330683,10.927106178686069,10.937889901734431,10.947600677492346,10.956503728885542,10.964743722964421,10.97207352018455
Colfax,New Mexico,36.612963,-104.640126,4.980855320646195,5.027521053693605,5.07265637272604,5.116036605565128,5.157492587276575,5.196947664999528,5.234134875322043,5.269614577088989,5.303746245785744,5.336326354850735,5.367204241764348,5.396200168783895,5.423380215961836,5.448495922300919,5.47098957215838,5.49137394674131,5.509334505,5.525077416698124,5.5389833029378535,5.550782557105153,5.560464606391623,5.568127249274913,5.57210262523092,5.572329940611383,5.568600382450527,5.561196773372884,5.549952591646251
Colleton,South Carolina,32.83498,-80.655345,20.403647127162888,20.610254805885535,20.815841527539877,21.019833611487538,21.221589313285577,21.421346856249933,21.618542283142876,21.81342840238132,22.00632122448641,22.196583866715525,22.3841434035638,22.568678962809763,22.750039831743333,22.928760797400273,23.104370274849057,23.276722413079916,23.4459241695,23.612447129040866,23.77689900424317,23.939245763204635,24.099487405925267,24.257696857909934,24.414773533718822,24.570479210035977,24.725042386776703,24.878501957543584,25.03079958193273
Collier,Florida,26.118713,-81.400884,716.3096502356441,729.952221015119,743.9095372954298,758.135908868773,772.6472606068464,787.4551818141842,802.5673014214692,818.0354794820836,833.9057813971436,850.1857944091856,866.8693069844843,883.9609465072249,901.4676332096103,919.3861571044143,937.730066839023,956.5236249142966,975.7746270134999,995.5308894398729,1015.837226950157,1036.7061459880942,1058.1659944928324,1080.2423272977505,1102.6565008362816,1125.4063473248425,1148.51050136461,1171.9890149537155,1195.8565206313378
Collin,Texas,33.193885,-96.578153,778.0547079256318,790.9842098218793,803.9785879266622,816.9881084441438,830.0079091317147,843.0370175408525,856.0633822559466,869.1899786294093,882.4894971882567,895.9525260200078,909.5691322576174,923.3329602553887,937.2406411737988,951.300197713154,965.5213196283695,979.9160583350562,994.4986532579998,1009.3327303147794,1024.4800399865378,1039.9560372587132,1055.775204668222,1071.9554977824157,1088.41203573745,1105.141935918064,1122.161695218826,1139.4952775497406,1157.1353895468944
Collingsworth,Texas,34.963358,-100.272135,2.426473158650178,2.4667956308187544,2.507320428578375,2.5478924500840856,2.5884965317476922,2.6291296408515556,2.669754193359223,2.710691332406375,2.7521677536365092,2.794154104675336,2.8366194084784033,2.8795438440697136,2.922916905248876,2.96676361193641,3.011114182997359,3.056006202468176,3.1014840779999995,3.1477462359754824,3.1949852539646866,3.2432493305158006,3.2925836314593733,3.343044153760378,3.3943661844934865,3.446540733817127,3.499619249619814,3.5536764667290734,3.6086896397626176
Colorado,Texas,29.595908,-96.508389,17.45629830105091,17.746382326873004,18.03792190387588,18.329801213381334,18.621911166971113,18.914229946961562,19.206487169915988,19.50099317269255,19.799378827144224,20.10143296926139,20.40693274698959,20.715735566182115,21.02776584414916,21.34320357678085,21.66226616171073,21.985223982375476,22.312396511999996,22.64521125045753,22.985053620659958,23.332270367936765,23.68718641993377,24.05020462459555,24.41942060982047,24.79476970176056,25.176622021834927,25.565515220104984,25.961285663943357
Colquitt,Georgia,31.189758,-83.769741,42.02090916275337,42.66146713943432,43.30167620750241,43.93885980773554,44.57344332186725,45.204489954169794,45.831679473450535,46.45426148721329,47.072881237413384,47.68673097671416,48.29522281800076,48.89776409458828,49.494765849500155,50.08589829240364,50.671390842660614,51.25227110782957,51.82847695349999,52.401413573263454,52.972763375773845,53.54205796316729,54.10850392681724,54.67169500327035,55.23284042374661,55.790683161325646,56.34464488803267,56.8946634694572,57.44009844321393
Columbia,Arkansas,33.21507,-93.226901,14.005913624512509,14.108570105954913,14.210632169485368,14.31142918976733,14.411230433034408,14.50969042562838,14.60662118923521,14.70277971760601,14.798470840439213,14.894045111888012,14.988918275030422,15.083547574414078,15.177308109157202,15.27057583588786,15.363360915595996,15.45557189937208,15.5474272485,15.639308000102782,15.731254798140228,15.823440379441447,15.91610352727021,16.008665065199498,16.10095225640019,16.192467212364857,16.283189611113595,16.37321598205091,16.46186045835533
Columbia,Florida,30.221305,-82.623127,135.49084743267537,138.07135640035884,140.7113998649179,143.40233546760072,146.14717541738835,148.94811184542402,151.8065877732876,154.7324125935768,157.73429963331796,160.813684028727,163.96939086059407,167.20229540430375,170.51370663025088,173.90301736542102,177.3727903530571,180.927614874905,184.56896549399997,188.3058867226488,192.14685532696288,196.09423691608967,200.15339353742968,204.32915891900757,208.56882728901982,212.87198860854753,217.24216763522028,221.68315722903773,226.19772515270228
Columbia,Georgia,33.550556,-82.251342,104.99251213088797,106.59299609178298,108.19260827735232,109.78466109605668,111.37021739726568,112.94693652394054,114.51401835352212,116.06958797195387,117.61525756648184,119.14900891751654,120.66937314334479,122.17486942012579,123.66652477084592,125.14351518869053,126.60641389579149,128.05778844961495,129.49748360249998,130.92901034000488,132.3565722910972,133.7789991272575,135.19430845527944,136.60148519430456,138.00355070265311,139.3973642007273,140.78148069106942,142.15574492601883,143.51855666045708
Columbia,New York,42.247729,-73.626805,72.38823253817401,72.58114953277057,72.75718954098771,72.91375581346958,73.05235966587904,73.17438050353425,73.28061355737006,73.37532895368564,73.46265737070162,73.54086512960276,73.61011052280263,73.66890861670736,73.71647171811608,73.752008364961,73.7754846374392,73.78597339427127,73.782807546,73.76961274266941,73.75005986072738,73.7230559287469,73.68800169687665,73.64433560393518,73.59877000203095,73.55227348998027,73.50497044039382,73.45598270726303,73.40783920033792
Columbia,Oregon,45.941932,-123.081079,75.45497350226003,76.20702367916816,76.98702567594053,77.79038089901343,78.61641121477372,79.46564641510669,80.33755670812708,81.23029841807437,82.14857609688927,83.0902281936801,84.05353818273872,85.04058284825523,86.04809867221667,87.07587373786893,88.12640866291026,89.19540153723267,90.28486557,91.39751329566457,92.5376890076852,93.7063675231307,94.90535013441081,96.13429777471897,97.37526109498393,98.62525206897305,99.88552100553547,101.15755132194975,102.43882120884228
Columbia,Pennsylvania,41.045517,-76.40426,201.9038334041044,202.47530223394074,203.03321470799276,203.56748502790649,204.08047577972607,204.57500577300763,205.04781626837985,205.50229635478894,205.93971694058962,206.35577648981186,206.74643416563532,207.10817052953914,207.43697733209657,207.72796646425084,207.97978554916293,208.18902920418984,208.35326966849996,208.476857359154,208.5628554911609,208.6105145544652,208.62007895451973,208.59101099932835,208.53540061195824,208.45238422647606,208.34144044458245,208.20304178348613,208.04091949976726
Columbia,Washington,46.292851,-117.911635,5.206103309719336,5.256634380862989,5.309422422926212,5.364284438266873,5.421334800411306,5.480716688070247,5.542425017975857,5.606551288949206,5.673244610180168,5.742504981668748,5.814301056596618,5.888635376597692,5.965423220541363,6.044662894005015,6.126246801152765,6.210218149761229,6.296589648000001,6.385751013069904,6.47801994921074,6.573432039297375,6.672266015849524,6.774640488450051,6.8783239025185665,6.983328119013364,7.089761580981624,7.197648010339923,7.307028920442259
Columbia,Wisconsin,43.471882,-89.330472,144.98993223172812,145.9248285867533,146.85835878720604,147.780381762606,148.6912127793931,149.58945941079145,150.4721003534197,151.3358515818632,152.18179025645802,153.0022711660389,153.79382637976812,154.55306678341773,155.27731261224955,155.96306966322234,156.6066335556685,157.20695340145537,157.7633723955,158.2773092367815,158.7528623890173,159.190662385087,159.59147111888674,159.9549995961801,160.30738865926713,160.64480256646365,160.970420254371,161.28576551078146,161.5941223611097
Columbiana,Ohio,40.768462,-80.777231,95.404037358292,95.60209576332196,95.79224116116968,95.96870122133285,96.13286696717923,96.2846551038964,96.42358252157214,96.55012400063745,96.66441281279222,96.76457482475644,96.84924400160601,96.91722922752301,96.9679474388203,97.00054069892975,97.01515893851372,97.01106916322273,96.98896271999999,96.95028060910089,96.89829631665444,96.83353459997905,96.75726986970507,96.66977699871362,96.58016843948609,96.48832757928504,96.39521230845365,96.3015139739351,96.2099063392089
Columbus,North Carolina,34.260471,-78.636378,48.80497015969398,49.524481099114574,50.250024384743305,50.97835051687748,51.71044971083806,52.446458548048625,53.18607541119878,53.929937680265205,54.6802078944546,55.43694865358611,56.20017703033768,56.97021740559032,57.747957558597285,58.53397226951616,59.32926882634585,60.13280010483888,60.94541404799999,61.7673781277837,62.600069540211116,63.44318097707917,64.29529540611824,65.15590064698985,66.02583326091347,66.90360792490766,67.78962869235048,68.68436221643923,69.5867499911411
Colusa,California,39.177739,-122.237563,26.62347695556201,26.93052227823638,27.23728961890563,27.54194070947128,27.84476249909994,28.146203345864386,28.4461780617308,28.747137670830455,29.05200621506142,29.360106673733767,29.670630507789575,29.98262495632414,30.295299414602454,30.607868508733652,30.91969407572747,31.23053176043424,31.539556584000003,31.849148580527846,32.161023466909676,32.47497649295889,32.790493541418726,33.1076396242097,33.42568914851735,33.744274460722,34.063663828403854,34.38423985045171,34.706547281924
Comal,Texas,29.803019,-98.255201,139.0192819469964,141.32946663097675,143.65124310128553,145.97572514913128,148.30204401108477,150.6300259344601,152.9575176270432,155.30291825717634,157.67921583812793,160.08472869211693,162.5176820595663,164.97694034256483,167.46190161216506,169.97399932802537,172.51496481155138,175.08695135495716,177.69250319399995,180.3429887186978,183.049441224603,185.81462213833015,188.64111913380805,191.53214043027208,194.47251990042764,197.46174249167007,200.50275579420617,203.59984157065165,206.75169667586266
Comanche,Kansas,37.189071,-99.254089,1.957583488772464,1.965682660653723,1.9737503988609257,1.9816402510490376,1.9894143701644877,1.9969391630925382,2.004232489875265,2.011335785810288,2.018294772605326,2.0250744445779065,2.031655512882587,2.037966537351057,2.043988943539556,2.0497463067036263,2.0551393250093177,2.060228722599694,2.0650252155,2.0695509501624128,2.073827358637425,2.077899448231073,2.0817329276625656,2.085339941760517,2.0887512097973002,2.091936726902225,2.0949214971342003,2.097761243824507,2.1004009580435463
Comanche,Oklahoma,34.662628,-98.476597,61.93342642958106,62.18329833243616,62.435024408421974,62.685090557986,62.93354975750339,63.17902462121992,63.421833007386525,63.665471356764044,63.91198808919211,64.15945839637311,64.40814716018289,64.66109169279747,64.91576678700073,65.17328494667112,65.43354021905829,65.69769808441583,65.967771645,66.24595059098418,66.53530755212789,66.83617804547384,67.14918012873225,67.47413721398594,67.80036573224352,68.12659425050111,68.45250491050773,68.77940446285074,69.10328436180941
Comanche,Texas,31.951645,-98.549617,10.669157338859522,10.84645449886505,11.024641280730537,11.203035704529077,11.381571096245468,11.560234121076668,11.73885952271358,11.918859361549545,12.10123041411181,12.285843618556665,12.472562769395912,12.661300714166831,12.852011257301747,13.04480441092573,13.239813046826225,13.437202421312332,13.637167794,13.840581642002409,14.04829072531261,14.260506972050344,14.477428975532316,14.699302953371799,14.924964967760587,15.154375490532518,15.387760737096313,15.625449315098319,15.867341213515727
Concho,Texas,31.318865,-99.863648,2.7245656842828776,2.7698417771109844,2.8153450512538507,2.860901350585816,2.906493648670013,2.952118540219068,2.997733823993034,3.043700095601261,3.0902719002749004,3.137416279696877,3.185098451289018,3.233296159065993,3.281997606139401,3.3312308861300717,3.3810299302943316,3.431436939872128,3.482501777999999,3.534447247766082,3.587489584918579,3.641682909203245,3.6970779350784615,3.7537375387432252,3.811364487256814,3.8699486863745127,3.9295479043642625,3.9902460572363303,4.052017605335421
Concordia,Louisiana,31.469806,-91.626314,3.286327099426583,3.2991970171958043,3.31173223561101,3.3237348454889535,3.3351575523557004,3.34600108381854,3.3562188730108278,3.366001553042893,3.375367314097022,3.384306697278424,3.392723658424645,3.4006334772888027,3.408028877797982,3.4149615200698693,3.4214852470440245,3.4277266623891394,3.433695225000001,3.4396499630723265,3.4456978348779446,3.4519989140209497,3.458458611553466,3.4651555090629587,3.471568639728829,3.4776856342271243,3.4835108582015923,3.4891003374136664,3.4944307884300234
Conecuh,Alabama,31.428293,-86.992029,5.36062568810065,5.377205688526113,5.393949600410756,5.41044645734243,5.4268744239506805,5.443164609912082,5.459356211445136,5.475379150462221,5.4913759586669695,5.507255178216222,5.523022747930958,5.538676292282786,5.554304893586477,5.569913302898819,5.58548370375686,5.601089737540808,5.6168359275,5.632808980420812,5.649170432234032,5.666042622651947,5.683402984154816,5.701377419747517,5.719186756116838,5.736872565009677,5.7544633527667575,5.771961494916474,5.789451322716814
Conejos,Colorado,37.213407,-106.176447,10.975779347031548,11.07907130481673,11.18240644686447,11.285086627596762,11.3875172992565,11.489556913427528,11.591505360822046,11.693892848219228,11.797352744803243,11.901856261065722,12.007540147171431,12.114368416234898,12.222357862136016,12.33127576968211,12.441374047071431,12.552484755505148,12.664665474,12.778168110754237,12.893532469049827,13.010648189104678,13.129409709388092,13.249898600173788,13.37334561294465,13.499520431633698,13.6286653679364,13.761142689833084,13.896592528469123
Contra Costa,California,37.919479,-121.951543,1392.2317762205748,1408.2882160192037,1424.3301191973374,1440.2613564904123,1456.0969334421638,1471.860296214682,1487.5469900371695,1503.2851872623794,1519.227795944067,1535.3394123774785,1551.5777553169808,1567.8930016681334,1584.2438080317884,1600.5891045473518,1616.895519510785,1633.150274763749,1649.3102293680001,1665.499843367294,1681.8088374085562,1698.2265044111014,1714.7259594423995,1731.3106021959532,1747.9424889661163,1764.6023938999763,1781.304345617848,1798.068351511382,1814.9228986675157
Converse,Wyoming,42.972839,-105.507367,7.210308199331814,7.253448420843292,7.294458084514129,7.333222797977045,7.369842654553408,7.403574103855887,7.433873782139884,7.4616854264354835,7.487766886175933,7.511231620514791,7.532136825635699,7.549967735885886,7.564953135999917,7.576292279406811,7.58434264225433,7.5897047844707055,7.592049827999999,7.591720949944061,7.588560860797878,7.582984232892847,7.57497676718306,7.564638556989889,7.5518123128083205,7.536741118418828,7.519396375729593,7.500021168521089,7.4781007311405485
Conway,Arkansas,35.265702,-92.689248,11.28115903587741,11.363844401806595,11.44605098975826,11.527238639962906,11.607624234752219,11.686929510002518,11.765003057293566,11.842454602425788,11.919529672567142,11.996510623960774,12.072926862868105,12.149146680041074,12.224666744785361,12.299789873941451,12.374524251748277,12.448796220055447,12.522781740000001,12.596787720541881,12.670846898636821,12.745098406346662,12.8197345732863,12.894288897836622,12.968622247935782,13.042333595876116,13.115406573179763,13.187918930116568,13.259318230558634
Cook,Georgia,31.152935,-83.429552,16.994052348274415,17.253106138511534,17.512018823490575,17.769707951916715,18.026345556227884,18.281552778470882,18.53520011108008,18.78698408110319,19.03716563662021,19.28541810929394,19.531503746429276,19.775182862382366,20.016621690744902,20.25568685805379,20.492471145848572,20.727390138108515,20.9604187065,21.192125137952797,21.423189830423663,21.653423354935995,21.882504841998834,22.11026999096922,22.33720783787855,22.56281001720801,22.786842642159986,23.009280584400823,23.229864828799265
Cook,Illinois,41.894294,-87.645455,7944.257900650062,7974.980135117297,8004.869034783462,8033.412164684219,8060.709374279528,8086.814042211513,8111.603083611284,8135.584537555007,8159.105679208463,8181.887055680558,8203.890359945779,8224.843674921325,8244.754536415505,8263.430781316685,8280.976654973008,8297.322451157703,8312.448702365999,8326.631721568863,8340.254579021497,8353.267663985933,8365.734402848684,8377.625280360584,8389.395584939697,8401.114394828766,8412.69190831223,8424.164548463528,8435.641584503008
Cook,Minnesota,47.538571,-90.29019,10.592942792163395,10.692402571670776,10.793087647724287,10.894181844715629,10.995821536290745,11.09799639111282,11.200483252306674,11.303271788535493,11.406171903201905,11.50875587896181,11.610914203644981,11.712039394646766,11.811982680717039,11.91024609142137,12.006689120579098,12.10086958697458,12.1925664,12.28230025903078,12.370166212365607,12.456046482764807,12.540052648665961,12.62238720427063,12.704289909996476,12.785808289992847,12.867109711916124,12.94858056776315,13.030150604443588
Cooke,Texas,33.639169,-97.210372,31.144707078104496,31.66226136461222,32.18241257713374,32.7031699244208,33.22433877604409,33.74588020591776,34.267311808620605,34.79275557860173,35.325121240779175,35.86403204625051,36.409090392853024,36.96004187081126,37.51675162904208,38.079540807753816,38.648797277587725,39.22500344396499,39.808729295999996,40.40252171188186,41.00885249806271,41.62834030126423,42.26156484212228,42.9092448630079,43.56798267271247,44.23766288319576,44.91894584770001,45.612790816198235,46.31890584304647
Cooper,Missouri,38.845386,-92.812323,23.59804992938418,23.729457535213612,23.861210885542494,23.991762362135177,24.12113666102732,24.249123865915692,24.37530826019975,24.500146720539487,24.623931483357076,24.745822883439544,24.865273491996074,24.982328585092084,25.09627197769297,25.20708308976902,25.31442440883266,25.418246542812536,25.518751176,25.616559825292885,25.713170716855515,25.807978797813828,25.901572657018093,25.994084006658582,26.087113973048258,26.180436175860095,26.274721524063274,26.37003998975888,26.466630301291776
Coos,New Hampshire,44.652419,-71.289383,36.924309306271674,37.32425840709802,37.7258255857686,38.12642759519874,38.52773928789391,38.929987762498875,39.33234978642625,39.73757893074424,40.14272291307043,40.547583022090606,40.950143757332185,41.351228351382545,41.750212282968484,42.14377423440979,42.532340015665454,42.91221927375746,43.28361072,43.64841630554329,44.005500537163336,44.3543524429093,44.697015910584426,45.032185122981105,45.3687737019078,45.70618551342188,46.04669154397139,46.39029179355632,46.738916600657504
Coos,Oregon,43.184193,-124.092557,91.78194314095066,92.69672215911648,93.64550122025341,94.62268668575297,95.62745368724879,96.66044665315212,97.72102115505173,98.80693458207695,99.92390945851857,101.0693165164592,102.2410678078468,103.44168949205294,104.66721189006516,105.91737723051892,107.19522721551476,108.49552908635437,109.820731671,111.17413444291662,112.5610217150755,113.98257923575314,115.44099806154732,116.93586575827497,118.44534909136705,119.96581348458476,121.49877978897833,123.046052404099,124.60456385070977
Coosa,Alabama,32.931445,-86.243482,4.5757743295828055,4.589926845491481,4.604219274516812,4.618300820003996,4.6323235614276586,4.646228694724276,4.660049677378266,4.673726691462948,4.6873814005580146,4.700935737199828,4.714394770704211,4.727756473344833,4.741096884859005,4.754420060699388,4.767710792918518,4.781031941032573,4.794472724999999,4.808107156831783,4.822073121918251,4.836475048165314,4.85129367217285,4.866636463436263,4.881838327719858,4.896934750234376,4.9119500636957625,4.926886295830344,4.941815430922775
Copiah,Mississippi,31.866915,-90.448758,7.805940908935335,7.8395501662371805,7.872247940481002,7.903606721913917,7.933537782096649,7.962202445464248,7.989356036623555,8.015237853486562,8.039928558270791,8.06309743588439,8.0847552412897,8.104963815520154,8.123819953236783,8.141353230586011,8.157418455576293,8.17240280685175,8.186709595499998,8.200422172479152,8.213852431696969,8.22707834663039,8.240035387505399,8.252874123794705,8.26555691313013,8.27793049729838,8.290355167537726,8.302575493492677,8.314688269824261
Corson,South Dakota,45.69834,-101.176017,4.288580539550338,4.3060994560250325,4.323674165227355,4.340707684971699,4.357116326166627,4.372782924084126,4.38753452126855,4.401443648265816,4.414432195257246,4.42621004005918,4.4370505670369935,4.44642374527823,4.45457506278445,4.46124787300857,4.466799249407398,4.471190137071597,4.4742364199999995,4.47607758001167,4.4767861476525255,4.4765295011054445,4.475452701462255,4.473711968360311,4.472032607258756,4.470420197430354,4.468779891238136,4.467379493774713,4.465995834129577
Cortland,New York,42.593824,-76.076265,59.76695654789678,59.92623743139291,60.071583921463045,60.20085202590746,60.31528955440987,60.4160354055844,60.503746157593795,60.58194741735,60.654049657205604,60.71862147453087,60.775793562609365,60.82433989397128,60.86361011394357,60.89295075610827,60.91233381476178,60.92099380067168,60.91837993499999,60.90748571628978,60.89134198402225,60.869046332191715,60.84010399336745,60.80405131756722,60.766430322364,60.72804072618348,60.68898521660566,60.64853875708113,60.60878932840238
Coryell,Texas,31.391177,-97.798022,54.47768659877149,55.382982004103475,56.29281989946901,57.203718033407675,58.11533596234095,59.02760559755314,59.93968312531743,60.85877865427917,61.7899818159374,62.732633608793705,63.68603855525188,64.64975164692002,65.62353700503303,66.60795636149544,67.6036881717245,68.61157624944697,69.632617608,70.67126719478266,71.73184864324226,72.81544407761064,73.92306753340378,75.05597622012243,76.2082269655814,77.37961793537336,78.57130420592551,79.78496367773202,81.02008568542509
Coshocton,Ohio,40.29672,-81.930112,29.57460908156721,29.636005853300055,29.694949646096656,29.749651076375084,29.8005413520115,29.847594652175005,29.89066121604632,29.92988822236163,29.965316984450386,29.996366533617156,30.022613408235063,30.0436883704221,30.059410674361935,30.069514365496193,30.07404592132054,30.072778118522965,30.06592527,30.053934076126367,30.037819295556737,30.017743599525826,29.99410204674653,29.966979845960857,29.939201796070112,29.910731747911043,29.881866641039082,29.852820788350765,29.824423038518233
Costilla,Colorado,37.277547,-105.42894,4.768823759158374,4.813702680904298,4.858600365612813,4.903213478722022,4.947718183602921,4.9920529794336845,5.036348164565643,5.080834106483952,5.125785995306622,5.171191322391928,5.217109503788073,5.263524903692903,5.31044481881409,5.357768137630999,5.405604310758752,5.453880371120599,5.502621335999999,5.55193665601207,5.602060868189209,5.652946022738126,5.704546254639152,5.756897005043849,5.810533018386083,5.865354225532031,5.92146590754957,5.979025464847108,6.037876539403048
Cottle,Texas,34.091906,-100.276442,1.380594240144591,1.403536580399158,1.426594038162705,1.4496783648951572,1.472780932945949,1.495900016784967,1.519014232164023,1.5423063003968882,1.565905204859523,1.5897942448854756,1.6139557954171613,1.638378578882768,1.6630566175529762,1.6880041470512184,1.7132383610525515,1.738780643805164,1.7646562619999997,1.7909781146073207,1.8178557727893148,1.8453166601495659,1.8733864747615459,1.9020970773062735,1.9312978536552974,1.9609836888443533,1.9911838552592904,2.0219408748921825,2.0532418062671822
Cotton,Oklahoma,34.290676,-98.373438,2.8837025070516598,2.895336874375487,2.9070575744603753,2.9187009861686954,2.930269576150763,2.9416992114983618,2.953004692113389,2.9643488169166994,2.975826963053848,2.9873495088966826,2.9989287876967863,3.010706220738942,3.0225642310247545,3.0345546182108594,3.046672448996624,3.058971989689001,3.0715469729999993,3.0844993538093464,3.0979721978353707,3.1119811271967395,3.126554919480475,3.1416853525188544,3.156874985164819,3.1720646178107827,3.1872394505548516,3.202460327438151,3.217540605253439
Cottonwood,Minnesota,44.010711,-95.18313,22.295228365574555,22.504563820397102,22.71647818712804,22.929253640803076,23.143177210403607,23.358227151309812,23.57393377973401,23.790275351056387,24.00685176427261,24.222762792122932,24.43777794163746,24.650618629171905,24.86097173220113,25.067789160050754,25.27077518589146,25.46899913999579,25.6619956875,25.850860757242057,26.03579439972412,26.216548726280468,26.39335857880494,26.566650151845643,26.739032799778673,26.91060654785511,27.081723658915724,27.25319738174108,27.424879852916522
Covington,Alabama,31.243987,-86.448721,11.662813265211954,11.698885444123558,11.735314236022464,11.77120552428833,11.806946931733446,11.842388577537058,11.87761573871787,11.91247595030305,11.947279310542427,11.981826839725692,12.016131458613255,12.050187998900958,12.084190271994936,12.118148614503522,12.152024264145487,12.18597743834991,12.2202355425,12.254987219697737,12.290583914626264,12.32729179495002,12.36506176177945,12.404167735235228,12.442914511551626,12.4813925360515,12.519663828384818,12.55773355685575,12.59578519626211
Covington,Mississippi,31.633331,-89.548897,5.476173365289133,5.499751576014868,5.522690345665721,5.544689759401264,5.565687570745175,5.58579695510894,5.604846263118476,5.623003371634152,5.640324868361706,5.6565787437076,5.671772542699264,5.685949649244434,5.699177968590002,5.711478249561403,5.722748634288306,5.733260743758268,5.7432975165,5.752917426476099,5.762339279482104,5.7716177769668935,5.78070764876588,5.789714525263113,5.798611998862575,5.8072925529233625,5.816008945864453,5.824581983284331,5.833079570429886
Coweta,Georgia,33.352897,-84.762138,136.69823327061854,138.78203263299176,140.86469696064293,142.93751913789575,145.00188297420598,147.05474097908683,149.09505140834148,151.12037315989627,153.13280527056608,155.12972005722716,157.10920506411495,159.06933228704395,161.0114388902073,162.93445203256636,164.8391180383219,166.7287798179568,168.60323524199995,170.46705554618148,172.3257137746406,174.17768618213412,176.02039173080072,177.85250880486825,179.67797115481173,181.49268954594763,183.29478261935296,185.08404824555666,186.85840293616488
Cowley,Kansas,37.234507,-96.837247,39.60221583254539,39.76606332857614,39.929274916533736,40.088887842895524,40.2461594713516,40.39838719259108,40.54593231801913,40.689633090095846,40.83041446601854,40.967568275432996,41.10070430202163,41.22837730016361,41.350211505997535,41.46668385057827,41.575785442492894,41.67874474051909,41.7757785315,41.86733484157804,41.95384724443948,42.03622624482541,42.113778124837836,42.18674857623232,42.2557590546258,42.32020255685752,42.38058491889478,42.43803343232181,42.49143525801059
Cowlitz,Washington,46.185923,-122.658682,147.7569346764456,149.19108143341924,150.68928437308656,152.24634975090464,153.8655236572129,155.55086971621358,157.3022436572251,159.1222423525187,161.0150977420922,162.98080982594556,165.01848893487477,167.12820720422067,169.30756012262086,171.5564995998482,173.8719719064723,176.25520334328814,178.706554587,181.23708638987475,183.85581566952135,186.56375232071196,189.36880718582887,192.2743465807793,195.21703567627839,198.19721110391686,201.21795063823856,204.27992754242499,207.38432002704363
Craig,Oklahoma,36.76389,-95.201553,8.437499928040042,8.471541225024575,8.505835125272952,8.539902885456554,8.573751722811492,8.607193989198914,8.640272988035473,8.67346505690442,8.707049262268665,8.740763377882887,8.774643489927636,8.809103386606536,8.84379904633169,8.878882031061405,8.914337906323455,8.950325451312265,8.987118920999999,9.025016627812532,9.064437171444233,9.10542626105713,9.148068097739168,9.19233862403665,9.236782364000769,9.281226103964885,9.325626540512344,9.37016169880052,9.414285474630434
Craig,Virginia,37.473129,-80.231734,5.874659527991145,5.946948926823797,6.0193375388346695,6.091504889709987,6.163545468190911,6.235486046087439,6.3073163871192754,6.37916247627464,6.451103841577344,6.5231160734359195,6.595036966178037,6.666861007960464,6.738431504954103,6.809750819377486,6.880710289178274,6.951335898760288,7.0216119,7.091825696151779,7.162157603230012,7.2325493531776495,7.30301984374292,7.373510806868774,7.44465295490248,7.51640455531668,7.588856947227838,7.662119580094466,7.736280643408315
Craighead,Arkansas,35.828268,-90.630411,62.011478617143794,62.46599235859195,62.91787430217068,63.364155240027316,63.80602735410272,64.24196105247277,64.67112405717876,65.09686797405439,65.52054244303272,65.94369955003673,66.36375248519472,66.78272570840632,67.19785245780875,67.61079728931945,68.02160519093619,68.42987127067903,68.8365627705,69.2433667403154,69.65046313211626,70.0586167418647,70.46888478750822,70.87870295317404,71.28730644290013,71.6924908447959,72.09416618286576,72.49275984308855,72.88523513561489
Crane,Texas,31.422797,-102.487774,4.06427866376927,4.131817743161493,4.19969571259249,4.267652780555022,4.335663548438043,4.4037229365193475,4.471767992527277,4.540336622759994,4.609808536452587,4.680134569150826,4.7512628351207224,4.823160134749271,4.895808870427389,4.9692509498633015,5.043536988860441,5.118729939690464,5.194904184,5.272392080756405,5.351516192319931,5.432357249989961,5.514990905343674,5.59951095182328,5.685474002247426,5.772864998868139,5.861770115544312,5.952314531144662,6.044460147752617
Craven,North Carolina,35.118179,-77.082541,91.75864423993906,93.11140294670628,94.47550311947236,95.84483534589269,97.22126133831043,98.60503788463498,99.99559791156646,101.39413976268209,102.80472924654747,104.22748405762106,105.66243629439165,107.110195828144,108.57243178028929,110.05022479994625,111.54546869794686,113.05619476698557,114.58399723199999,116.12937896931268,117.69492925701024,119.2800703222965,120.88213799061126,122.5001693072943,124.13573709829073,125.78604879508573,127.45186406191131,129.13406025745797,130.8306472754277
Crawford,Arkansas,35.583041,-94.236224,36.54477695384993,36.81263225538585,37.07893657848567,37.34194010132405,37.60234540387632,37.859251062777936,38.11216659766874,38.36306718621522,38.61274820197434,38.86212432453662,39.10967108791788,39.35658155245354,39.601225202351856,39.844582998333046,40.08668145284905,40.32728195383276,40.566954519,40.80669336529698,41.046604542531306,41.28713876238526,41.52891906747848,41.770434248052695,42.01123359242565,42.25001799045427,42.48673441723476,42.72163474106017,42.952929371427324
Crawford,Georgia,32.709446,-83.979182,4.776081217556445,4.848886803683401,4.921652732984608,4.994074788714567,5.066201319606046,5.1379258497981235,5.209211981930176,5.279974426664628,5.350286521966911,5.4200564595691905,5.489217420436293,5.5577020422888594,5.625557044127091,5.6927449421019904,5.759291811934598,5.825314451125418,5.8908057975,5.9559255648497285,6.020864975128914,6.085570790407095,6.149952832148999,6.213964924598617,6.277744508535608,6.341148710738426,6.404111798660279,6.4666267101267145,6.528620650416493
Crawford,Illinois,39.00373,-87.757172,30.506687442988405,30.62466367389167,30.73943982183821,30.849048089018936,30.95387190662458,31.05411625359358,31.149308472609068,31.24139948086167,31.331722847209768,31.419205446622666,31.50370017656805,31.58416285021833,31.66062240577654,31.73234091906428,31.799718701890757,31.862488075877547,31.920574283999997,31.97503839370422,32.0273514303132,32.07732288399002,32.1251963179439,32.17085839087947,32.21605745256582,32.26105876986449,32.305517495855504,32.3495734985204,32.39364638180375
Crawford,Indiana,38.289433,-86.440871,17.28750406082954,17.37208209849343,17.45555381417387,17.5368851581778,17.616103927539978,17.693249038109077,17.768250997298185,17.841243230874152,17.912731644869613,17.982641187290714,18.05078283830108,18.117081545906867,18.181806941345247,18.2445670864261,18.30542035492243,18.364261118102142,18.421117173,18.47627482907403,18.53005931163092,18.582579029106235,18.633683877512276,18.683282126634328,18.732858138128577,18.782214553048217,18.83157652737481,18.88083565267279,18.930080879453396
Crawford,Iowa,42.043119,-95.38909,13.330979248887182,13.37149798593236,13.410308020272263,13.446280708804213,13.47900236561009,13.508477487275957,13.534305877641895,13.556424584502977,13.575139375711725,13.590130993657416,13.601138636348193,13.60837813991525,13.61142682526833,13.610406100231236,13.605010196951444,13.59545944814621,13.5819202275,13.564302603291477,13.543164152192888,13.518626282028034,13.49069798596904,13.459280339122449,13.426931898960092,13.393589713277043,13.3591728435241,13.324247859545643,13.28818523929236
Crawford,Kansas,37.505628,-94.853941,44.25189586098896,44.43498062478336,44.61735481879678,44.79570783382239,44.97144466010893,45.141545376087294,45.306413714587514,45.466986335775445,45.62429679569619,45.777553778002684,45.926321251238456,46.06898428408311,46.205122994393314,46.335270309504814,46.45718147488224,46.57222918214795,46.680655671,46.78296157014769,46.87963135898718,46.97168244425031,47.058339658903286,47.13987754127057,47.216990511819944,47.289000299396854,47.35647212996339,47.420665649949534,47.48033736223851
Crawford,Michigan,44.680208,-84.611132,18.505710976024574,18.594158466352965,18.680682313937464,18.7642059346288,18.844836804678753,18.92260407018951,18.997216270139266,19.067871886718073,19.134720293699598,19.197238682875984,19.255022652079486,19.307693301981757,19.354970101349323,19.396461399434134,19.43199049799172,19.461275044157205,19.484156556,19.501197917618445,19.512849071964958,19.519197457346063,19.520345085119402,19.516466831898057,19.51141362643258,19.505314804551393,19.498068354896855,19.489770823932442,19.480839365245618
Crawford,Missouri,37.966561,-91.313933,30.054259482898647,30.221619001818326,30.389418857754514,30.555688018347567,30.72045793624156,30.88346126396213,31.044168548668022,31.203161664273917,31.36081280040091,31.51605256715174,31.668183764250276,31.817264054877235,31.96238131235558,32.103509326148576,32.24021824345441,32.37244515898501,32.500446936,32.625015132707645,32.7480578761795,32.86880457663667,32.988004855428706,33.10582645999046,33.22430857007698,33.34316286978461,33.46324382260968,33.584640544376946,33.707657077312106
Crawford,Ohio,40.848508,-82.924771,38.97205667790974,39.052962513764214,39.130635927040586,39.202718950531924,39.26977981010193,39.331784480249794,39.38853561307075,39.44022715391948,39.4869135435973,39.52782920833571,39.56241612992124,39.59018774369212,39.61090587114262,39.62422004961425,39.630191525008506,39.62852087291815,39.619490505,39.603689062418276,39.582453747355295,39.555998920466216,39.52484517191362,39.48910478585023,39.452500152065966,39.41498363485966,39.376946527490794,39.33867124161616,39.30124999581217
Crawford,Pennsylvania,41.68684,-80.107811,246.64370608192235,247.3418066960847,248.02334700143447,248.67600628744893,249.30267066563974,249.90678356560386,250.48436414387675,251.0395524776614,251.57390109590915,252.08215528524664,252.55937879977802,253.00127232856133,253.40293943413536,253.75840885130313,254.0660285300269,254.3216384888862,254.5222729995,254.6732464878934,254.7783009469231,254.83652078259226,254.84820455816075,254.81269543445688,254.74476234073413,254.64335035347452,254.50782253772363,254.3387561157838,254.14070915342202
Crawford,Wisconsin,43.24991,-90.95123,35.49731002440841,35.72619699086328,35.954749487112856,36.18048471509469,36.40347986024081,36.62339402022653,36.83948750132862,37.050956288630495,37.25806409902477,37.458939185785646,37.6527325091612,37.8386143257575,38.01592855940262,38.1838197382253,38.341380933399634,38.488354860152306,38.62458071550001,38.75040583388669,38.86683362592827,38.974018462488736,39.07214687502872,39.16114811023558,39.24742212684537,39.33002983543551,39.40974952244525,39.4869542507959,39.562448035404046
Creek,Oklahoma,35.907732,-96.379793,38.327743298580295,38.48237750343973,38.63815917059669,38.79291358579204,38.94667353366285,39.09858661364525,39.24884953356165,39.39962607945886,39.55218392397035,39.70533189194914,39.85923390658061,40.01576962039025,40.17337629901093,40.33274241982117,40.493802413546845,40.65727754220352,40.824413621999994,40.996565751268584,41.1756354389595,41.361830321107554,41.55553288514523,41.756633848948994,41.958521644042484,42.16040943913598,42.36210052640705,42.56440359357014,42.76483793642007
Crenshaw,Alabama,31.732826,-86.319222,6.347642288994577,6.367275055387095,6.387101913173135,6.406636227409518,6.426088967002247,6.445378557307667,6.464551411485103,6.483524548431521,6.502466743271727,6.521269698633971,6.5399404468151205,6.55847617489643,6.576982367330898,6.59546464995602,6.613901925881195,6.63238139558757,6.6510268275,6.669940893152738,6.68931487102056,6.709293626418921,6.729850436619726,6.751134386316549,6.77222283816048,6.79316501822958,6.813994681548815,6.8347146410369275,6.855424755309427
Crisp,Georgia,31.914753,-83.753338,21.534915151512767,21.863188907418937,22.19128385431018,22.51782830659249,22.843040264297777,23.166439637468137,23.487862313720004,23.80692373119936,24.12395456411187,24.438540857340808,24.750381329943185,25.059172251537483,25.365124273839914,25.668068385589798,25.968122159838043,26.265812225875212,26.561106741000003,26.854725840149257,27.147531725696375,27.439284352662384,27.72957711424621,28.018201808170186,28.305778142390185,28.591661914564735,28.87555674262798,29.157430783878656,29.436955813549602
Crittenden,Arkansas,35.211878,-90.315331,27.346513458014602,27.546949996935126,27.746225936278613,27.943031881650445,28.137893574739365,28.33013647903907,28.519393567332873,28.707142868141982,28.89397956073666,29.080588101277737,29.26582772949717,29.45059121430038,29.633658438183296,29.815763455579276,29.996926105797307,30.176967835056317,30.356315188499998,30.535712140216205,30.715238047440973,30.895230178427457,31.07615475693738,31.25688094235721,31.43707146643379,31.61575420302566,31.792889473514812,31.968665751336836,32.14174388313359
Crittenden,Kentucky,37.358149,-88.10501,4.146832448843347,4.169251126297233,4.191165090594524,4.21227391723724,4.232639693954964,4.252271433482637,4.271152111765372,4.28942693397719,4.307217071332277,4.3244614375160415,4.341165039603451,4.357344901649391,4.3729900080889355,4.388107368827037,4.402761074423264,4.416943113557671,4.430691539999999,4.444121516474475,4.457377246740125,4.470413667122252,4.483261821485649,4.496014841424689,4.5088539830531476,4.521779246371024,4.53483068797805,4.548039351739018,4.561443291423669
Crockett,Tennessee,35.811312,-89.135349,5.8657312527727585,5.9179042559382316,5.970404636241324,6.022967515816146,6.075664322401809,6.128467278544219,6.181328765750626,6.234471995705775,6.288014030537661,6.341848720689541,6.3959205112532125,6.450338527941218,6.50497380400237,6.559915624110568,6.615133234655912,6.670762546753113,6.726776775,6.783314806667082,6.84052445749225,6.898513861136116,6.957330636091423,7.016907322826783,7.077006820930403,7.137558694715098,7.198533182622903,7.259988815717819,7.321972220440657
Crockett,Texas,30.717532,-101.404211,2.9127898218966686,2.9611937723412214,3.0098405987146517,3.0585441134740514,3.1072861139266785,3.1560629595339837,3.2048295336218127,3.2539713432186037,3.303760518580857,3.3541618244961913,3.40513807546372,3.456665477963644,3.508731420130275,3.5613659364066415,3.6146053021589917,3.668494634061482,3.723087239999999,3.778621315211004,3.8353280338923237,3.8932652546030315,3.952487195363656,4.01306107611811,4.0746691298588,4.13730056498932,4.201017140645757,4.265908570099484,4.331947549311391
Crook,Oregon,44.163054,-120.371585,33.02991766768462,33.35912267926016,33.700563415877056,34.05222687349137,34.41381620358051,34.78556331905271,35.16723630699974,35.558028110500715,35.959998116181254,36.372200119375535,36.79388272226071,37.22595502343727,37.666988439390146,38.11689020495603,38.57675494906203,39.04469953889286,39.521605243500005,40.0086594569739,40.507763865162545,41.01934518781717,41.54419192882599,42.08215566392766,42.625379183789356,43.17255449960831,43.72422892584809,44.28105181865188,44.84191927257627
Crook,Wyoming,44.589266,-104.567298,3.797456555225946,3.820177236845054,3.8417758165214213,3.862192047170875,3.8814786449920664,3.8992440039378646,3.915201950358445,3.9298495226982406,3.9435858578899055,3.955944041031091,3.966954195663883,3.9763452099095007,3.98423757793629,3.9902095701550353,3.994449458703778,3.997273540774433,3.9985086059999992,3.9983353956329997,3.9966710699326935,3.993734024579212,3.9895167286870343,3.984071898454812,3.977316694141806,3.969379140801886,3.9602441766640077,3.9500398267820422,3.9384949792772046
Crosby,Texas,33.609144,-101.29871,4.97814517806609,5.060870643080245,5.144011198680451,5.2272486383788985,5.310551852602758,5.393914619437466,5.477259831584648,5.561246345354602,5.6463392488611435,5.732478322859719,5.819600014937266,5.907663660437865,5.996647704871772,6.086603479034157,6.177592979859447,6.269693314646012,6.362995589999999,6.457906896903016,6.554822326930008,6.653840764080328,6.755054870438764,6.858579529213552,6.96387165614757,7.070912807708355,7.179808534232294,7.290712161471196,7.403577025065812
Cross,Arkansas,35.291259,-90.773894,9.563242170525493,9.633336047920936,9.703024056581585,9.771848293319465,9.839992613202476,9.907221126709539,9.973405482189479,10.039062555210542,10.10440048358544,10.169658625798796,10.23443805104291,10.29905096603685,10.363070688264548,10.426753921028359,10.490107602255373,10.55306929060177,10.615788151499999,10.678524357215956,10.741305659458,10.80425000298667,10.867520429088598,10.930721475919619,10.993735198719197,11.056221639059892,11.11816692108753,11.179636955109467,11.240163431047096
Crow Wing,Minnesota,46.491114,-94.071213,133.6846720009519,134.93987069895377,136.21053283993714,137.4863581541251,138.76906769925256,140.05853109215778,141.35193205654735,142.64914020925949,143.94775650011837,145.2423830662282,146.53163784607466,147.80785430974785,149.06915493971877,150.30925526759194,151.5263820823678,152.71495498472422,153.87218377500002,155.00463976454657,156.11352247845184,157.19734554867205,158.25751711335397,159.29659268246746,160.33021823542055,161.3589935347572,162.38503078769745,163.4132063244901,164.44263353963538
Crowley,Colorado,38.321956,-103.787562,7.59830803554242,7.669814949815283,7.741351759671764,7.812435153176764,7.883345816643108,7.953985758991171,8.024562588440494,8.095443356323223,8.167066531199032,8.239412182678839,8.312574980110762,8.386530010508451,8.461288899932203,8.536690544403653,8.612909334827215,8.689829010599947,8.7674894325,8.846064991431787,8.925929382190485,9.0070062049513,9.089222381620957,9.172634381635167,9.258094229126929,9.345442480983632,9.434846884646666,9.52655823084524,9.6203273897159
Culberson,Texas,31.445909,-104.526945,1.795368697239233,1.8252036468114896,1.8551882988568673,1.8852078921647075,1.9152512070635783,1.945315999619192,1.975374461074497,2.0056642080423446,2.0363529746106566,2.067419042701162,2.09883949212793,2.1305996571775907,2.162691764220649,2.1951343257149705,2.2279497008629106,2.261165698421521,2.2948151759999997,2.3290449510130986,2.363997513288017,2.3997085253518105,2.436211405797248,2.4735475872681207,2.511521206357413,2.550125611402774,2.589398869146566,2.629396276540852,2.6701010040784827
Cullman,Alabama,34.131923,-86.869267,35.23476104384141,35.34373943313554,35.45379519313836,35.56222709004402,35.670206178970666,35.777279651939295,35.88370514107587,35.989022031367284,36.094167166908036,36.19853940607081,36.30217778402622,36.405066686706014,36.507791641669264,36.610383877052485,36.712726287343806,36.81530290865877,36.918800759999996,37.02378975485833,37.131331649874205,37.24223056956208,37.35633818027367,37.47448202762577,37.59154069723506,37.70778743529578,37.823409610626825,37.938422837296436,38.0533814147272
Culpeper,Virginia,38.48593,-77.956476,77.47567777509356,78.4290385858483,79.38370783127749,80.33545905969467,81.28553839936117,82.23429891995109,83.18160562423608,84.12912001656463,85.07789092155669,86.02759642274481,86.97609733328026,87.92332096234784,88.86720081391408,89.80776804118557,90.74358959666169,91.67500816561436,92.60181606,93.52780358661357,94.45534877355384,95.38368317505963,96.31305601678324,97.24269885296347,98.18092958974489,99.12719785381208,100.08270823581769,101.04890416766445,102.02694870239628
Cumberland,Illinois,39.273121,-88.240619,14.80388976284981,14.861139738619624,14.916836819621311,14.970026098446573,15.02089364161248,15.069538918640715,15.115732564516552,15.160421295040607,15.204252247218735,15.246704668849121,15.287707175922069,15.326753058991763,15.363856360814212,15.398658991111308,15.43135520800776,15.461815116010552,15.490002438,15.516432075029583,15.541817867196187,15.566067366356116,15.589298765705742,15.611457064450716,15.63339067909962,15.655228334915822,15.676802689056954,15.698181614843692,15.719568732238098
Cumberland,Kentucky,36.784227,-85.393499,3.367900407776826,3.3861080093305915,3.4039057019558223,3.421049492242677,3.4375898054958562,3.4535339615176555,3.4688681340148495,3.4837102531355293,3.498158729554998,3.5121639512799208,3.5257299848671275,3.538870656609843,3.551577020083041,3.563854768466283,3.5757559536870023,3.58727406925427,3.5984400209999996,3.6093473397312965,3.620113142284885,3.6307008296492893,3.64113561447686,3.651493134724646,3.6619205997499207,3.6724180095526835,3.6830178965875797,3.6937454735069597,3.7046316461427367
Cumberland,Maine,43.808348,-70.330375,197.64231739724306,198.86941761491659,200.08973077386403,201.28214158027097,202.44830909293717,203.57948554728222,204.6877368254859,205.7548132807514,206.77634103078861,207.74251654632656,208.64429041573044,209.47547887438319,210.24030498104773,210.92519461827183,211.52471813907476,212.03359672000278,212.459824008,212.80264588543017,213.05406870534927,213.22480093819178,213.31650164275732,213.32509858381036,213.29387811367044,213.22857152637292,213.1243524690459,212.9950967061961,212.82662682626227
Cumberland,New Jersey,39.328387,-75.121644,684.8948819019648,689.7214371796777,694.3883639093647,698.8542564646852,703.1460087857954,707.2765552016857,711.2485772195859,715.126983088026,718.9477365510284,722.7038972369388,726.38710515263,729.9826908761983,733.4746442321252,736.8575233380918,740.1143716042632,743.2343052660012,746.2189016804999,749.1049132703778,751.9362694334859,754.6960135799897,757.3973166424581,760.0214869381433,762.6455783659687,765.2672248901437,767.8825619855428,770.4866998448651,773.0974626044017
Cumberland,North Carolina,35.050192,-78.828719,303.37645087013834,307.8490009905342,312.3590487628508,316.88639498025145,321.4371949176741,326.01229757855845,330.6098280803085,335.2337484389763,339.89750120902374,344.6014755170276,349.34577748841764,354.13242350636324,358.9669320932226,363.852876138471,368.79651704247647,373.7913457788679,378.84263324399996,383.9520420696089,389.1281330403785,394.36899589856944,399.6658222334944,405.01542828225496,410.42301419091905,415.87934704707976,421.38693848591305,426.9486892691712,432.55801962019655
Cumberland,Pennsylvania,40.164782,-77.26344,775.8634268300916,778.0594315179076,780.203342689336,782.2564032690834,784.2276920550783,786.1280409924345,787.9449276012516,789.6913752606267,791.3722677377201,792.9710753590637,794.4722702495797,795.8623281309758,797.1258463529734,798.2440411957217,799.2117158300613,800.015784264496,800.6469172515,801.1218323017404,801.4523005463243,801.6354418148744,801.6721952933837,801.5604947726679,801.3467986531595,801.0277884776849,800.6014606494598,800.0696309280698,799.4466375530017
Cumberland,Tennessee,35.952398,-84.994761,21.925494304447216,22.12051157244935,22.316752542195903,22.513227127730023,22.710202318523226,22.90757428533659,23.105165035189106,23.303808910179242,23.503943476385306,23.705171957787137,23.9072866959069,24.110695591326056,24.314916579721068,24.520283397931294,24.726681092156515,24.934617684030023,25.143993052499997,25.35532634376104,25.569170077691698,25.785928446686327,26.005779443725945,26.228470912087452,26.453116595052936,26.679453211337968,26.907369515329428,27.137084290066475,27.368771820343014
Cumberland,Virginia,37.520189,-78.252836,8.900033284912682,9.009550790172591,9.119218602115678,9.228551206297068,9.337691751938841,9.446680797987248,9.5555028366099,9.664348733436231,9.773338972394821,9.882436573269972,9.991395796563781,10.10020829190496,10.208636670166902,10.316684510080155,10.424187190039332,10.531184076080509,10.637651309999999,10.744024304014957,10.85057623455751,10.957218826274044,11.063980709008977,11.170773607408691,11.278553042530552,11.387255790134807,11.497020227802796,11.608012170050094,11.720365222817302
Cuming,Nebraska,41.915865,-96.788517,7.839727931361669,7.864058965624743,7.888286310099405,7.9115083144516545,7.93375202819151,7.954958844047264,7.9750836795022115,7.994275306861468,8.012723072695168,8.03046755126835,8.047247263984149,8.063044177835883,8.077921408346933,8.09171215020551,8.104425419914953,8.116070233978602,8.126926104,8.136984013475804,8.146509949254547,8.155503911336227,8.164222870066036,8.172500020132185,8.180565282369841,8.187828075810238,8.19448676352685,8.200649543559761,8.2061315775905
Currituck,North Carolina,36.372174,-75.941224,23.229959271316183,23.572428691199377,23.917769358749904,24.264434592441308,24.612895710286903,24.963217721667824,25.315257064200722,25.66931711499761,26.02642718925999,26.386617082954217,26.74989492225293,27.11641510443635,27.48660019048196,27.860723761535386,28.239265261782606,28.62172628596816,29.008510433999994,29.399745015916196,29.796085542976662,30.197385744073824,30.602971146878254,31.01259796621067,31.4266643845306,31.844463424818056,32.26618740649227,32.69205844493884,33.121572717453844
Curry,New Mexico,34.572984,-103.346055,20.447916091995815,20.639493026537483,20.82478714912222,21.002876112571542,21.17306544371578,21.33504045939992,21.48770519415306,21.63336009034977,21.77348090347559,21.907232095498284,22.033995151251087,22.153032192991223,22.264614499300595,22.36772206271124,22.46006529199187,22.543749308938086,22.6174828275,22.682112236853165,22.739200101629358,22.787639605214405,22.827387343035202,22.858844807392966,22.875164926880398,22.87609812520215,22.860787162039404,22.830393109722714,22.784232346225675
Curry,Oregon,42.466671,-124.211407,32.62800973322241,32.95320897925084,33.29049506605676,33.63787948382309,33.99506899607913,34.36229269381761,34.73932148604579,35.12535813610891,35.52243697202257,35.92962330253635,36.34617487283376,36.77298971960635,37.208656642338816,37.653084004634046,38.10735311597781,38.56960375750897,39.04070647499999,39.52183421433376,40.01486552165082,40.520221924377815,41.038682331890115,41.570100125952365,42.106713703730165,42.64723099202443,43.192192645578054,43.74224011917071,44.296282939676935
Custer,Colorado,38.101994,-105.373515,6.112060272037904,6.169580257784571,6.227124291465079,6.284303598149049,6.3413439612152915,6.398166556880673,6.45493838468573,6.511954699818135,6.569568205307505,6.627762869197947,6.68661484327995,6.746104087608645,6.806239954158306,6.866892851285471,6.928203058604194,6.990077056371778,7.052546908499999,7.115752894602913,7.179995613853489,7.24521361042081,7.311348100466603,7.378444507865894,7.447188198733059,7.517450917420958,7.589367599558348,7.6631399805901985,7.738567661067863
Custer,Idaho,44.273341,-114.252251,2.2468459236222604,2.2812150896027354,2.3162441098477546,2.35164764197265,2.387446762403561,2.423565271753674,2.459928591899723,2.496509161361371,2.5330589268155834,2.569699483028553,2.606276809963104,2.6427325421314594,2.6791201812307466,2.7153975744086853,2.7514512332168293,2.787339523142949,2.8231597200000005,2.8590301760270784,2.8948746918373685,2.9309170018006667,2.9670679364217643,3.0035966254498363,3.040494962567137,3.0778115856801427,3.1157183487250744,3.15417634137675,3.193279596921025
Custer,Montana,46.261481,-105.550508,6.855105569974394,6.908910364923549,6.9625522496760475,7.016053439258711,7.0692139984301905,7.1213304513413025,7.172476848081434,7.221831232658383,7.269741640492271,7.315541620778604,7.359445918776612,7.401224979209193,7.440538171665157,7.477615051421615,7.512248278228274,7.544134246718647,7.573361817,7.599864343991882,7.623723282792622,7.645434769001115,7.664821082402833,7.681860007970959,7.696840341054104,7.7094955013304745,7.72054377466713,7.729696365715458,7.737479030110112
Custer,Nebraska,41.393893,-99.726866,10.49757282557699,10.530152630174095,10.56259359180182,10.593688380291663,10.623473215548676,10.651869621111912,10.678817230472937,10.704515253109566,10.729217228357175,10.75297748607335,10.775445900509231,10.796598325061431,10.816519272841763,10.834985387769041,10.852008743144962,10.867601412271203,10.8821376675,10.895605435529674,10.908360878759924,10.920403997190762,10.932078879920203,10.94316217086708,10.953961739224356,10.963686783731662,10.972602917026068,10.980855018727798,10.98819558615231
Custer,Oklahoma,35.645601,-98.997386,14.501809276114127,14.560317175443489,14.619259232329707,14.67781261483169,14.735989727451066,14.793468053145581,14.850322018924997,14.90737032189653,14.965092602789666,15.023038164712048,15.081269030171791,15.140496390595375,15.2001289647387,15.26042724713588,15.321366428783664,15.38321940871779,15.446457557999997,15.511593596030773,15.579346983904333,15.649796283464307,15.723086213896316,15.799175426861607,15.875562347865893,15.951949268870175,16.028261762864712,16.10480580755624,16.180642795655167
Custer,South Dakota,43.684943,-103.46225,9.03627919039074,9.073192527780241,9.110223423569073,9.146114002884408,9.18068792812725,9.213698326659006,9.244780767441762,9.274088076394635,9.301455671758573,9.326272249857057,9.349113846846803,9.368863657934178,9.386038940076238,9.400098924636062,9.41179598536936,9.421047831396601,9.427466519999998,9.431345947177876,9.432838938849361,9.432298170212444,9.430029293105383,9.426361471046299,9.42282296322648,9.41942552548585,9.415969308545561,9.413018592722386,9.410103144419013
Cuyahoga,Ohio,41.760392,-81.724217,1101.2762736499728,1103.5625188477238,1105.7574219251167,1107.7943512090912,1109.6893636829107,1111.44149785057,1113.0451770352488,1114.5058817641675,1115.8251504309326,1116.981349375459,1117.9587100632857,1118.7434831015582,1119.32893801825,1119.7051714045233,1119.8739139531838,1119.826704499399,1119.5715234599998,1119.1250047158517,1118.5249350599024,1117.7773719169757,1116.8970261759293,1115.887070773575,1114.8526933727253,1113.7925478789748,1112.7176914963666,1111.6361046417323,1110.578651336792
Dade,Georgia,34.852424,-85.506201,13.744022306537811,13.95353331654559,14.162930206991142,14.371337540136775,14.578894448051514,14.785294527527178,14.990433038691565,15.194064546321798,15.396400093443924,15.597175485454967,15.796198438708961,15.993275106278293,16.18853993038695,16.381885044599404,16.57338548643602,16.763377361456808,16.951840346999997,17.139234047877874,17.32610873923984,17.512311219481802,17.697581983845794,17.881788153389497,18.06532523837654,18.247782095726553,18.428969568356926,18.608867333605886,18.78726591172907
Dade,Missouri,37.43235,-93.854878,9.895047157694112,9.950148509731799,10.005394838076292,10.060137201163787,10.114385954444764,10.168053076590095,10.220964250849926,10.27331105305825,10.325216022712494,10.376327074496121,10.426414662590016,10.475497771986737,10.523276094622183,10.569741000954282,10.614750966493053,10.658285280337525,10.700428512,10.741441273651054,10.78195179595352,10.821706370370487,10.860951801805209,10.899743319326946,10.938752301308899,10.977883822788272,11.01741920683661,11.05738779389696,11.097889686657355
Daggett,Utah,40.890099,-109.505786,0.34829108056945624,0.353307970226825,0.35840230131475725,0.3635384215520127,0.36870800233190787,0.37391922614521944,0.37917267745557426,0.3844869129831262,0.38988385011388405,0.39537327861359806,0.40095724410496253,0.4066464130491684,0.41244399999616327,0.4183573107412837,0.42439788844116066,0.43058034468646667,0.436900296,0.44339880095155004,0.45008462649552017,0.4569551425455895,0.46403621161724806,0.47132315800148095,0.4787236364452382,0.4862186518806459,0.4938175557257343,0.5015044213466706,0.509267559470917
Dakota,Minnesota,44.670893,-93.062481,833.4908072755752,841.3166601607986,849.238923781681,857.1933785082304,865.1907547090019,873.2302394772872,881.2942740281771,889.3820454549626,897.478596274203,905.5502721481553,913.5884562657064,921.545349712382,929.4092466315753,937.1409649199248,944.7294490461906,952.1399066032382,959.3549413874999,966.4155238970978,973.3291328737516,980.0865011809823,986.696408211244,993.1747869360286,999.6191861603868,1006.0333452551796,1012.4304333090879,1018.84085303302,1025.2590766613564
Dakota,Nebraska,42.390456,-96.562549,20.09892920909876,20.161307360422274,20.223419679342527,20.282954579744118,20.339981409210527,20.394349914644256,20.445944516739523,20.49514662720538,20.542441679126036,20.587933693876703,20.630952311483913,20.67145130022537,20.70959247112913,20.74494818076386,20.777541544990708,20.807395679670833,20.835227176500002,20.861012919617064,20.88543482692604,20.908492898426953,20.93084593616267,20.952066296701854,20.972743434503926,20.991363260663306,21.008434324125385,21.024234015224003,21.03828845880551
Dale,Alabama,31.430654,-85.609476,21.481896836034778,21.54833868058882,21.61543737552959,21.68154603510485,21.747378627126274,21.812659084039996,21.877544478764598,21.941753983960815,22.00585877387799,22.06949234503946,22.132678496372282,22.19540770830564,22.258036964745358,22.32058530483309,22.382981331787665,22.445520152304574,22.508620627499997,22.572630221708952,22.63819626574734,22.705809017512525,22.77537804108168,22.847407873708395,22.91877609616296,22.989649300934765,23.060141722873688,23.13026288155054,23.200350721729503
Dallam,Texas,36.28637,-102.59402,10.256937960556018,10.427384970849513,10.598687231087881,10.7701891106924,10.941826511701459,11.11358661452274,11.285310547779968,11.458355814731476,11.63368067990329,11.81116106795545,11.990666035909236,12.172111798571978,12.35545394521313,12.54079823746935,12.728272413421267,12.91803534444515,13.110274746,13.305829385697692,13.505513307650656,13.709530251808276,13.918071138527635,14.13137267242409,14.348315886225011,14.568862778996017,14.79323082596399,15.021735938511137,15.25428196969505
Dallas,Alabama,32.33354,-87.114356,17.990974963399413,18.04661965674366,18.10281445881213,18.158180111499156,18.213314559070206,18.26798659640929,18.322327771254816,18.3761028921957,18.429790314644325,18.48308309387773,18.536001161371452,18.588536544535273,18.64098821550193,18.693372119451833,18.74562846195844,18.798004393318134,18.850850707499998,18.90445840404655,18.959369619091827,19.01599494103144,19.074258630258417,19.13458323405371,19.194353742829662,19.253709676914895,19.31274670739188,19.371472806850825,19.430171002244045
Dallas,Arkansas,33.967823,-92.653999,4.304231267035581,4.335779172372861,4.367144404003101,4.398120868513229,4.428791315531222,4.45904957572307,4.488837880480567,4.5183888655502855,4.547796209756346,4.577167643746494,4.606323616441158,4.635404646076524,4.664218691063137,4.692881288617418,4.721395561366837,4.7497334056641565,4.777961958,4.80619831690452,4.834454972887598,4.862785010616242,4.891261811836012,4.919707386781073,4.948068650784424,4.976192595099995,5.004072974472846,5.031739453863948,5.058981255919025
Dallas,Iowa,41.685321,-94.040707,46.5362167107231,46.67766083817806,46.81314017055669,46.93871480374276,47.05294062945464,47.15583334452148,47.24599593114908,47.323208633729365,47.38853883664442,47.44087206502472,47.47929790277966,47.50456979770836,47.51521224787088,47.51164906765422,47.49281287267631,47.459472807565405,47.412209655,47.35070947839712,47.27691868457116,47.1912610879091,47.09376808206927,46.98409433681038,46.87117134791781,46.75477935978346,46.63463582948269,46.512718557488164,46.386829987719125
Dallas,Missouri,37.683583,-93.033812,18.136445631411128,18.237439862112865,18.338699817157735,18.43903606377171,18.53846758226501,18.636833040000724,18.733812935090096,18.829758403272255,18.924894044884866,19.0185745293803,19.1103791265486,19.200342633625173,19.287914621613528,19.37307927358847,19.455577191976957,19.535370416158518,19.612613952,19.68778547064203,19.762036444238195,19.83490185518801,19.906834067551817,19.977934309650802,20.049433138264494,20.121156567215827,20.19362022826591,20.266877898960352,20.341113055631332
Dallas,Texas,32.766987,-96.778424,2417.4613957538363,2457.6341128932736,2498.00840419972,2538.429743866346,2578.8830246215343,2619.365225010962,2659.8389005828335,2700.6240017681894,2741.9463822777066,2783.7767987498996,2826.0843891870345,2868.849406226926,2912.0613826885256,2955.7452455700013,2999.931101505504,3044.6563949468296,3089.9653686179995,3136.0557119590358,3183.1192873194773,3231.2041142412527,3280.3551908119634,3330.628306027511,3381.7597300890898,3433.7405065428134,3486.621892203096,3540.4783443371966,3595.2872020376863
Dane,Wisconsin,43.067468,-89.417852,1203.378844456097,1211.1382418023788,1218.886300419926,1226.5388520531353,1234.0985133317145,1241.5537274744534,1248.8794184466517,1256.048329688852,1263.0694013525565,1269.8791801673483,1276.4488832064412,1282.750381700475,1288.7614342969325,1294.4530400165515,1299.794453460264,1304.776952529044,1309.395085911,1313.660628439817,1317.6075963016983,1321.2412227560594,1324.5678313246942,1327.5850234303705,1330.5097612863683,1333.310209231241,1336.0127516145433,1338.6300354798634,1341.1893173866586
Daniels,Montana,48.794429,-105.541739,0.988661879956059,0.9964217531165942,1.0041581309276204,1.0118742173004347,1.0195411770333664,1.0270575529353547,1.0344340247107215,1.0415520476414906,1.048461816337976,1.0550672134612777,1.0613992101539305,1.0674246993325347,1.0730945543572088,1.0784418823113513,1.0834367800228601,1.088035460704014,1.0922507399999999,1.0960730061769275,1.0995140069095515,1.1026452962168303,1.105441242808391,1.1078986427729371,1.110059146957325,1.111884308425995,1.113477720310872,1.1147977317651003,1.1159201686893672
Dare,North Carolina,35.606269,-75.767536,31.577122555094935,32.04265065683281,32.51208172449578,32.98331331134496,33.45698609291898,33.933188438257666,34.41172519906476,34.89300876419272,35.37843831010528,35.868054339279,36.36186789784387,36.860088862269436,37.363291631314496,37.87184809135493,38.38640996405935,38.90629975345587,39.43206608399999,39.96388201172802,40.502638591124736,41.04813699185056,41.59946038511743,42.156277387026044,42.719129257945255,43.2870549845671,43.86031599196769,44.43921420769973,45.02306477170463
Darke,Ohio,40.132176,-84.620438,42.65125869478567,42.73980253950665,42.82480880106318,42.903696905631016,42.977088723092805,43.04494701573098,43.107055804783954,43.16362734524158,43.21472121745189,43.259499572770665,43.29735171263058,43.327745137671066,43.3504191838695,43.36499030273539,43.37152552216029,43.369697150230024,43.35981426,43.342521063983334,43.3192810044786,43.29032867910615,43.25623382494409,43.21711932646023,43.177058989951334,43.13600068261288,43.094372638196354,43.0524839297572,43.0115298880278
Darlington,South Carolina,34.332185,-79.962116,35.19810115715334,35.55451772965145,35.90917306064489,36.261077500145284,36.609123982064,36.953723462752116,37.29390306594989,37.63009890860137,37.96285613688655,38.29107607158108,38.61463290972036,38.93297311826005,39.2458367044066,39.55414622323389,39.85708814890405,40.15441087548783,40.446298913999996,40.73356579027846,41.01725986236169,41.29732242219956,41.57375346979205,41.84667880810378,42.11765000703174,42.38625611022484,42.652891300305555,42.91762267218836,43.180349583501524
Dauphin,Pennsylvania,40.412565,-76.792634,787.6677675074382,789.8971832139563,792.0737128295261,794.1580096110025,796.1592904852937,798.0885521996759,799.9330817515174,801.7061006635554,803.412567006816,805.0356996178255,806.5597343733203,807.9709412304586,809.2536831960026,810.3888907660054,811.3712880443743,812.1875899433595,812.828325276,813.3104659008093,813.6459620402613,813.8318897037506,813.8692023664751,813.7558023829998,813.5388549930888,813.2149912510447,812.7821770764467,812.242255854676,811.6097839737464
Davidson,North Carolina,35.795123,-80.206525,121.45711020218354,123.24770077472027,125.05330357522848,126.86583182807448,128.68774980464227,130.51939740443305,132.36002401604827,134.21121583716038,136.07835460987238,137.96159612145573,139.86098285934796,141.77732208486464,143.7128231447637,145.66891644944627,147.648108757734,149.64779417345076,151.67008290599998,153.71564059190501,155.78789455113665,157.8860800098171,160.00667051062106,162.1483914304188,164.31332465365546,166.49777377325503,168.702744325242,170.9293976329123,173.1750994751313
Davidson,Tennessee,36.169129,-86.78479,278.48221637700385,280.9591886299855,283.4517034823374,285.94718555820555,288.44902597017966,290.95590595225264,293.46556476269785,295.98859962835877,298.5305682059798,301.0864309254623,303.6535502547917,306.2371070604249,308.8309785001856,311.4394034648113,314.0609218919368,316.70198631524005,319.3613250675,322.04553197875236,324.76162476810697,327.5147372032344,330.30713002586134,333.1356005185418,335.9888920714288,338.8636606707184,341.75849335283147,344.67616894614036,347.6189010935855
Davie,North Carolina,35.929356,-80.542542,36.38404248687102,36.920436966859214,37.46132855318746,38.00429474800655,38.55007375556476,39.0987673971377,39.6501508174084,40.20469918232973,40.76402466209912,41.328173924801185,41.89715969809541,42.471223807511386,43.051028091340676,43.63700104745152,44.229893607751684,44.82892514246133,45.434727792,46.04750095636576,46.66827133342118,47.296809825296094,47.93206003625589,48.57364013651701,49.22217378139261,49.87655366451032,50.537081007143826,51.20410369865153,51.87683262414733
Daviess,Indiana,38.696155,-87.076988,46.15415719387148,46.37996353536257,46.602816219775605,46.81995454250501,47.03145271604017,47.23741463786625,47.43765477675974,47.63252935266977,47.82338903290337,48.010033443739175,48.19195794024925,48.36896214871224,48.54176593027534,48.70932288883799,48.87178887062793,49.028881868185465,49.180676094,49.327935936712315,49.47152968244837,49.61174675991681,49.748186421674916,49.88060376650764,50.01296174134885,50.14473343752382,50.27651997619666,50.40803192865873,50.5395067748761
Daviess,Kentucky,37.731671,-87.087139,51.969897473747565,52.250858034162896,52.52549331104542,52.79003825467319,53.04527097532208,53.29130442448375,53.52792524934063,53.75695322392497,53.97990691829127,54.19602077232943,54.405357536868124,54.60813056472494,54.80420180407674,54.993659106083705,55.17730568135319,55.35504112855925,55.52734235399999,55.69565262673552,55.861779170632325,56.02515722823213,56.18617585467287,56.346002215368344,56.506907890317414,56.668892879520115,56.832459189606,56.99799587571305,57.16597984413934
Daviess,Missouri,39.962839,-93.970053,12.15673387238681,12.22442960562139,12.292303452042454,12.359558143100976,12.426206401167422,12.49214008609285,12.55714503797447,12.621456620665843,12.685225382217453,12.748018762033555,12.809554747568876,12.869856663169273,12.928555560091306,12.985640836359595,13.040938619577805,13.094423465005013,13.146199272,13.196586220219423,13.246356133471382,13.29519731367953,13.343412977339906,13.391070977094978,13.438996146629776,13.487071864215055,13.535643754248397,13.584747863446115,13.63450717472269
Davis,Iowa,40.748089,-92.410345,7.298981604981334,7.321166435579918,7.342415716780271,7.3621114935851395,7.380027264561267,7.396165491680757,7.410307059426655,7.422417500189548,7.432664228072282,7.440872443055711,7.446899350758001,7.45086312583998,7.4525323429241945,7.451973475257356,7.449019108736625,7.443789879994932,7.436376881999999,7.426730875309817,7.415157144464854,7.401722162711831,7.386430853994954,7.369229054927998,7.351517627636221,7.333262104510209,7.314418170052149,7.295296032746721,7.275551016499841
Davis,Utah,41.037045,-112.202123,195.50353618223988,198.3196280185511,201.17918945361714,204.06220806838857,206.9640088305465,209.889184754299,212.83806391208944,215.82106260399686,218.85048354664985,221.93182195347612,225.06622607802743,228.25968324239662,231.5139978450225,234.83327079144786,238.22398151243064,241.69433181905666,245.241861168,248.88961664841193,252.64251934694389,256.4990929376004,260.47385462600334,264.56417983260536,268.718233111344,272.92535210780784,277.1907859810918,281.50559475711225,285.8632169870006
Davison,South Dakota,43.680439,-98.155868,21.31142796588227,21.398485471984255,21.485820231290386,21.570465634516296,21.652005801855765,21.729858501580093,21.803164248756413,21.872283472550123,21.936828018475413,21.99535616987074,22.049226467436387,22.09580500573299,22.136311698858787,22.1694711820747,22.197057875887275,22.2188777030536,22.234015727999996,22.243165083736834,22.24668619942949,22.245410834690414,22.24005984785039,22.231409547881018,22.22306422643621,22.215051608836383,22.206900364634468,22.1999413092104,22.193065429747566
Dawes,Nebraska,42.711214,-103.134872,8.541491396730365,8.568000393171458,8.594396418162086,8.61969711126345,8.643931943288713,8.667037060809353,8.688963345803428,8.709872887743344,8.72997198232125,8.749304835756886,8.767586563523006,8.784797518410828,8.801006465651072,8.81603166856256,8.82988295074968,8.842570135816816,8.8543977555,8.865355986194846,8.875734624230796,8.88553366960785,8.895033095051074,8.904051163879283,8.912838378004375,8.920751291338929,8.928006023179488,8.934720456778704,8.940693208246625
Dawson,Georgia,34.442842,-84.173284,28.235771442330694,28.666191654208383,29.096377418425515,29.52453023238061,29.95093592952283,30.374965033941656,30.796402367647264,31.214743707588884,31.630422621357948,32.0428963465622,32.4517698549517,32.85664490666468,33.257797700314924,33.65500663468905,34.048425867152886,34.43874589424096,34.82592496499999,35.21090729329579,35.59482336647784,35.97735844659089,36.35797940607808,36.73641325793738,37.11347253995125,37.488312598219366,37.860544827715316,38.230127477485865,38.59663019155136
Dawson,Montana,47.272425,-104.901027,5.1778291945605694,5.218469274461791,5.258986304300004,5.299397063629252,5.339550536463118,5.378915370256787,5.417547496857082,5.454826072764272,5.491013977658424,5.525607824918134,5.558769816899188,5.590326564876437,5.620020782354498,5.648025858058519,5.674185182817398,5.698269436059163,5.720345736,5.7403637439777695,5.758384985023976,5.774784202512329,5.789427160010458,5.802297077964312,5.813612090576502,5.823170843198466,5.831515874744383,5.8384290510116434,5.844307488112686
Dawson,Nebraska,40.867378,-99.815154,22.729820225357525,22.800363494146787,22.870606133849112,22.937933978491213,23.0024254530523,23.063910636744097,23.122258821267952,23.17790134400945,23.23138717982298,23.282833966177343,23.331483594940288,23.377283782792343,23.42041752135164,23.460401189913124,23.497260930136527,23.531022883681576,23.562497442,23.59165846343206,23.619277126939878,23.645353432523454,23.67063241748518,23.694630461119992,23.718014175751073,23.739071282665932,23.758376898378682,23.776244722806126,23.792138851923735
Dawson,Texas,32.741934,-101.947322,11.232126365840136,11.418778792291233,11.606367782411938,11.794175370905204,11.982131365633052,12.170221728167888,12.35827248228201,12.547770197183318,12.739764245334602,12.93411875481163,13.130690333103962,13.329387229059803,13.530160809554992,13.733126891617191,13.93842535814994,14.146230185380944,14.356746935999997,14.5708941242698,14.789563190342676,15.01297724494292,15.241345360367223,15.474926746153693,15.712496048122183,15.954011652362327,16.19971171077083,16.449942170313445,16.70459774278322
Day,South Dakota,45.362283,-97.593734,5.696194930755547,5.719463973343226,5.742807121162075,5.765431448238566,5.787225796725942,5.808034545638745,5.827627968760344,5.846102402891261,5.863354100707858,5.878997715008046,5.8933963614245615,5.905846040261281,5.916672814535358,5.925535800183402,5.932909270684912,5.9387413523780666,5.9427874979999995,5.945232970628641,5.946174107064511,5.9458332230011255,5.944402992039526,5.942090908826993,5.939860341368747,5.937718700187906,5.935540006391481,5.93367996508909,5.931842155356049
De Soto,Louisiana,32.059248,-93.740797,4.708520967025193,4.726960481969049,4.744920452765788,4.7621173228762474,4.778483330627467,4.794019518506722,4.808659167328327,4.822675408758681,4.836094304979696,4.848902303656776,4.860961796469446,4.872294675650508,4.882890516327201,4.892823335096143,4.902170276015784,4.911112731872205,4.919664255,4.928195970869545,4.936861125110459,4.945889064923541,4.955144266962865,4.9647393198542735,4.973927802707911,4.982691993240078,4.991038146374435,4.999046533631258,5.006683795417705
De Witt,Illinois,40.181499,-88.901853,24.376634840366222,24.47090477727583,24.56261765997099,24.650201102438906,24.733961488718837,24.81406260902045,24.89012678238969,24.963712906233845,25.03588658038759,25.10579031492971,25.173306566297985,25.237600967894934,25.298696643044273,25.356003946991205,25.40984275238048,25.459999168467725,25.506413459999997,25.54993348218027,25.591734670630867,25.631664796803978,25.669918482007557,25.706405159890377,25.742521864593716,25.778480559918318,25.814005692923214,25.849209026339707,25.8844258483617
DeKalb,Alabama,34.460929,-85.803992,29.799676208655782,29.891844301144477,29.98492357615079,30.07662947460881,30.167952412298554,30.25850942845175,30.34851841454,30.437589807023162,30.526515938525257,30.61478839561254,30.70244019214434,30.789458122576935,30.876337394800316,30.963104419901963,31.04966015630388,31.136413975861796,31.223946922499998,31.312740998564756,31.40369418102996,31.497486555397888,31.59399266900307,31.693912415663398,31.792914377034233,31.891229650130914,31.989016701478267,32.08628873661999,32.183514552358666
DeKalb,Georgia,33.770661,-84.226343,671.1068212220033,681.3370336591917,691.5616737526408,701.7379947558591,711.8727903481996,721.9510991683901,731.9678068735473,741.9109291079578,751.7907708908655,761.5944318648466,771.3125230123684,780.9355789824219,790.4701644539327,799.9110124170651,809.2617868786613,818.538899536035,827.741358054,836.8916044744642,846.0165081809371,855.1085884927822,864.155174053004,873.1497765161528,882.1117082516257,891.0208935552668,899.8680960764949,908.6523234801235,917.3633470803851
DeKalb,Illinois,41.894613,-88.768991,171.01879186821594,171.68016005235415,172.32358874954684,172.9380465947995,173.52568308202655,174.08764731174816,174.621289593353,175.13754666002794,175.64389442456937,176.13431700778315,176.6079897610605,177.05905903116306,177.48768704404654,177.8897370378381,178.2674531382596,178.61933475522,178.944962805,179.25028557264568,179.54354954424352,179.82368673225122,180.0920625384634,180.34804157788653,180.60142500201684,180.85369988211585,181.10293302554354,181.3499085244198,181.59697865510353
DeKalb,Indiana,41.401189,-85.000185,69.58523042231607,69.92567183125517,70.26166010052361,70.58903299907256,70.90790241483339,71.2184249909101,71.52032100747415,71.81412752659635,72.10188090862859,72.38327905615604,72.65756113124502,72.9244250364807,73.18495608479786,73.43757665636348,73.6825217158335,73.91936608906853,74.14822166399999,74.37024088632154,74.58673284483083,74.7981339024604,75.00383986438057,75.20348150041765,75.40303362610958,75.60170183714328,75.80039242576326,75.99866902903698,76.19688968834498
DeKalb,Missouri,39.894665,-94.40719,9.924576598479415,9.979842387541632,10.035253585558342,10.090159314352283,10.144569960277344,10.198397239325445,10.251466314539384,10.303969333466185,10.356029201293568,10.40729278198919,10.457529844708436,10.5067594311001,10.554680336901304,10.601283906817141,10.646428194011074,10.690092425775319,10.732361424,10.773496578591415,10.814127995019037,10.854001207612503,10.893363757806256,10.932271039487718,10.971396434600921,11.010644734901856,11.050298103004598,11.090385966911846,11.13100872804456
DeKalb,Tennessee,35.98222,-85.833596,7.948599814950863,8.019298983636862,8.09044177814603,8.161669264857801,8.23307823486087,8.304631047176304,8.376263174411637,8.448277088719033,8.520831419938288,8.593782325757045,8.667054524217434,8.740795890593843,8.814831663198355,8.88928283089184,8.964107719733324,9.039490501655465,9.11539488,9.192009059661608,9.269533344421056,9.348114265232054,9.427816349487069,9.508548183380107,9.589988474269544,9.672041775387365,9.754667757113275,9.837945734367182,9.921938890220867
DeSoto,Florida,27.190581,-81.806253,71.27000887747332,72.62739131709964,74.01608970316244,75.4315580386691,76.87538078607507,78.34871103585839,79.85230783678703,81.39133106135994,82.97036403683693,84.59016166417857,86.25010592007102,87.95065721114403,89.69250407343846,91.47532712577872,93.30047440559417,95.17035993683531,97.08575935949999,99.05143020876201,101.0718313776571,103.14820720842772,105.28337821015691,107.47988698882685,109.71000959927444,111.97353035551099,114.27230332747781,116.60832361057042,118.98304708521256
DeSoto,Mississippi,34.874266,-89.99324,45.819453684741596,46.0167339135168,46.208663902487636,46.39273424714405,46.56842412768211,46.7366804891999,46.89606713163197,47.04798869020718,47.1929186374746,47.32891573598308,47.456043115405826,47.574663771363774,47.68534587091582,47.788263020663265,47.882562970017815,47.970518387214966,48.05449663499999,48.13498696834028,48.213820147758845,48.291453863386465,48.36750933718389,48.44287038457602,48.517316051706636,48.589946740732515,48.66287729570613,48.734608386888794,48.80570818133938
DeWitt,Texas,29.082342,-97.361656,13.947323427888843,14.179096261947322,14.412032059810276,14.645239298903821,14.87863081919979,15.11218918869255,15.34569837502655,15.581004303084168,15.819410015286582,16.060746794722114,16.304836585904646,16.551565458225916,16.800873022237834,17.052903091986884,17.307829364957794,17.565867873506086,17.827273872,18.093187911665318,18.36471692485985,18.642137955958844,18.92571061733194,19.215756778511743,19.51075487443501,19.810653231656467,20.115747571700272,20.426467468990985,20.742682183486355
Deaf Smith,Texas,34.940766,-102.607564,16.068890517463288,16.335918977415737,16.604287302909164,16.87296835933185,17.14186172849551,17.41094732676248,17.679976260480334,17.951075243422633,18.22574552750439,18.50379273180399,18.785011716308194,19.06927122009943,19.356501667718685,19.64686874917664,19.940572583577104,20.23786206457251,20.539031273999996,20.845394255580704,21.15822632030598,21.47784665456006,21.804554361089505,22.13872026991823,22.47859136638772,22.82410811685775,23.175611225895757,23.533595611715494,23.897910647034507
Dearborn,Indiana,39.151491,-84.97346,75.57708760499878,75.94684380227808,76.3117634081577,76.66732578947015,77.01365246861245,77.35091357694029,77.67880530846129,77.9979109706809,78.31044227122413,78.6160710996191,78.9139711035664,79.20381417259416,79.48677907395309,79.76115234184581,80.02718917330594,80.28442778322503,80.53298969400001,80.77412658631974,81.00926027222886,81.23886468907557,81.46228361591618,81.67911602884067,81.89585122384761,82.11162639191845,82.32742586446865,82.54277570415006,82.75806478263297
Decatur,Georgia,30.877961,-84.577744,11.958848406001696,12.141146597330993,12.323345491779477,12.504683359850468,12.685281262124692,12.864872593278305,13.043366217817962,13.220548579438342,13.396603309357392,13.571300528494866,13.74447292840775,13.91595184042178,14.085854244423933,14.25408628445838,14.42071325162483,14.586027595640765,14.750011633499998,14.9130652731883,15.075667316103566,15.23768445958389,15.398890905242753,15.55917103342441,15.718868982633603,15.877627012053155,16.035280533702522,16.19181186457554,16.3470387336855
Decatur,Indiana,39.30598,-85.499831,42.09471226371126,42.300658023536556,42.50390991237851,42.70195004077529,42.89484609392748,43.08269283111588,43.26532103933904,43.4430556075598,43.6171284064288,43.78735668590447,43.95328018662283,44.114716158542294,44.272321148108546,44.4251407939933,44.57331723511781,44.71659326771985,44.855036577,44.98934432052429,45.12030841513959,45.24819283312818,45.37263207440693,45.49340277781387,45.614119333060344,45.73430117522217,45.85449655442413,45.97444149838391,46.09435259974339
Decatur,Iowa,40.736379,-93.78458,6.584950795798375,6.604965371229707,6.624135918399591,6.641904934430072,6.6580680756367965,6.67262756314677,6.685385716656656,6.6963114403883965,6.705555770978254,6.712961008408956,6.718398327314284,6.721974341790418,6.723480265898999,6.7229760700691354,6.720310717664564,6.715593043908472,6.708905230499999,6.700202854899072,6.68976133685416,6.677640646794369,6.663845226973708,6.648326212598086,6.632347424932678,6.615877768199427,6.598877262112264,6.581625768673673,6.563812330103117
Decatur,Kansas,39.783542,-100.459708,3.103513286597578,3.116353549957015,3.1291439790051006,3.1416523911548424,3.1539773224309653,3.1659069770102146,3.177469669842224,3.188731091610143,3.1997637285850278,3.2105120834656016,3.22094557610626,3.230950946708471,3.2404987477246188,3.2496263548882163,3.258176337079307,3.2662449651266416,3.2738492279999996,3.281024236236927,3.28780396777698,3.2942597762932353,3.300337297082399,3.3060557843102196,3.311463939690066,3.316514194106555,3.3212461884891717,3.3257482654807715,3.3299332150364847
Decatur,Tennessee,35.603422,-88.107384,4.957591066908546,5.001686577473349,5.046058780219066,5.0904838060175015,5.135022024071764,5.179649957469537,5.22432736007541,5.269242885649102,5.314495472606812,5.359995405605037,5.405695730819135,5.451688678976077,5.497865250125806,5.544300905772208,5.590969653619501,5.637986362845819,5.685328395,5.733113134643641,5.7814655124887295,5.830476920801084,5.880187605716107,5.930540551875312,5.981335367062822,6.0325125205366845,6.08404685846227,6.135987850047683,6.1883749029671735
Deer Lodge,Montana,46.099059,-113.139108,5.343372579111351,5.385311986611547,5.427124409943697,5.468827165130721,5.510264407966381,5.550887797725033,5.590755054483064,5.629225485392614,5.666570374812689,5.702270242055837,5.736492475343568,5.769058142439094,5.799701730991054,5.828602173236233,5.85559785296076,5.880452117851463,5.903234232,5.923892247337626,5.942489655948367,5.959413182343986,5.974524298341165,5.987805687916991,5.999482459369357,6.009346820423284,6.017958655819691,6.025092857260683,6.031159237288579
Defiance,Ohio,41.321679,-84.486433,33.438529705645,33.50794796134391,33.57459275657878,33.6364409249269,33.693980011543516,33.74718082210795,33.795874029560316,33.84022604152842,33.88028356892538,33.915389739535996,33.94506576650123,33.96889417103546,33.98667059289392,33.99809433057371,34.003217933852014,34.00178449270692,33.99403632,33.98047847747895,33.962258301946235,33.939559717622096,33.912829397612875,33.88216368317679,33.85075643299558,33.818566775020294,33.785930443938696,33.7530897526124,33.720981838735
Del Norte,California,41.749903,-123.980998,33.6882736846232,34.076796448990265,34.464967466142504,34.850460665788255,35.23363914182673,35.61507022847538,35.99464613223289,36.37546828015479,36.76123663689602,37.15109452778821,37.54401886012584,37.93880404869678,38.33444969416422,38.72996201609057,39.124533508772934,39.51785497506279,39.90888252,40.30062774272232,40.695261642168596,41.092525135712876,41.491767680119096,41.8930715388488,42.29551857602673,42.698643577594524,43.10278599852567,43.50842996401904,43.9162647851489
Delaware,Indiana,40.227165,-85.398856,174.88867240830695,175.7443043532013,176.5887442149436,177.41153105149218,178.2129460709665,178.99338296473357,179.75213871249517,180.4905631132241,181.21377415469368,181.92101257498132,182.61036615887522,183.28107564445307,183.93586875047288,184.5707804424512,185.18640125743883,185.78166260458192,186.356845692,186.9148469633228,187.4589565535473,187.99027117433914,188.50727230185362,189.00903194929668,189.5105666302442,190.00987976704852,190.50924914547667,191.00757805386309,191.50576635818985
Delaware,Iowa,42.473003,-91.359443,12.437439010684045,12.475241884079965,12.511450584588252,12.545012119064708,12.575540529862854,12.603040012174503,12.627137193928599,12.64777334243981,12.66523373075119,12.679220500244252,12.689490329794046,12.696244588607431,12.699088928654312,12.69813662011354,12.693102389942077,12.684191802538573,12.671560079999999,12.655123318490153,12.635401721793427,12.612508560088672,12.586452223759514,12.557140418586137,12.526960208708184,12.495852861440317,12.463742863329967,12.431158808545138,12.39751337023249
Delaware,New York,42.193987,-74.966728,51.236474226893954,51.37302109749704,51.49762241773459,51.60844020542664,51.70654417153715,51.79291066073648,51.868102538394645,51.93514220481632,51.996953358795736,52.05230890047399,52.10132086940341,52.14293822787878,52.17660344574682,52.20175632524584,52.21837285790034,52.22579681204668,52.22355602099999,52.21421672403042,52.200377171708766,52.18126375760223,52.156452331976986,52.12554542118309,52.09329403576118,52.06038375106721,52.02690259817801,51.992229024338975,51.958152994779056
Delaware,Ohio,40.278941,-83.007462,175.37113178911943,175.73520156658597,176.084725701501,176.4090935304029,176.71086202414037,176.98987807068647,177.24525362028552,177.47786141149052,177.6879464235445,177.8720636358431,178.02770201114583,178.15267204746854,178.2459019606233,178.30581469673345,178.33268585744733,178.32516805692848,178.284532125,178.21342689972641,178.1178696837634,177.99882508288007,177.8586357110875,177.69780683807423,177.53308891957874,177.3642675987634,177.19310366393717,177.02086794492283,176.85247533778272
Delaware,Oklahoma,36.393369,-94.808206,17.805061625145125,17.87689657575594,17.949264577237003,18.021155371272314,18.092584187886743,18.1631550464338,18.23295932706268,18.303002211414437,18.373872593783833,18.44501711660078,18.516511929989626,18.589230222042573,18.662446028241096,18.73647917910735,18.811299214591596,18.887241195240865,18.964883861999994,19.044856722563395,19.128043118373203,19.21453950625356,19.30452356982788,19.397944542346615,19.4917310354621,19.585517528577583,19.679212641543884,19.77319204830765,19.86630334365415
Delaware,Pennsylvania,39.91667,-75.398786,1769.9113358431694,1774.9208948146627,1779.811617271906,1784.4950899909568,1788.9920236623989,1793.3271282825851,1797.4718373817439,1801.4558600884372,1805.2903373258766,1808.9375613539628,1812.36210975018,1815.5331307271742,1818.4154875271267,1820.9663304453802,1823.1738043969788,1825.0080574210124,1826.4478074975,1827.5311908635872,1828.285060000859,1828.7028446212682,1828.7866872100478,1828.5318742996856,1828.0443874930334,1827.3166566756024,1826.344111212229,1825.1308932410302,1823.7097113698937
Delta,Colorado,38.861756,-107.864757,41.51335929357037,41.904037351145604,42.29487874325506,42.683242894928824,43.07066333596041,43.456604692043236,43.842201230776034,44.22945833727341,44.62077158470394,45.01603208337815,45.415757059321066,45.81981040042084,46.22825562566301,46.64021254339093,47.05663393838756,47.476884620797605,47.901182369999994,48.33047997077772,48.766819104808526,49.209782361616085,49.65897047900562,50.114691977764,50.58160189211652,51.058829104547335,51.54729010327625,52.04835508356255,52.56066292428775
Delta,Michigan,45.805101,-86.901373,57.493019265942934,57.76780542639159,58.03661526799044,58.296104089565006,58.54660579529346,58.788210935461386,59.02001400721276,59.23952487769351,59.44720761711734,59.64143797973623,59.82095958033746,59.98459526520816,60.13147348784943,60.26037747879846,60.37075827694879,60.46173867640862,60.53282631,60.585769930113614,60.621967406783504,60.64169039086646,60.64525580836209,60.63320696098402,60.61750780521754,60.59856015795508,60.57604709319698,60.550268558764316,60.52252055561978
Delta,Texas,33.385933,-95.67335,4.207363076072966,4.277279893381765,4.34754753147672,4.417897052795854,4.488302164560759,4.558757608215755,4.629198215231508,4.700180829093538,4.772098526839016,4.844900413161167,4.918532775669818,4.992961245947485,5.068167606854844,5.14419524147626,5.221096547562989,5.298936693644363,5.377792679999999,5.458008566415894,5.5399182711778,5.623605367759936,5.709148171080837,5.796643776615047,5.885633187573824,5.976100816095684,6.068135869821649,6.1618679345881455,6.257257571227566
Denali,Alaska,63.682732,-150.026719,0.6890872660095012,0.6951448501966759,0.7014926432426702,0.7081895281043463,0.7150935547964117,0.7223309010835708,0.7298426840089615,0.7374890565500366,0.7454098657293434,0.7535798759939412,0.76185398291442,0.770256370562348,0.778836458562234,0.7875017165532958,0.7963194393433751,0.8052570310099235,0.814289256,0.823514953562623,0.8330035214683795,0.8426939737976629,0.8527429812749808,0.8631410805679803,0.873335192474708,0.8833558099549677,0.8931966241205236,0.9028418627507878,0.9123430484330151
Dent,Missouri,37.60325,-91.495916,20.588731463899883,20.70338144204775,20.81833307396259,20.932236099925568,21.045112066634324,21.156777827158905,21.266870678755694,21.375789235331048,21.48378846614039,21.590135783463914,21.69435356883725,21.79648132453941,21.8958941963388,21.992574228654057,22.086226949950746,22.176809266833597,22.264497143999996,22.349832840007256,22.434123521178925,22.5168412934228,22.59849968636599,22.67921361572925,22.760380025742972,22.841801405012113,22.924063105489246,23.007226176151043,23.09149890174134
Denton,Texas,33.205005,-97.119046,623.4051573203174,633.7647349716024,644.1762937529755,654.5999851749903,665.0319134356057,675.4712993744137,685.9084869677843,696.4259837375114,707.0820319241064,717.8690903679042,728.7792005018787,739.8072699562188,750.9505994966539,762.2156171965513,773.610086832835,785.143664429135,796.82775912,808.7133502578497,820.8499145286037,833.2498350173203,845.9247156486496,858.8889430629857,872.0745076875579,885.4790998682989,899.1159375049907,913.0042213362628,927.1381076590542
Denver,Colorado,39.761849,-104.880625,1007.0758710249343,1016.5533609659576,1026.0348132523832,1035.456169966878,1044.8546331301611,1054.2172150545262,1063.571432027487,1072.965932845368,1082.4588319073991,1092.047487649979,1101.7444475002142,1111.546409503603,1121.4549145722456,1131.4486100670317,1141.550609669473,1151.7455042585614,1162.0385769615002,1172.4529414598003,1183.0381270709875,1193.7840078012562,1204.6808979174023,1215.7362818496285,1227.0630864418931,1238.6401791853848,1250.4897932404158,1262.6451682823022,1275.073284766027
Des Moines,Iowa,40.915339,-91.186925,31.095200289469226,31.189712344463327,31.280238761803695,31.364146922934847,31.440471884003774,31.509224133530605,31.569470193222777,31.621063223798295,31.664716444626773,31.699685170778185,31.725361068084315,31.74224758551196,31.749358802167826,31.746977908095726,31.73439168392605,31.712114067145738,31.680533132999997,31.639439111086016,31.590132577901326,31.532896723489735,31.467752524891537,31.394469234663617,31.319014820766434,31.24124244391799,31.160963310755772,31.079498974817554,30.99538104328358
Deschutes,Oregon,43.915118,-121.225575,276.68408200749496,279.4417572562335,282.3019283811297,285.2477329067279,288.2766842007026,291.39072494455814,294.5879124567903,297.86148620576483,301.22869720323826,304.6816193086737,308.21395823399786,311.8333292907069,315.5277655607355,319.29648997148183,323.1486719796456,327.06853701141307,331.06346725649996,335.1434092442076,339.32429296286944,343.60969294645344,348.00621431207367,352.51261374356716,357.06307319157423,361.6466359324117,366.2678866944292,370.9322649858383,375.63052364267946
Desha,Arkansas,33.828748,-91.244427,7.133102029328372,7.185384170696066,7.237363579680313,7.288698712053624,7.339526702998247,7.389671605487902,7.439037683640642,7.488010468440526,7.5367452072636745,7.585420434592643,7.633738592956514,7.681932553419482,7.729684058860481,7.7771845810434055,7.824439294880794,7.871401626159807,7.918182835499999,7.964976982121539,8.01180476567457,8.058754159672239,8.105946774559175,8.153087640320736,8.200088783443778,8.246696633213961,8.29290083980621,8.338750564889631,8.383896501867932
Deuel,Nebraska,41.112988,-102.332604,1.7625910906585485,1.768061390724325,1.773508378412575,1.7787293373969768,1.7837303491673204,1.788498237162394,1.7930228655658826,1.7973376825716292,1.8014852586081602,1.8054747159101605,1.8092472667429977,1.8127988567801447,1.8161436761644438,1.8192442223755267,1.822102522576655,1.8247206039310933,1.8271613084999998,1.8294226091201131,1.8315643071076964,1.8335864024627497,1.8355466693382758,1.8374076052139034,1.8392209027528468,1.8408537827613636,1.8423508428312456,1.8437364089216512,1.844968924185683
Deuel,South Dakota,44.75629,-96.690239,4.888564434986214,4.90853429476333,4.928567752819989,4.947984307565063,4.966688561579234,4.984546958475457,5.001362343587142,5.017217394677698,5.032023074155765,5.045448670967704,5.057805816683288,5.06849032764684,5.077782036288357,5.085388390521935,5.091716419336657,5.096721603936846,5.10019407,5.102292813224984,5.103100511375204,5.102807959289296,5.1015805124940785,5.099596246172276,5.097681937957974,5.095843947679124,5.093974158260503,5.092377841443925,5.090800604111209
Dewey,Oklahoma,35.978433,-99.014094,2.670094913936722,2.6808674762735993,2.6917199763521995,2.7025009131191626,2.713212570509965,2.723795566202187,2.7342636038086936,2.7447674230710186,2.7553953361609698,2.766064360089521,2.776785914534061,2.78769094512865,2.7986705842821804,2.8097727946396844,2.8209930083302073,2.832381471934261,2.844024975,2.856017920193839,2.868492775773491,2.881464006663648,2.894958258778217,2.9089679189989393,2.9230323936711287,2.9370968683433176,2.95114763940264,2.965241043924214,2.979204264123555
Dewey,South Dakota,45.150005,-100.852218,6.730254131411117,6.75774732149914,6.785328069517381,6.812059505612521,6.837810292889234,6.862396559694066,6.885546876443344,6.907375068446352,6.927758554600785,6.946242033669518,6.9632545395106105,6.977964271787005,6.990756485391657,7.001228413845566,7.009940427902121,7.01683123701017,7.021611899999999,7.024501311697148,7.025613297410899,7.025210530931903,7.023520662878721,7.020788855455963,7.0181533617564416,7.015622937573181,7.013048734424812,7.010851030376375,7.008679593707002
Dickens,Texas,33.614666,-100.786095,1.9299361802391377,1.962007335709125,1.9942394142360824,2.026509052962632,2.0588041912742265,2.091122417047955,2.1234338371891894,2.155993878284607,2.1889828465217023,2.2223773959966,2.256152888596722,2.290293559375911,2.3247910520512294,2.3596652666366813,2.3949402382141156,2.430645859878163,2.466817452,2.503612836335712,2.5411851826900596,2.579572826587857,2.6188116914310076,2.658946315346092,2.699766154462001,2.7412640585572516,2.78348094757406,2.8264762631126996,2.8702319142513484
Dickenson,Virginia,37.137081,-82.349208,20.88919632162433,21.146243974682758,21.40364441134468,21.660258084573424,21.916420978753273,22.172228289459753,22.427643618384586,22.6831149447068,22.938925055283157,23.194987154147718,23.450724468107484,23.706117398073367,23.96060876994145,24.21420698332134,24.46652565617112,24.717657184196458,24.967545570000002,25.217212766083883,25.46729994264811,25.71759990932238,25.968179862983543,26.2188326132613,26.471800855920677,26.72693619785862,26.984563423979925,27.245071716196374,27.50877465993329
Dickey,North Dakota,46.107756,-98.496518,5.363028434168071,5.366414808207504,5.3698856304773495,5.372537304912218,5.374724514079833,5.37607568576639,5.376168578819841,5.3754000999231115,5.373871586952693,5.371633708846834,5.368027769408332,5.3635857924887755,5.357927761051317,5.350918557927301,5.342423065948072,5.332652405689654,5.321184335999999,5.308086415463435,5.293721771470722,5.277828614507592,5.2608714098412985,5.2423519129124205,5.222168785844472,5.19982378407803,5.175654700534736,5.149973993667106,5.122342532677008
Dickinson,Iowa,43.389611,-95.196057,13.791773542130958,13.833692836663415,13.873844366028598,13.911060474813379,13.94491317776674,13.975407126902267,14.002128293009743,14.025011547898787,14.044373228494067,14.059883041830126,14.07127117111827,14.078760913011207,14.081914978230715,14.080858971143948,14.075276554826232,14.06539567794387,14.051388464999999,14.033161875722653,14.011292759797996,13.985906721593176,13.95701306513539,13.924509446125482,13.891042860300766,13.856548179470868,13.820941667391029,13.784809477774603,13.74750032871786
Dickinson,Kansas,38.867735,-97.157943,21.52000261301037,21.609037998243014,21.69772782848313,21.78446213160647,21.869924164075517,21.95264531717206,22.032821928960004,22.110909503747706,22.18741066697882,22.261940596048042,22.334287245846323,22.403665264117926,22.46987045927636,22.533161997566015,22.59244823935143,22.648396734049975,22.701125284499998,22.750877349900787,22.79788853592907,22.84265361450595,22.88479561654867,22.924448051940708,22.961948622152043,22.99696747923525,23.029779496479854,23.060997248645304,23.0900160144947
Dickinson,Michigan,46.012823,-87.866119,39.418467161133144,39.60686654214105,39.791168428682084,39.969079620727925,40.140829050261075,40.30647880053105,40.465408039042885,40.61590947643535,40.75830128936214,40.89146985953538,41.01455378186827,41.12674597411737,41.22744888500624,41.315828270869766,41.39150775200784,41.45388589694096,41.50262512799999,41.53892442794088,41.5637422069277,41.57726471470898,41.57970924265797,41.57144829027163,41.560684606889915,41.547693686932455,41.532258239026014,41.51458391393456,41.4955592781665
Dickson,Tennessee,36.145533,-87.364155,21.211560055542638,21.40022720414399,21.59007820851987,21.780155221725433,21.970716539566027,22.161661713672913,22.35281854684252,22.544994213466573,22.73861203167051,22.93328814518804,23.128821657281676,23.325607186542925,23.52317836554545,23.721858064045954,23.92153507135045,24.12270086697747,24.325258589999997,24.52971048226178,24.736591072582225,24.946291392111103,25.15898363805198,25.374423864366467,25.591754672478462,25.810721354024363,26.031216285751924,26.253451126723885,26.47759448670206
Dillon,South Carolina,34.390172,-79.374964,16.86847390128978,17.039284355647194,17.209250745825607,17.377898788143483,17.544697927974024,17.70984511362566,17.872874100123322,18.033993893835145,18.193465752721295,18.35076314150821,18.505825769897392,18.658388360575422,18.808326313592087,18.95608175780304,19.101264815944653,19.24375490741993,19.383640458000002,19.521311344948494,19.657269987419586,19.791488249940638,19.923966132511655,20.054763925431132,20.18462520904724,20.31335303505154,20.441136313046012,20.568007197856517,20.693917457244247
Dimmit,Texas,28.423587,-99.765871,8.879750492132944,9.027311774979408,9.175613474327182,9.324087990374405,9.472679831520336,9.621377899444827,9.77004465425176,9.919855328771103,10.071639522433923,10.225289819355934,10.380692858124196,10.537776103289167,10.6965011070989,10.856959430694632,11.019261660909255,11.183545337638892,11.349972971999998,11.519270711225122,11.692143298643673,11.868767118272284,12.049307455807451,12.233969233803334,12.421783727458438,12.612718038180892,12.806960441044637,13.00478443036761,13.2061067687487
Dinwiddie,Virginia,37.073498,-77.635492,25.616247941821854,25.93146334370842,26.2471113611977,26.561794577223786,26.87592500664642,27.18961938700918,27.50283308336894,27.816115448871976,28.129813262691908,28.443820087656626,28.757428631590283,29.070614860292718,29.382695515788242,29.69368089844834,30.003097191184334,30.311057698082656,30.617493749999998,30.923658558801367,31.23033838617738,31.537279156297892,31.84456327213483,32.15193665785804,32.46214951265616,32.775019863299484,33.090945990819066,33.410405145760755,33.73378187532696
Divide,North Dakota,48.818142,-103.497653,2.2393496387350713,2.2407636300228146,2.2422128829386803,2.243320098061751,2.244233374230143,2.2447975602801153,2.2448363480710505,2.2445154672551295,2.243877231786098,2.2429427986408315,2.2414371271199682,2.2395823654806857,2.2372198363964273,2.2342931212621973,2.2307458014729984,2.2266660310991377,2.221877502,2.216408423478083,2.210410420534317,2.2037741821215215,2.196693647194371,2.188960772146942,2.180533243025484,2.1712030162240707,2.1611111382551957,2.150388077142914,2.138850472420985
Dixie,Florida,29.580899,-83.195666,31.03759349293753,31.628724110698542,32.23349260546632,32.84991922714823,33.47869399813057,34.120319081301794,34.775125037124475,35.44535895420739,36.1330168397151,36.838427447768844,37.561321633511135,38.30189990082909,39.060462102382715,39.83686914988997,40.6317081042816,41.446030256208985,42.28017339149999,43.13620938365484,44.01608004959833,44.920327291728086,45.850179422145395,46.806743728082715,47.77794662412106,48.763694180511514,49.764793831826566,50.78211442824371,51.816289995568134
Dixon,Nebraska,42.48528,-96.855862,5.387887675814253,5.404609286665236,5.421259636250783,5.4372190613931615,5.4525061519877065,5.467080629927865,5.4809115120547505,5.4941010427926855,5.506779351408997,5.518974322746679,5.5305062544841945,5.541362753357985,5.551587195790494,5.5610649440938404,5.569802194899803,5.577805144840157,5.5852658895000005,5.592178232247555,5.598724973720247,5.604906113918082,5.610898256846712,5.616586764818251,5.622129651943027,5.627121038839625,5.631697251407145,5.6359326492269135,5.639700201347498
Doddridge,West Virginia,39.263482,-80.701147,1.4382531798048983,1.4415430186295923,1.4443398967824097,1.4465534645582157,1.4481520203060858,1.4491918344564108,1.4496697368440983,1.4496364501106274,1.449102277292549,1.4480917871693295,1.4465930916218714,1.4446109458978145,1.4420819466953092,1.4391138796274998,1.4356544369703588,1.4317614742368254,1.4274555974999998,1.4226567600912976,1.4175099970636986,1.4120224412886606,1.406202018178915,1.399972643772243,1.393394551205401,1.3863639175716114,1.3789853583189244,1.371224001631324,1.3631384955630201
Dodge,Georgia,32.160656,-83.156818,18.686477524465587,18.971330291168112,19.25602790004368,19.539380099269028,19.82157605386606,20.10219917569664,20.381107059631915,20.65796601007144,20.933062962722598,21.206038716588726,21.47663184135865,21.74457878127151,22.010062325000156,22.272935816516355,22.533301277404966,22.79161567934816,23.047851391499997,23.302633296067714,23.556709551340216,23.80987186324842,24.06176740714473,24.31221551980597,24.56175394000228,24.80982367446667,25.056167543787346,25.300757917118393,25.543309984202107
Dodge,Minnesota,44.020706,-92.869353,40.12549981763678,40.50224813420827,40.88363780845562,41.266577210898255,41.65158291760134,42.03861579401441,42.42683053384916,42.8161880025552,43.20596812440543,43.59455072901382,43.98152099014628,44.36457779624009,44.743157609769675,45.1153741454064,45.48069517326501,45.837445734588975,46.184788350000005,46.524695400837565,46.85752692496526,47.18283678850864,47.501047644611916,47.81292653046263,48.123169592107196,48.43195684847736,48.73992227928943,49.048529516727825,49.357512445849935
Dodge,Nebraska,41.577008,-96.645853,37.28876487588724,37.404492643963664,37.519727223478704,37.63018001824648,37.735979686152554,37.836847468444844,37.93256893531406,38.02385170513087,38.11159638309432,38.19599595603277,38.275806731052306,38.350942936229224,38.42170477329651,38.4872988519598,38.54776805818096,38.6031552779218,38.654789976,38.702629266453684,38.74793828515768,38.790717032112,38.83218775722962,38.871557070216156,38.909918563099005,38.9444632053764,38.97613448820926,39.00544704313985,39.0315217079501
Dodge,Wisconsin,43.422706,-88.704379,203.22992239923997,204.54035072180403,205.84886412873584,207.14124805399607,208.41794440119216,209.67700142939128,210.91418422902206,212.12488963750707,213.31062749217165,214.46068163053545,215.57019111291658,216.6344054755351,217.64956853772767,218.6107825345119,219.51285509850032,220.35431321766822,221.1342362595,221.85461279022917,222.52118755675252,223.13484436628482,223.6966511525441,224.2062028372236,224.70014059444011,225.17308793030327,225.629500706188,226.0715147895303,226.50373334290776
Dolores,Colorado,37.747602,-108.530383,2.357680804696012,2.3798687021062728,2.4020658758242726,2.4241223588749006,2.4461252454808164,2.468044129966654,2.489943431136153,2.51193704143433,2.534161013374686,2.5566091627520624,2.579310864540964,2.602258388484944,2.6254553420370104,2.64885173620546,2.6725016827854366,2.696369107246843,2.720466378,2.744847606840048,2.7696287476137234,2.794786094201248,2.8202969711837054,2.8461789004757145,2.872696256847828,2.899799566658773,2.9275408803019736,2.9559980156923484,2.985093670265408
Doniphan,Kansas,39.788502,-95.147225,8.35913863252525,8.393723160312897,8.428173462183404,8.46186416738644,8.495060677167263,8.527192531378017,8.558335994744347,8.588668001429767,8.618383789131936,8.647333878988581,8.675435905096004,8.7023848085516,8.728101274040693,8.752685971001151,8.775714867558348,8.797447263779501,8.8179289185,8.837254399979646,8.855515225889222,8.872903583337365,8.88927304405083,8.90467546804305,8.919242030642154,8.932844607109043,8.94558996805963,8.957716059437942,8.968987985888974
Donley,Texas,34.955036,-100.815846,2.860836553143541,2.9083771582731477,2.9561563073340684,3.0039911336723217,3.051863759263074,3.0997706085013603,3.147667369425634,3.195932673061781,3.2448337958810236,3.294336131135294,3.34440315657387,3.395011503064292,3.4461487836893556,3.4978444971900315,3.5501342719158053,3.603062419828221,3.656681297999999,3.7112248531560708,3.7669201362117875,3.823823973746077,3.8819896167329015,3.941483086163956,4.001992282805764,4.063506607543604,4.126086717961725,4.1898207271825045,4.254681818168701
Dooly,Georgia,32.151995,-83.807167,17.81349210872404,18.085037267792146,18.35643451761826,18.626549211962438,18.895561678530658,19.163074791138943,19.428952797469304,19.69287759134375,19.955122703552263,20.21534571406887,20.47329740595158,20.728726536104393,20.981807353771316,21.232400054326344,21.480601893161477,21.726848493386694,21.971113515,22.21399264727736,22.456199096426754,22.69753429935619,22.937661914501675,23.176409718773225,23.4142903291328,23.650770867078453,23.88560616797617,24.118769891823963,24.349990533985835
Door,Wisconsin,45.067808,-87.087936,60.68691616133084,61.07822592914472,61.46896387995912,61.85488537220102,62.236122363639524,62.6120920407944,62.98152980837835,63.34306110629649,63.69713679025992,64.04055688436776,64.37186985315978,64.68965715061807,64.99279713570519,65.27982727648016,65.54919706915597,65.80046665450223,66.03336112049999,66.24847427711023,66.44752157533135,66.6307669307016,66.798529241163,66.95068754542716,67.09818334184946,67.23941114423906,67.3757015267678,67.5076922853197,67.6367579799897
Dorchester,Maryland,38.429196,-76.047433,176.95959718965682,178.91067756189264,180.86147042801554,182.8062895560154,184.7496392083271,186.69289302526795,188.63499681775724,190.57729228098844,192.52262253096677,194.46565273204197,196.40280503036504,198.3278501268236,200.2335045332247,202.1164779018322,203.96872006148536,205.786940664448,207.56746602149997,209.31492817557105,211.03581198676272,212.72963827822028,214.39570425722326,216.03630997267473,217.6795351882658,219.32585908085113,220.978955339651,222.64479770278842,224.32667651799974
Dorchester,South Carolina,33.082186,-80.404697,107.32956123748181,108.41638220470368,109.49783261863668,110.57089473981375,111.63219279188189,112.68297990394186,113.7202894846531,114.74545138530618,115.76012792001443,116.76096888648799,117.74759067377772,118.71830539370711,119.67232025031451,120.6124483905607,121.53620913030753,122.44283524765655,123.332889372,124.20885218747597,125.07392045199458,125.92791514711281,126.77083627283065,127.6030674400974,128.42933985061984,129.24840037529717,130.06145099510368,130.86869630254557,131.66982940886348
Dougherty,Georgia,31.535068,-84.214444,72.70639433468958,73.81471544850496,74.92243286554887,76.0249154873007,77.12289932763248,78.21476350206198,79.29995393273046,80.37717225808842,81.44753490367208,82.50964427010645,83.56248316968073,84.60502614486538,85.63798440007606,86.66078731781646,87.67383184938836,88.67889600583096,89.67587227949998,90.66719199711882,91.65576613490039,92.64078425060363,93.6208735543099,94.59533111142228,95.5662491860939,96.53145281598383,97.48994135301879,98.4416072895546,99.38534246987382
Douglas,Colorado,39.326435,-104.926199,449.5805925839069,453.8115504158693,458.0442771250784,462.2501758627138,466.4458544207024,470.6255148125132,474.8014409079146,478.9953505886564,483.233187387689,487.51377205351446,491.84270603074714,496.21851525501484,500.6418876230247,505.10329085183645,509.61304339205543,514.1642662766114,518.7593180085,523.4085170383264,528.1339743316729,532.9311694244651,537.7957783945448,542.7311424544885,547.7876746058245,552.9559408365711,558.245866513501,563.6722905512939,569.220472306228
Douglas,Georgia,33.699317,-84.765944,138.57328737825182,140.68566967443783,142.79690136692574,144.89815590679854,146.99083608486612,149.0718526090076,151.1401494456918,153.19325200888315,155.23328812733828,157.2575940746877,159.26423116250845,161.25124494068328,163.21999091493868,165.16938152835453,167.10017334226657,169.0157551209912,170.9159219625,172.80530780497435,174.6894607648764,176.56683619614577,178.43481765749627,180.29206540489582,182.14256714705166,183.98217755831158,185.8089894736418,187.6227979910138,189.42149104336542
Douglas,Illinois,39.766078,-88.222866,35.480332464515115,35.617542900855696,35.751031530053815,35.87850973520798,36.00042346005268,36.11701110218181,36.22772294479062,36.334827972037544,36.439877170621756,36.541622459022214,36.63989275190683,36.73347362388549,36.82239873108909,36.90580984217958,36.98417253363447,37.057175486242876,37.124731755,37.18807539803896,37.24891726868072,37.30703579739684,37.3627142566224,37.415820826511386,37.4683888983059,37.52072698653925,37.572434022318134,37.62367267694196,37.67493096430879
Douglas,Kansas,38.896573,-95.290529,134.37675900428044,134.9327202055596,135.486523667326,136.02811628503147,136.5617644981672,137.07829791380394,137.57894252030113,138.066542610653,138.54423671505978,139.009621896337,139.4613740870562,139.8945893337793,140.3079926086125,140.7032022161902,141.07340166123353,141.42275930416488,141.752010738,142.0626761883046,142.35622684111019,142.63575218708277,142.8988983285721,143.14649893766256,143.38066271433254,143.5993299981381,143.8042171727826,143.99914932194764,144.18035040148604
Douglas,Minnesota,45.936429,-95.46061,74.94270575839705,75.64636149756814,76.3586859362994,77.07390481434416,77.79298294480694,78.5158472357859,79.24091890220089,79.96812485215011,80.69612019463938,81.42187892493182,82.14462626886778,82.86006442261815,83.5671408627961,84.26233255973223,84.94464546356127,85.61095124088378,86.259685725,86.89453274776353,87.51616475467142,88.12374849804252,88.7180733704169,89.30057197307092,89.8800153342273,90.45673967663467,91.03192908910303,91.60831720876185,92.18540701067847
Douglas,Missouri,36.946517,-92.515892,14.352650468966784,14.432574337298169,14.512708492071322,14.592111651118334,14.67079883489933,14.748642369503239,14.825389410517943,14.901317836455759,14.976605389428203,15.050741373790968,15.123392836011261,15.19458731359932,15.263889213211476,15.33128601779763,15.396572447736057,15.459718462106505,15.520846728,15.58033526032972,15.639095300343328,15.696758846767716,15.753683887235905,15.809950530868564,15.866532604163869,15.923292419570672,15.980638032922393,16.038612002189392,16.09735952515289
Douglas,Nebraska,41.297091,-96.154066,540.8738425690639,542.5524748010452,544.2239533288695,545.8260720294319,547.3606970864257,548.8237851018492,550.2122257695469,551.5362830998312,552.8090203785541,554.0332368812553,555.1908928322343,556.2807441090296,557.3071451402576,558.2585877931446,559.1356941289213,559.939086208819,560.688047931,561.3819572342334,562.0391649248348,562.6596710028047,563.2612042132275,563.8322564233289,564.3886901945008,564.8897605161094,565.3491527352378,565.7743315866587,566.1525448151357
Douglas,Nevada,38.905129,-119.609019,19.578508741408456,20.129226641872616,20.69028264467801,21.260110630016325,21.83914705750626,22.427931083147406,23.025649693924528,23.63310734482112,24.251330999645912,24.880945394715898,25.52148839631713,26.172087085212198,26.831740171687578,27.50007110234675,28.175368270841812,28.85715242739537,29.5447474875,30.237597179092642,30.93706222921986,31.64174767870813,32.35046396114568,33.06222690288246,33.77618070074454,34.49197447543059,35.20876098179842,35.92702802765718,36.64636482748335
Douglas,Oregon,43.285904,-123.15438,156.71672436587193,158.2787001351734,159.898730628317,161.5672647648829,163.28289409061566,165.04671896040227,166.85763901935576,168.71182503246905,170.61904815113937,172.57481892742743,174.57557221149918,176.6256213945119,178.71818829036127,180.85283275709236,183.0347484697722,185.2550005467178,187.51777033649998,189.8286916561406,192.19678741571366,194.62408226821137,197.11431742024976,199.66678864470126,202.24421591799154,204.84039323855762,207.45791744393293,210.09986952780136,212.76101180090035
Douglas,South Dakota,43.391506,-98.358433,3.161654266383827,3.174569671960061,3.1875262094011876,3.2000837677528584,3.2121806492177325,3.223730476879538,3.234605741957106,3.2448599158747977,3.254435414021764,3.263118350700564,3.27111027204917,3.2780204253511047,3.284029790811894,3.2889491618530333,3.2930417824098335,3.2962788601768707,3.2985246599999996,3.299882011541451,3.300404386225585,3.3002151796470804,3.2994213346546553,3.2981380204700104,3.296899951336747,3.295711240441355,3.294501963613516,3.293469553804715,3.292449483555382
Douglas,Washington,47.735866,-119.69588,54.83420119837684,55.366428616278384,55.92242797840382,56.50027182981607,57.10116482985082,57.72661503352825,58.37656890043348,59.05199015803502,59.75444932517048,60.48394640183987,61.2401512221512,62.023090556311914,62.83187206407337,63.6664778986306,64.52577478786782,65.41021782531186,66.31994086199998,67.25904866307599,68.23088750447226,69.23583216909324,70.27681845635699,71.35509564261159,72.44715948570774,73.55313491328027,74.67416412084742,75.81049696367883,76.96257068849633
Douglas,Wisconsin,46.463316,-91.89258,98.78647682865991,99.42345289790374,100.05949816047055,100.68770316679661,101.30828271842266,101.9202881085434,102.52166082239238,103.11016334391911,103.68652957838817,104.2455505884341,104.78486355710761,105.30215936784462,105.795612207548,106.26284135914,106.70132290451578,107.1103408385391,107.48944765799999,107.83960996983215,108.1636201940666,108.461907933785,108.73499229271103,108.98267636943231,109.22277079171045,109.45266214079851,109.67451633223331,109.88937157346231,110.09946538053592
Drew,Arkansas,33.587242,-91.722778,9.856712484187007,9.928957355128178,10.000783902309069,10.071720170718097,10.141955657443239,10.211247234145203,10.279462610404064,10.347134523316242,10.414477497887008,10.48173823787242,10.548505570345712,10.615101282814793,10.681085599018854,10.74672309979773,10.812020935984927,10.876914750078873,10.941558285,11.0062196970049,11.070927589427608,11.13580352643778,11.20101555262287,11.266156070472872,11.331103515818132,11.395507497816709,11.459353714801585,11.5227100996911,11.585093971223392
DuPage,Illinois,41.852058,-88.086038,1495.3395628259996,1501.12237768823,1506.748334790717,1512.1209790227217,1517.2591049462621,1522.1727599687076,1526.8387759507139,1531.3527805694714,1535.7801410752738,1540.0682563354255,1544.20991585758,1548.1539369665536,1551.9017381198569,1555.4171486509622,1558.7197905554372,1561.7965431013063,1564.64374194,1567.3133971802495,1569.877613745524,1572.327053457211,1574.67365499936,1576.9118627467194,1579.1273751739056,1581.3331948081006,1583.5124183639673,1585.6719017194737,1587.8322125085285
Dubois,Indiana,38.373344,-86.873385,66.45138184467258,66.77649109449256,67.09734775676107,67.40997705115362,67.71448582660369,68.0110236716181,68.29932346386323,68.57989807821964,68.8546921652762,69.12341723291259,69.38534670838132,69.64019209956203,69.88898984110928,70.13023336306136,70.36414704817848,70.59032487051351,70.808873679,71.02089401765245,71.22763601899226,71.42951639385991,71.62595815801478,71.81660870997645,72.00717378279136,72.19689474903197,72.38663708505929,72.57598408003281,72.76527765053963
Dubuque,Iowa,42.463481,-90.878771,79.93939537330894,80.18236652195519,80.41509141197469,80.63080211990612,80.8270179726082,81.00376593391952,81.15864622221427,81.2912813437536,81.40350483955491,81.49340227708534,81.55940975371236,81.60282153368355,81.62110301618074,81.61498222484317,81.58262561865348,81.52535442569769,81.44416630799998,81.33852198879059,81.21176498404238,81.06462331739466,80.89715091652442,80.70875457698482,80.5147767228775,80.3148398604636,80.10845864065017,79.89903050708728,79.68278052238603
Duchesne,Utah,40.289649,-110.42983,12.966032236946987,13.152798871683347,13.342448463064827,13.533653763126503,13.726104718040517,13.920105942093874,14.115679193449962,14.313515293795415,14.514430174256239,14.718788284068681,14.926665776804516,15.138459738945036,15.354289840388729,15.574428058177588,15.79930411603796,16.02946196805383,16.264738428,16.50666200685247,16.755559077061633,17.011331726892372,17.274942755073333,17.546218096297654,17.82171996075454,18.100741208134814,18.383629969052215,18.669793333555212,18.958796138376613
Dukes,Massachusetts,41.380939,-70.701536,31.21564807110985,31.361190224727423,31.500771755321423,31.632482761890753,31.757444168700538,31.876151491627635,31.989355220737977,32.09890752702758,32.2061121464443,32.311026808993205,32.413776596351944,32.51440480602434,32.612757491330186,32.70893567977835,32.802847965527484,32.89358029016397,32.98089211199999,33.06547619109642,33.148275450869406,33.22898199795856,33.30663847644647,33.38062428877863,33.45366717769463,33.52569979152188,33.59670288692537,33.66575278382396,33.73360959395109
Dundy,Nebraska,40.180165,-101.681133,1.7808812221290629,1.7864082866411806,1.7919117968668836,1.7971869329243078,1.8022398394099082,1.8070572030313652,1.811628782794584,1.8159883739800733,1.8201789887630238,1.8242098440381194,1.828021542039621,1.8316099863698896,1.8349895144206565,1.8381222345137762,1.8410101948480682,1.8436554436223496,1.846121475,1.8484062407822004,1.8505701628340998,1.8526132411557001,1.854593849413331,1.8564740959288486,1.8583062097721281,1.8599560339205474,1.8614686287481181,1.8628685726406626,1.8641138775224004
Dunklin,Missouri,36.153025,-90.062254,40.32245139233435,40.54699014932894,40.77211968674035,40.995195558893286,41.21625996438893,41.43495421511707,41.65056796795749,41.863881897032414,42.075395352456056,42.283673581787575,42.48778118270031,42.68779551929647,42.88249283214121,43.07183795573353,43.255254175857,43.432657095309224,43.604391336000006,43.77151889605959,43.93659982396089,44.09860025397447,44.25852591942896,44.416601879530766,44.57556401025783,44.73502549109909,44.896132717387225,45.059005251825624,45.224051014225935
Dunn,North Dakota,47.35461,-102.612365,3.901581242205741,3.904044815463562,3.9065698244634732,3.908498906765108,3.9100900924852464,3.911073064358691,3.9111406436749903,3.910581578421969,3.9094695914901343,3.907841544324741,3.905218238137486,3.901986718103537,3.8978705233834865,3.8927713567899924,3.8865909211357095,3.8794828057758615,3.871139832,3.8616111484017943,3.8511609286722366,3.839598722010842,3.8272624249991107,3.8137895667587096,3.799106424399129,3.7828505270420374,3.7652676176557938,3.746585008486135,3.726483233674191
Dunn,Wisconsin,44.947741,-91.89772,99.23444212099662,99.87430667437542,100.51323620016463,101.14428991664148,101.7676835994036,102.38246423956156,102.98656398763839,103.5777351811591,104.1567150534155,104.71827104616581,105.26002962783646,105.77967121075324,106.2753617023366,106.7447095897131,107.185179509611,107.59605221003831,107.9768781585,108.32862834518528,108.65410785286296,108.95374823272817,109.22807094247518,109.47687818780612,109.71806136202197,109.94899519535184,110.17185542507158,110.38768496656957,110.5987314823208
Duplin,North Carolina,34.934403,-77.933543,47.046617330097966,47.740205620818735,48.43960892346818,49.14169481180921,49.847417825535835,50.55690962529545,51.26987946049163,51.986941747479136,52.71018111317575,53.4396579020449,54.1753885716675,54.917685816081246,55.66740542949449,56.42510148379856,57.19174497626832,57.966326508606734,58.74966347399999,59.542013707882674,60.34470478844981,61.15744047924464,61.97885480104998,62.80845402643794,63.64704457687406,64.49319464281743,65.34729372035008,66.20979165001742,67.07966806180178
Durham,North Carolina,36.036589,-78.877919,268.86844967691655,272.8322629970477,276.8293087434581,280.8416852978408,284.8748477943208,288.9295486651911,293.004126289138,297.1020920168625,301.2353593596724,305.40427318236857,309.60892753898764,313.8511094562259,318.13570974398857,322.4658948881759,326.84721407694934,331.2738986627285,335.75061999599995,340.27885159000425,344.8661804703636,349.5109136644185,354.205244687128,358.94635191739275,363.7388440030082,368.5745382427867,373.455660582262,378.38478183176886,383.35607064103584
Dutchess,New York,41.755009,-73.739951,369.2442823057397,370.228330330076,371.1262907334738,371.9249177877449,372.63192054514406,373.25433519800345,373.79621813042695,374.27935077933387,374.724803272582,375.1237323083333,375.47694531849464,375.77686782279596,376.0194818862715,376.20075034938645,376.320500191018,376.37400216713945,376.357853529,376.2905483121832,376.1908112471031,376.05306720868765,375.87425949043205,375.65152363152333,375.419098589731,375.18192507934293,374.94063751114305,374.6907565605047,374.44518191337033
Duval,Florida,30.335245,-81.648113,1811.7584434347648,1846.2645300018503,1881.5667008021792,1917.5493918199054,1954.252881753983,1991.7064833748539,2029.9294924990327,2069.053078502169,2109.193754374691,2150.370710491493,2192.56823605115,2235.7980350735165,2280.0776108675605,2325.398844428519,2371.7960042829895,2419.3304574539848,2468.0219215244997,2517.991338033016,2569.352056721351,2622.135710075597,2676.4139983975538,2732.251557400464,2788.9436152942617,2846.4846891146917,2904.9219112660276,2964.30599916763,3024.6739628282253
Duval,Texas,27.681123,-98.497393,9.905188780309432,10.069790518224679,10.23521817633082,10.400838608100356,10.566589913733118,10.732459713269073,10.89829458363207,11.065405474161508,11.234717786869991,11.406111701430035,11.57946076539271,11.754684066876367,11.931738718162313,12.11072685392083,12.29177183161084,12.475027074308489,12.66067386,12.84952219178479,13.042358197125061,13.239378628957096,13.440767860257116,13.64675447814433,13.856257888964283,14.069241394978302,14.28591501336554,14.506583821712576,14.731154970319144
Dyer,Tennessee,36.054196,-89.398306,14.44480818282273,14.573288160948357,14.702574330110123,14.832014408469693,14.96178429225314,15.091815577372547,15.221990999677198,15.352860234873559,15.48471155733212,15.61728356571693,15.750439451852149,15.88444794608316,16.018991458001793,16.15428985789062,16.29026741265232,16.427258813717035,16.5651981,16.70442729194078,16.845310397007214,16.988113702541533,17.132954472694454,17.27966658325247,17.427666156465158,17.576779739109604,17.7269340410916,17.878273199596414,18.0309120357716
Eagle,Colorado,39.630638,-106.692944,68.54382221543666,69.18888124649553,69.83420996358957,70.47544844248323,71.11512873539581,71.75236687143415,72.38903567028711,73.0284462771645,73.67455408724909,74.32717930985078,74.98717595074763,75.65431927157702,76.32871415024154,77.00890727866259,77.69647182537886,78.39035901136458,79.09092841799999,79.79975321382372,80.52020447427562,81.2515930017102,81.99325956359704,82.74571356689145,83.51664106359637,84.30460372819076,85.11111479898324,85.93843664215781,86.78432187408798
Early,Georgia,31.324191,-84.906723,2.100710797792094,2.132733595133621,2.1647389498232594,2.196593055216397,2.2283171770119083,2.259864482884179,2.2912189638239435,2.32234310618262,2.3532691669191803,2.383956765099802,2.4143765110507576,2.4444987761578827,2.474344109298743,2.5038960235831977,2.5331659881522146,2.5622053751997083,2.5910110785,2.619653346541512,2.6482162863580023,2.6766764817866644,2.7049942687149864,2.733149337205839,2.761202139189736,2.789089833331796,2.816783507839166,2.844280056486165,2.871547461254261
East Carroll,Louisiana,32.73017,-91.234141,1.2051313114938167,1.2098508480496102,1.2144476467709593,1.2188491322427126,1.2230379610752211,1.2270144000898633,1.230761372718369,1.2343487861620965,1.2377833109555259,1.2410614784207272,1.2441480681356427,1.2470486833492358,1.2497606558477143,1.2523029299490036,1.2546952504351663,1.2569840442261886,1.2591727799999999,1.2613564461676061,1.2635742654717534,1.2658849386158721,1.2682537788206627,1.270709602795082,1.273061366431602,1.275304533766776,1.2774407057288795,1.2794904275641132,1.281445160988341
East Feliciana,Louisiana,30.839784,-91.043434,3.5384669645979105,3.552324312781976,3.565821282168853,3.5787447792088987,3.591043880811207,3.602719370407947,3.6137211083403766,3.624254353836462,3.6343386927003967,3.6439639403140003,3.653026683631123,3.6615433747272887,3.6695061792808183,3.6769707209756266,3.683994973792131,3.6907152549275275,3.697141749,3.7035533578612845,3.7100652460400463,3.7168497686132027,3.723805079398941,3.731015789071382,3.7379209601983803,3.744507274433084,3.7507794323684998,3.7567977582815466,3.7625371823428577
Eastland,Texas,32.324645,-98.83656,16.3542076491403,16.625977431724014,16.89911087032712,17.17256259266922,17.44623039754973,17.720093844728524,17.993899621229836,18.269812202480598,18.54935949642971,18.832343670753176,19.11855594299835,19.407862721595873,19.700193195713904,19.99571599733343,20.294634798847063,20.59720291323057,20.903719644,21.215522366865994,21.533909037076132,21.859204508446613,22.19171319455349,22.53181250983039,22.877718313318333,23.229370014305527,23.587114366865443,23.951455076915295,24.322238842654187
Eaton,Michigan,42.589614,-84.846524,181.0231377313621,181.88833238637713,182.73470993969718,183.5517392292942,184.34047158944847,185.10119212776146,185.8310497682187,186.52220405178065,187.1761161549047,187.7876719599901,188.35291559906685,188.86814067331622,189.33060302207443,189.73647151194706,190.0840176781005,190.37047954064573,190.594306827,190.76100567771596,190.874977441391,190.93707744082926,190.94830355263593,190.91036642241951,190.86093589202017,190.80127712641917,190.73039224901154,190.64922567872705,190.56185801811122
Eau Claire,Wisconsin,44.726355,-91.286414,232.03476602105044,233.53092822799252,235.02490410825877,236.500464390755,237.9581136124067,239.39562340179404,240.80815861338382,242.1904636542054,243.544262358753,244.8573197065906,246.12408579154092,247.33913684165807,248.4981842930778,249.59563619487912,250.625564238191,251.58628663326274,252.4767522615,253.29923153906634,254.0602834459895,254.7609170561197,255.40235166702627,255.98412478652756,256.54807093467184,257.088051578869,257.6091541331149,258.11381719254797,258.60729635013905
Echols,Georgia,30.7085,-82.836132,0.7917107603877351,0.8037794341240956,0.8158415341163675,0.8278466316427753,0.8398027412680295,0.8516922129395088,0.8635090132208582,0.8752390040597223,0.8868943423801009,0.8984598095141723,0.9099243291534035,0.921276734937973,0.9325247712787252,0.9436622246367263,0.9546934174738434,0.9656377108171864,0.976493934,0.9872885621012163,0.9980532931745227,1.0087793021936087,1.0194516406445189,1.030062654167699,1.040635125739236,1.0511453718701533,1.0615824963544964,1.0719453285255096,1.0822218015104819
Ector,Texas,31.865301,-102.542507,140.7320364299888,143.0706832029587,145.42106457614375,147.7741848602998,150.12916458860133,152.48582786768316,154.84199487619915,157.21629146513322,159.6218656635274,162.05701507488357,164.5199430741153,167.00950007244344,169.52507672499607,172.06812415203527,174.6403950053063,177.24406910615528,179.88172203599999,182.56486224644325,185.30465896616948,188.10390764330288,190.9652278326023,193.8918672794164,196.86847300573348,199.89452361336416,202.97300300760924,206.10824570353762,209.298932500911
Eddy,New Mexico,32.457858,-104.306471,23.660087977935355,23.88175981507544,24.096161870640668,24.302226905539737,24.49915135151567,24.68657109170202,24.86321799494324,25.031753881090587,25.19388633269013,25.348648556682694,25.495324875089405,25.633061496637218,25.762172315176525,25.881477089829886,25.988326556500077,26.08515653146605,26.17047288,26.24525495091512,26.311310772789597,26.367359658713884,26.413351385671923,26.449750516562272,26.468634370601283,26.469714165446593,26.451997996531013,26.41682932953416,26.363417151953083
Eddy,North Dakota,47.723436,-98.900475,2.5619213162402716,2.5635389887816133,2.5651970022840858,2.56646370846359,2.5675085393568753,2.568153994734967,2.5681983697922113,2.567831267045922,2.5671010956494555,2.566032060179491,2.5643095011392103,2.5621875665837344,2.559484722187976,2.5561364224141263,2.5520781217243758,2.5474106725215515,2.5419323699999996,2.5356754869286258,2.5288134894402896,2.5212213205554876,2.513120855560439,2.5042740827844727,2.494632593074231,2.4839583747590424,2.4724127916834306,2.460145105403579,2.446945542921607
Edgar,Illinois,39.679037,-87.74711,26.728465103133956,26.831830097336947,26.93239133561608,27.028424729927735,27.120266223898053,27.20809541003158,27.29149816914137,27.37218379930007,27.45132070821371,27.52796867629969,27.601998819525328,27.672496272543956,27.73948638959151,27.802322637651624,27.86135575032142,27.91635120091849,27.967243490999998,28.014962275883587,28.060796395895967,28.10457893565056,28.14652329329984,28.186530164753044,28.226131368431286,28.265559318163966,28.304511875972853,28.343111587331634,28.381726088661388
Edgecombe,North Carolina,35.917055,-77.602655,46.37797250099527,47.06170324508601,47.75116635589353,48.443273926441165,49.13896693013333,49.838375156405164,50.54121198692081,51.248083105710705,51.96104351216392,52.68015269310482,53.40542687221285,54.137174299396335,54.87623860598341,55.62316598918011,56.37891364607027,57.142486524318166,57.914690399999984,58.695779444092835,59.48706236673391,60.288247141694264,61.097987203584765,61.91579584202378,62.7424680173013,63.57659226931064,64.41855255846394,65.26879233199782,66.12630572179026
Edgefield,South Carolina,33.776498,-81.968245,10.576230294944429,10.683325383251734,10.789891258472366,10.89563055325285,11.000210619367278,11.103754939869214,11.205971187529816,11.306990405589602,11.406976398099207,11.505599036895038,11.602820521042332,11.698474526428136,11.792482931120603,11.885122941974661,11.97615011294551,12.065488842163631,12.153194570999998,12.23951174549942,12.324755373451582,12.408907814420257,12.491969068405451,12.573976936341927,12.655397629758424,12.736107665601379,12.81622548679972,12.895771253851985,12.974714726010365
Edmonson,Kentucky,37.227856,-86.217778,4.069907178600675,4.091909981325381,4.113417433508556,4.1341346836373845,4.154122667691181,4.173390231215331,4.191920665957439,4.209856483482037,4.227316607232624,4.244241084068262,4.260634828180832,4.276514547822725,4.291869431771806,4.306706359896708,4.321088233853495,4.335007190935164,4.348500578999999,4.361681424461251,4.374691256045068,4.38748584602453,4.400095662389296,4.412612109108334,4.425213079927713,4.437898574847434,4.450707907402537,4.46367154558268,4.476826837246153
Edmunds,South Dakota,45.41168,-99.205362,4.025631075811487,4.042075839743207,4.058572975534583,4.074562104287304,4.089964668211887,4.104670686403055,4.11851780609588,4.131574110707911,4.143766279635633,4.154821979208838,4.164997831539836,4.173796303961902,4.181447832657521,4.187711507072279,4.1929225071079665,4.197044172462828,4.199903676000001,4.20163194736862,4.2022970699862405,4.202056159431827,4.201045382540482,4.199411380519241,4.197834987543621,4.196321440799586,4.194781708125725,4.19346717444838,4.192168352328932
Edwards,Illinois,38.417095,-88.047941,9.21848796427934,9.254137933378253,9.288820903805933,9.321942247894151,9.35361783059297,9.383909592284494,9.412674705734691,9.440502697639138,9.467796544836714,9.494231971209334,9.519764525423957,9.544078675887027,9.567183167123082,9.588855013756532,9.609215181710084,9.62818278413181,9.645735230999998,9.66219315488085,9.678001069104774,9.693101405551928,9.707567763970465,9.721365894972628,9.735024113582272,9.748622577940944,9.762057082464624,9.775369892355227,9.788687803218474
Edwards,Kansas,37.883595,-99.304746,3.2645024484383742,3.278008777332307,3.2914626868497443,3.3046199503501934,3.3175842152371815,3.3301326991605995,3.3422951858570946,3.354140773595683,3.3657457087421765,3.377051615172751,3.388026326451829,3.39855070763283,3.408593783629642,3.418194868974636,3.4271883660920657,3.435675539686524,3.4436742599999994,3.451221458865931,3.458352876768293,3.4651435687234327,3.471536349956991,3.477551473409885,3.4832401671091464,3.4885523943772117,3.4935298524453824,3.4982654665719926,3.502667502848174
Edwards,Texas,29.985877,-100.307373,1.4845007776508459,1.5091698085353067,1.5339626209238708,1.5587843244986177,1.583625642273158,1.6084847188502145,1.63333856055638,1.6583836407105341,1.6837586502591915,1.70944563160727,1.7354256331968612,1.7616865286814711,1.788221890434816,1.8150470254844375,1.8421804215389246,1.8696450722716849,1.8974681459999998,1.925771038717187,1.954671568150386,1.984199221863475,2.0143816320230563,2.0452530572145804,2.0766515477613714,2.108571603735785,2.1410447006273547,2.1741165607261412,2.2077732685525593
Effingham,Georgia,32.361711,-81.343337,53.852586637436744,54.673504238288864,55.49397468957479,56.31056780284146,57.12382873303947,57.93255691421023,58.73634194880669,59.534222158994694,60.32702446520489,61.11371368556484,61.89353640368218,62.665733077828,63.43083048694332,64.18840598280804,64.93875358157528,65.68319023059752,66.42163630049997,67.15589264022051,67.88811536821532,68.61770420150509,69.343642334227,70.0654091127765,70.78455424729408,71.49946677427404,72.20940552799709,72.91429087908844,73.61330203245392
Effingham,Illinois,39.047694,-88.592786,58.19804522835705,58.42311017632333,58.6420702801305,58.8511715436717,59.051145444129524,59.24238302276509,59.4239825844351,59.599665921848434,59.771977103445195,59.93886891321119,60.1000607215355,60.253560518229065,60.39942350911698,60.53624194565916,60.66477950843616,60.784525543565856,60.895337435999984,60.99923939932566,61.099037729652146,61.19436898863084,61.28569782528975,61.37280801681384,61.45903491513631,61.54488457365392,61.62969912295088,61.713745391181845,61.797823862810795
El Dorado,California,38.785532,-120.534398,230.97817471019243,233.6420179153082,236.3034494227988,238.94652090965897,241.5737218702115,244.18894213933572,246.79144264840457,249.40248782809164,252.04744588486827,254.7204431680667,257.41446500878783,260.1212455079132,262.8339255899388,265.54569156076786,268.2510068887553,270.947751613892,273.62876844,276.31470590723035,279.02044911705445,281.7442217115443,284.4815633467049,287.2330380485937,289.99235076776426,292.7563118396156,295.5272486820172,298.30848062073284,301.1047338051407
El Paso,Colorado,38.827383,-104.527472,929.3392321571737,938.0851503923152,946.8347251176374,955.5288430752214,964.2018346450959,972.8417146650019,981.4738754278602,990.1432105075542,998.9033484267311,1007.7518515252707,1016.7002986887451,1025.7456428420035,1034.8893059534494,1044.1115836037764,1053.4338053190384,1062.8417514151993,1072.3402972125,1081.9507722369935,1091.7188826159368,1101.6352839855347,1111.6910382586796,1121.8930521390453,1132.3455355967776,1143.0289873509134,1153.9639243741326,1165.1810205562824,1176.6498051458589
El Paso,Texas,31.766403,-106.241391,712.4011066944252,724.2395948702139,736.1374848879142,748.049239575354,759.9704069743602,771.9000966932979,783.827274235838,795.8462257161493,808.0235079089222,820.3505030951208,832.8181165601916,845.4205289588081,858.1546557199501,871.0278425746036,884.0489616394138,897.2290474107101,910.5811377659999,924.1634897579502,938.0326432553613,952.2027491252836,966.6870678431335,981.5020398544505,996.5699466894105,1011.8881489728103,1027.4717515627383,1043.342696253048,1059.4943051064797
Elbert,Colorado,39.310817,-104.117928,31.76988249865317,32.06886567407375,32.367973848266985,32.665186207741726,32.961676352085604,33.25703456309941,33.55212888781539,33.84849403338663,34.1479633151453,34.45045340057625,34.75636011912626,35.06557930515143,35.37815956928557,35.69342730703163,36.012111677896726,36.33372657554278,36.65843866499999,36.98697710577548,37.32090438252733,37.65990105394766,38.00366156748112,38.35242203192048,38.70974491228621,39.074963548457504,39.44877932243646,39.83224083503806,40.22430642982356
Elbert,Georgia,34.115017,-82.842057,19.331893905216457,19.626585264638845,19.921116107203762,20.214255070716938,20.506197853812825,20.796513479723416,21.08505462475762,21.37147606772882,21.656074654880282,21.938478778692676,22.21841797925545,22.495619597797027,22.77027273636867,23.04222567355716,23.31158395469343,23.578820334905643,23.843906229,24.10748810212849,24.370339953384658,24.63224629438451,24.89284211419189,25.151940509616587,25.41009779250709,25.666735662404307,25.921588057119816,26.17462639145984,26.425556018042172
Elk,Kansas,37.456026,-96.244642,2.736815751293541,2.748138865379962,2.7594180333589637,2.7704485063209847,2.7813171777056924,2.791837276556558,2.802033772252797,2.8119645937541886,2.8216936626715237,2.83117203902154,2.8403727558746845,2.8491959357140986,2.8576156103853982,2.8656647394691466,2.87320449321691,2.8803197675180177,2.8870255439999997,2.8933527846930818,2.8993314528523224,2.9050244713133435,2.910383898868053,2.915426714694315,2.9201958661243816,2.9246494046011686,2.928822287255581,2.9327924185507666,2.936482892798744
Elk,Pennsylvania,41.427334,-78.653938,87.58246376237354,87.8303572631388,88.07237024633679,88.30412766344091,88.52665436426757,88.7411731006667,88.94627028668461,89.14341605171313,89.3331616942742,89.51364128090894,89.68310196503487,89.84001707382194,89.9826478965472,90.10887405428012,90.21810890884993,90.30887526293506,90.38011999499999,90.43373024229292,90.47103477561026,90.49170847018267,90.49585734495669,90.48324815824995,90.4591253139506,90.42311421178087,90.3749886779882,90.31495368253584,90.24462778134078
Elkhart,Indiana,41.600693,-85.863986,312.7335689401461,314.26359846201996,315.7736144515143,317.24491079293813,318.6779903388638,320.07355708289253,321.43035389359335,322.75079446331375,324.04403070887025,325.30870492831764,326.54139772416386,327.74075139446353,328.9116436091686,330.0469841470088,331.1478289983861,332.2122673235257,333.24080197499995,334.2386123343039,335.211581776534,336.16167142672236,337.0861658809784,337.98340572581327,338.8802432885904,339.773108316046,340.666073914016,341.55717895746824,342.44803257463445
Elko,Nevada,41.141133,-115.351424,22.144229704253537,22.767117987074062,23.40169915804936,24.046201860778485,24.701119751963343,25.367062642823928,26.04311097675866,26.730174630825946,27.429415150206722,28.141539141552713,28.86602390953251,29.601882140742315,30.347981328630713,31.103895573298026,31.86768896610936,32.63881945264694,33.416522349,34.200168484862175,34.991296907598226,35.7883298516707,36.58992186057835,37.39495978685612,38.202475676186545,39.01207266729949,39.82279248542067,40.63518686451103,41.44879118649821
Elliott,Kentucky,38.116425,-83.097541,3.0938222926075727,3.1105481683050495,3.1268974932654223,3.1426461301451787,3.1578404006619776,3.172487028936125,3.186573313851487,3.2002075884574297,3.213480254815838,3.226345738333528,3.2388077746328943,3.250879064830068,3.2625513905557866,3.2738299816814003,3.2847626541735235,3.2953434310363305,3.3056007029999996,3.3156203893795437,3.32551007609985,3.335236142559391,3.3448217496169965,3.3543363798491566,3.3639152627864566,3.373558398428898,3.3832956717556146,3.3931502436254366,3.4031505047685435
Ellis,Kansas,38.914596,-99.317329,32.11621980694835,32.24909525562506,32.381455001757736,32.51089634031165,32.6384389558625,32.76189111259814,32.88154582332765,32.99808287776821,33.112252388711134,33.22348005105055,33.331449410952644,33.434988417180925,33.533792336413946,33.628247945559714,33.716726093399586,33.80022302348452,33.878914543499995,33.95316398932931,34.02332297634342,34.09012989682125,34.153022166169336,34.212199033097875,34.268164479638514,34.32042624427197,34.36939454493099,34.41598358158,34.459290874766964
Ellis,Oklahoma,36.224258,-99.750139,2.134031839349235,2.142641642281063,2.151315334209911,2.1599318302747603,2.168492955875524,2.176951250614418,2.185317666890929,2.1937126810994396,2.2022068753699924,2.2107339268390125,2.2193029625060747,2.2280186386329652,2.236793944490409,2.245667213476617,2.25463479479176,2.263736847233966,2.273042736,2.282627910953009,2.2925982452880573,2.3029652998712713,2.313750371034992,2.3249473741128366,2.336188186788638,2.347428999464439,2.358658859740751,2.369922794148807,2.381082680761716
Ellis,Texas,32.347279,-96.798336,158.73341820648233,161.37120705448032,164.02223150434048,166.67634520602715,169.33255619794465,171.99066608777386,174.6482162278455,177.32621494766784,180.03949207309608,182.7861274498986,185.56409464224427,188.37209701461873,191.209447279345,194.07778217305594,196.97907853350287,199.91579500835513,202.890836628,205.91718391846072,209.0074347920023,212.16474226941094,215.39206097915383,218.69305409369485,222.0504047977497,225.46352499980108,228.935780283834,232.4720596034273,236.0708750161875
Ellsworth,Kansas,38.700845,-98.205355,6.5290048968767485,6.556017554664614,6.582925373699489,6.609239900700387,6.635168430474363,6.660265398321199,6.684590371714189,6.7082815471913655,6.731491417484353,6.754103230345502,6.776052652903658,6.79710141526566,6.817187567259283,6.836389737949272,6.854376732184131,6.871351079373048,6.887348519999999,6.902442917731862,6.916705753536586,6.930287137446865,6.943072699913982,6.95510294681977,6.966480334218293,6.9771047887544215,6.987059704890764,6.996530933143985,7.005335005696349
Elmore,Alabama,32.597229,-86.142739,37.879792373429964,37.99695163994282,38.11526915409368,38.23184090368872,38.34792585355184,38.463037203951146,38.57745192714789,38.69067483031134,38.80371308530059,38.91592042350609,39.02733881042193,39.13795145985048,39.24838785420367,39.35868156587681,39.468706698387535,39.57898362386303,39.690250934999995,39.80312132801275,39.91873626434162,40.037960233165684,40.160633765607265,40.287646530141906,40.413492653939734,40.538465895459645,40.66276768907348,40.78641482097888,40.910003201192495
Elmore,Idaho,43.394826,-115.470751,15.338044602002341,15.572664962570862,15.811789803857874,16.053471242309442,16.29785315568806,16.54441537054468,16.792648780950422,17.042365239062008,17.291871414289925,17.541997370648645,17.791691693719848,18.04055595277658,18.288955375985214,18.536602207820735,18.782721721869635,19.027712348858866,19.27223814,19.51710702426711,19.761798828211134,20.00784086961869,20.254624434879165,20.503986732344575,20.755872424413965,21.010613536693103,21.269383226322454,21.531915872817375,21.79885339234906
Emanuel,Georgia,32.5911,-82.299763,22.191805601254764,22.53009285819581,22.86819585181977,23.20470105531059,23.539833118465815,23.87309730689983,24.204324502225717,24.533118412103978,24.85981979746348,25.184002076104374,25.505354776958143,25.823564904801227,26.138849536966106,26.451034506755775,26.76024097361163,27.06701163086483,27.371313664499997,27.67388917609556,27.975626668221615,28.27627877368533,28.575426482751983,28.87285524224411,29.16920366338397,29.46380789339902,29.756362509530806,30.046834697763945,30.3348862213246
Emery,Utah,39.009028,-110.721111,5.853257246048488,5.937569326885031,6.023182861131893,6.109498689105835,6.196376843175935,6.283954835400641,6.372242488069842,6.461551658887523,6.552250683724528,6.644504085936498,6.738346243538051,6.833956413319662,6.9313886178757205,7.0307656358298445,7.132281457407347,7.236181639855455,7.342392516,7.4516041017056995,7.563963731320893,7.679427204541077,7.798429157693854,7.920891012460102,8.045260847037333,8.171219437004144,8.298923938998762,8.428106695621706,8.558571261075194
Emmet,Iowa,43.377984,-94.66937,7.5994996223142275,7.622597859969735,7.644722029230051,7.665228732286768,7.683882142054732,7.700684821871832,7.715408634666554,7.72801769370855,7.738686305973809,7.747232474472695,7.753507525608051,7.757634499598216,7.75937244268227,7.7587905649830375,7.755714559524529,7.750270029862971,7.742551819499998,7.732508661677972,7.720458410294269,7.706470275471708,7.690549383886048,7.6726393421038885,7.654198689380136,7.635191538984442,7.615571750834929,7.59566230550474,7.575104335690382
Emmet,Michigan,45.590094,-84.986822,51.70959685313739,51.95674131970116,52.19851064607685,52.431896586193325,52.65719945564821,52.874500695959476,53.082985891947146,53.28041540186618,53.46720661349634,53.64189866960846,53.8033615691403,53.950536572357855,54.082639804650334,54.19857689561963,54.29785410606284,54.379682471274336,54.44361915299999,54.491236990556196,54.52379323737709,54.541532218016684,54.54473897778798,54.53390216579896,54.51978224261555,54.50274060497384,54.48249220756083,54.45930682540493,54.4343500902325
Emmons,North Dakota,46.284255,-100.237842,3.7095742913097887,3.711916625726181,3.71431737247216,3.7161515196211563,3.7176643989574285,3.718598996230803,3.718663249793347,3.7181316975941168,3.717074434428612,3.7155265076945874,3.713032301221271,3.709959812685056,3.7060461866028036,3.7011979632471785,3.6953216828908415,3.688563376357758,3.680630982,3.6715712296812337,3.661635292418681,3.650642091990623,3.6389128962097845,3.6261030723316074,3.612142525560589,3.596686623152172,3.5799690144247025,3.562205824997645,3.5430933107571536
Erath,Texas,32.238136,-98.222377,34.4603476560705,35.03300035751408,35.608526451635534,36.18472320914434,36.761375279411496,37.33843959231127,37.91538238592754,38.49676447893798,39.08580536324563,39.682088181561525,40.28517300331508,40.89477833446988,41.51075496780442,42.133458231856466,42.763317289665196,43.40086590314667,44.04673474199999,44.703741823027016,45.374622099215586,46.06006007792201,46.76069719637687,47.47732871368855,48.20619522316285,48.94716905264119,49.700980856043266,50.4686920043261,51.249979471546254
Erie,New York,42.752759,-78.778192,1141.2952981757953,1144.3368872732376,1147.1123885753736,1149.5808609274548,1151.7661322003864,1153.689950525719,1155.3648537607125,1156.8581660393736,1158.2350129141043,1159.468060667656,1160.559804987255,1161.4868339498662,1162.2367285404796,1162.7970103229593,1163.1671445071856,1163.3325134965417,1163.282599752,1163.0745663952853,1162.7662896016166,1162.3405372449013,1161.787861366352,1161.099408218424,1160.381006823772,1159.647928411379,1158.9021338783527,1158.1297781026958,1157.3707326589167
Erie,Ohio,41.554006,-82.525897,69.41047064726155,69.55456651038678,69.69290532624271,69.82128748034769,69.94072500101112,70.05115728773545,70.15223285763474,70.2442971335452,70.32744707626289,70.40031917459245,70.46191958037377,70.51138170649152,70.54828134946275,70.57199432416243,70.58262971148619,70.57965422705544,70.563570855,70.53542798392785,70.49760721339356,70.45049032653179,70.39500451095545,70.33134974830647,70.26615573301919,70.19933762439699,70.13159232816193,70.06342282844389,69.99677440121489
Erie,Pennsylvania,42.117952,-80.096386,804.563437230925,806.840674459419,809.0638911771467,811.1928966435258,813.2371054908418,815.2077503493375,817.0918455193097,818.90289612845,820.6459665996431,822.30391580928,823.8606414897287,825.3021190853091,826.6123761853866,827.7719342404051,828.7754041849887,829.6092159629465,830.263695228,830.756177889253,831.0988705044267,831.2887863625896,831.3268993912193,831.2110669498646,830.9894659844254,830.6586552844801,830.2165571380765,829.6650544716713,829.019015911425
Escambia,Alabama,31.121748,-87.168429,16.189669666767998,16.239743062222363,16.29031148802079,16.34013378112672,16.389748018001093,16.438946142412345,16.487846531181873,16.536237540901727,16.58454963274064,16.63250659411534,16.680126360907856,16.72740175876537,16.77460182591836,16.821740911072443,16.86876520658153,16.915897117382794,16.963452314999998,17.011692663310786,17.06110601830641,17.112061859156707,17.164492029509955,17.218776770065226,17.27256289310002,17.325975949788575,17.379102032364635,17.431948315181003,17.484769487762527
Escambia,Florida,30.611664,-87.33904,598.912960816492,610.3196373229387,621.9894753821399,633.8842729991534,646.0173451028727,658.3983816153732,671.0337611544238,683.966844378518,697.2361469851116,710.8480127361394,724.7972481122149,739.0877221110019,753.7252208010771,768.707060283161,784.044568703564,799.758032158141,815.8539686879999,832.3723579356587,849.3506699235293,866.7993614020523,884.7421343388934,903.2003553607855,921.941048067913,940.962399956866,960.2799915858008,979.910588611257,999.8664254312504
Esmeralda,Nevada,37.778966,-117.632382,0.4044050918966905,0.41578047937323126,0.4273694061587441,0.4391395231691711,0.45109984572302025,0.463261510390213,0.47560772393039175,0.48815510281296287,0.500924859552063,0.5139298984271248,0.5271606738067869,0.5405991550540339,0.5542246599675823,0.5680294106255825,0.5819780528378073,0.596060687430993,0.6102633494999999,0.6245745489330042,0.6390223923112366,0.6535780659696618,0.668216998746072,0.6829188619810865,0.6976659785795918,0.7124511009325912,0.7272567287159224,0.7420929378738002,0.7569512434005696
Essex,Massachusetts,42.642711,-70.865107,1413.589948417967,1420.1807750750409,1426.5016769567828,1432.4661648494666,1438.1249994251282,1443.500619950805,1448.6270121124949,1453.5880508403857,1458.4427753710515,1463.1937999880306,1467.8467889723222,1472.403703036581,1476.8575707580371,1481.2129671328833,1485.46575287885,1489.5745351732476,1493.5284211679998,1497.3587822655663,1501.108318430406,1504.7630868169815,1508.2797338899488,1511.630156101271,1514.9378783481343,1518.199850633077,1521.4152015282527,1524.5421024970485,1527.6149749393853
Essex,New Jersey,40.787217,-74.246136,3513.0115066651215,3537.7682170395283,3561.7061493199153,3584.612922824782,3606.626483863445,3627.81317611546,3648.186753758296,3668.0801487936214,3687.67782901337,3706.9441953699748,3725.836367192505,3744.2791010395135,3762.19027638082,3779.5419803268546,3796.24723793186,3812.250223416699,3827.559027474,3842.3621632420104,3856.884956510438,3871.040432333524,3884.8961479947184,3898.3562287863733,3911.815905043396,3925.2630407268443,3938.677813639778,3952.0351426350485,3965.4264525393583
Essex,New York,44.108971,-73.777573,45.35883982605106,45.47972260976889,45.59003018678408,45.68813542055839,45.774985309280275,45.8514441954359,45.918010374830175,45.97735953062389,46.03207996709264,46.081085352149955,46.12447487263851,46.16131806151033,46.191121346143525,46.213388792324686,46.2280991457304,46.234671454853554,46.232687718,46.22441978618535,46.212167849523155,46.19524704648061,46.17328188401047,46.145920484980344,46.11736884383809,46.088233889597234,46.05859355477701,46.027897588559725,45.99773061883671
Essex,Vermont,44.724021,-71.732736,17.88923864033232,18.012159304834015,18.135194154811327,18.257800809255073,18.38114966929033,18.50435579748107,18.626848266449205,18.748313066136784,18.868264908272433,18.986561061011642,19.10337280256783,19.216530608904268,19.326605407399057,19.43234115782039,19.532053624402934,19.627113032854083,19.716577352999998,19.79944746192903,19.877379049037632,19.94985827968552,20.01582893822324,20.07631869393134,20.1324979479349,20.183481762797893,20.232124775410735,20.27725658464835,20.321217992760893
Essex,Virginia,37.93948,-76.941871,16.526464672154933,16.72982763987873,16.93346971196203,17.136489337021352,17.339152328732418,17.541534000970014,17.7436055572526,17.945721415814475,18.148105303166034,18.35068855077438,18.553014845162863,18.755068680533743,18.956409249208093,19.157043196527827,19.356664836765855,19.55534726868301,19.75304619,19.950570117313806,20.148426311722258,20.346450854792003,20.544696909258178,20.743000556687434,20.94313610336519,21.144986148251345,21.348807644565756,21.554908493149476,21.763536786766494
Estill,Kentucky,37.69246,-83.963927,7.268164440743002,7.307457717307449,7.345866381758239,7.382863879265812,7.418559031161605,7.4529676340905135,7.4860598499455255,7.51809018022759,7.549271002051302,7.579495249267981,7.608771697791455,7.637130185728731,7.66455140606939,7.691047645092794,7.71673123449591,7.74158813281662,7.765685036999999,7.789223793064046,7.812457147326948,7.835306116564274,7.857825111441742,7.880177363956516,7.902680562189096,7.925334706139484,7.948210003118287,7.971360863791227,7.9948539851033775
Etowah,Alabama,34.047638,-86.03442,41.926560437095056,42.05623604407284,42.187193636419416,42.316218960963774,42.44470548006326,42.572114388273036,42.69875224731175,42.824070961985456,42.94918530218009,43.07337995721887,43.196701375847,43.319130978566406,43.44136549655579,43.56344208881133,43.685221409097316,43.80727942185475,43.930433625,44.055362170213634,44.18332846336638,44.31528934861028,44.45106832071338,44.59165009307494,44.73094059031865,44.869264953661244,45.006846137079904,45.14370272007272,45.28049427482221
Eureka,Nevada,39.977788,-116.272208,0.7069724811513425,0.7268586944297903,0.7471182126396358,0.7676944837920994,0.7886032682774963,0.8098640348132755,0.8314474258096336,0.8533824898291129,0.8757063101430443,0.8984414457414874,0.9215712091523434,0.9450640795949808,0.9688839008798525,0.9930170758074699,1.017401798925615,1.0420207647076671,1.0668495599999999,1.0918680980306423,1.1171255141341077,1.1425714368668385,1.1681629114395429,1.1938643997171958,1.2196449989736877,1.2454920390913145,1.271374926371227,1.297311275367309,1.323286252771027
Evangeline,Louisiana,30.720693,-92.404086,5.709439825735621,5.731799140205065,5.753576970919649,5.774429484006939,5.7942745132841775,5.813113322846487,5.830865010606234,5.847860769484666,5.8641322018597615,5.87966287449497,5.894285926834554,5.908027904876013,5.920876167668156,5.932920465964451,5.944254342803722,5.955097750736723,5.965467123,5.975812477456012,5.986319636087289,5.997266699820067,6.008489336288844,6.0201240677665,6.031265802147644,6.0418930498152505,6.052013395340034,6.061724174046177,6.070984934889866
Evans,Georgia,32.151902,-81.887618,10.668971816915878,10.831607398498377,10.994154393321775,11.155933231727154,11.317051916749604,11.477272599008499,11.636513972848228,11.794585516060847,11.951651053474837,12.107505500675282,12.261999595040672,12.414982860432252,12.566559659333352,12.716646259053856,12.865300908421668,13.012784513645128,13.159081299,13.304548038557208,13.449611890388072,13.594153929802275,13.737972712936648,13.8809650908251,14.023438083331394,14.165072535419291,14.305721611501777,14.445369535854631,14.583853697166612
Fairbanks North Star,Alaska,64.690832,-146.599867,30.482284964542398,30.75024668216267,31.031046003334968,31.32728765921476,31.632692387195103,31.952841754037728,32.28513102858715,32.62337397434911,32.973756827817866,33.33516327564108,33.701174516042734,34.07286034931883,34.45240688911773,34.8357209864808,35.22577947701433,35.621140455971506,36.02068761,36.42879316639651,36.84852698687999,37.277191314182275,37.721716593699185,38.18168420792361,38.63262828921654,39.07589771621206,39.51121341057209,39.937877676451414,40.35816965361107
Fairfax,Virginia,38.833743,-77.276117,1638.2816343696588,1658.4411676843758,1678.6283688370318,1698.7538663193636,1718.8440104532185,1738.9062671631189,1758.9377818308644,1778.9736882189184,1799.0361645148341,1819.1184035521349,1839.17517061165,1859.204928591273,1879.163979873941,1899.0529832176999,1918.841635752427,1938.5371838166295,1958.13523569,1977.7159402681548,1997.3295827486174,2016.9599137662494,2036.6122033854206,2056.2702022409917,2076.1097987312887,2096.1193547974963,2116.324342417398,2136.755284047135,2157.436773320429
Fairfield,Ohio,39.752935,-82.628276,160.26882401962925,160.60154146576986,160.92096588584292,161.21740036714868,161.4931816837432,161.74816990903633,161.98155346880498,162.1941299446132,162.3861232190053,162.5543849437021,162.69662032262457,162.81082840553313,162.89602970629645,162.95078298103564,162.97534009761299,162.96846970203495,162.931333185,162.86635127651834,162.77902309158424,162.6702301677158,162.54211338174292,162.3951344914132,162.24460146569274,162.09031840735537,161.93389447218817,161.7764910508897,161.62259978700484
Fairfield,South Carolina,34.395669,-81.127001,12.263409262990479,12.387588754297168,12.511154609507797,12.633762023577907,12.755025282389978,12.875087567699744,12.99360991861606,13.110744283124614,13.226680596207519,13.341036065823902,13.45376686082404,13.56468012414917,13.673685271423205,13.781103731077424,13.886652061676974,13.99024260092241,14.0919396345,14.192026603844583,14.290868768537152,14.388445674041169,14.484757320356643,14.57984753863328,14.674256913050952,14.767842261853911,14.860740922644615,14.952976272036231,15.044513245109
Fall River,South Dakota,43.221504,-103.512102,7.849876252807104,7.88194311622295,7.914112103407636,7.945290490034572,7.975325090450497,8.004001444740846,8.031002969222213,8.056462424794093,8.080236838180108,8.10179516578229,8.121637814067956,8.138794607233121,8.153714889860687,8.165928892613982,8.17609020761359,8.184127348221319,8.189703305999998,8.193073390371728,8.194370362235999,8.193900592899334,8.191929604160716,8.188743342572899,8.185669417130809,8.182718040211324,8.179715601407418,8.17715229480953,8.17461962534229
Fallon,Montana,46.318184,-104.405718,1.6427881702990792,1.6556821920972242,1.6685371733669412,1.6813584378166522,1.6940980720705585,1.7065874920286301,1.718844443385606,1.730671948929872,1.7421534134267067,1.7531291256234487,1.7636505480348446,1.7736626690072004,1.7830838583447108,1.791969127701071,1.8002687891310083,1.8079100852860883,1.8149143109999997,1.8212654951474756,1.8269831579927311,1.8321861956905237,1.8368320185734779,1.840915302933171,1.8445052569790903,1.8475379962101706,1.8501856538653914,1.8523790217352658,1.854244094252448
Falls,Texas,31.25193,-96.934128,12.633161236313825,12.843095679864721,13.054083508986675,13.265317203263336,13.476717815167959,13.688269555195198,13.899776746260919,14.112911384199284,14.328853734535047,14.54745097741287,14.768541834313849,14.992023109542314,15.217840103740462,15.446123080327402,15.677029370445707,15.910754651179518,16.147530126,16.388388879685614,16.63433354582597,16.885615064773912,17.142468587376936,17.405185655573074,17.67238807110983,17.944029029382044,18.220376388069745,18.501819245697565,18.788239180975395
Fannin,Georgia,34.863837,-84.319287,24.399607709630708,24.771550241520135,25.143290178238487,25.51327336504872,25.881746801542963,26.248166533563264,26.612346617596447,26.97385133526086,27.333055348859194,27.68948963669402,28.042812839778442,28.392680823849275,28.7393322626697,29.082575662173895,29.42254423562504,29.759834667431107,30.094410878999998,30.42708880156864,30.75884533240032,31.089408494416066,31.41831759174739,31.745336725907414,32.071168041804135,32.395081641766396,32.71674171735996,33.03611218999269,33.35282117263826
Fannin,Texas,33.591161,-96.104988,28.891127584321282,29.371232498642954,29.853746429707137,30.336822636627716,30.82028057211134,31.30408412669935,31.787785801028985,32.27520932884838,32.769053892192936,33.268970003087674,33.77458882920477,34.28567436943939,34.802101530309706,35.32416821484973,35.85223422802261,36.38674706919111,36.92823548399999,37.47906206274492,38.04151975605128,38.61618244638714,39.203587906761975,39.80440287253757,40.41547550382171,41.03669876186189,41.668685217831985,42.31232471196337,42.96734642331608
Faribault,Minnesota,43.676522,-93.947234,28.2675515804271,28.532962666143785,28.80164348851426,29.071416061065932,29.34264430052586,29.61530063744503,29.88878957172462,30.16308353391558,30.437675246155973,30.711423333256345,30.984035559057098,31.253890839955822,31.520592175886648,31.782810719406804,32.040171526009615,32.291494623277025,32.536190025,32.775647231409145,33.01011988143546,33.239293683360096,33.463466387232494,33.683178354253435,33.90173791830533,34.119271898853675,34.3362269209726,34.55363408205546,34.77130590984891
Faulk,South Dakota,45.065476,-99.153564,2.4708901989428713,2.480983822838754,2.4911095920336686,2.5009235518279773,2.510377484273133,2.5194038842411706,2.5279031013050917,2.5359169243536375,2.5434003499681643,2.550186222593708,2.556432054195523,2.5618324644328108,2.566528892621309,2.5703734703854724,2.573571927639104,2.576101762672881,2.5778568959999997,2.5789176908680385,2.5793259361657377,2.5791780677901937,2.578557663518886,2.577554730189103,2.5765871566882566,2.575658157546247,2.5747130857547216,2.5739062387490317,2.573109035333051
Faulkner,Arkansas,35.146356,-92.324654,70.11022955380284,70.6241031697672,71.13500127286072,71.63956687420354,72.13914785569436,72.63201485942538,73.11722691124088,73.59857333949769,74.07758004823216,74.55600182708604,75.03091402665639,75.50460550299768,75.97394815283545,76.44082392448117,76.90528368140272,77.36686965238921,77.82667540199999,78.28660831028049,78.74687183110215,79.20833064341895,79.67218003872597,80.13552079935424,80.5974882463498,81.05559006978669,81.50972454272915,81.96037486812203,82.40410776188358
Fauquier,Virginia,38.744103,-77.821585,104.71011358689954,105.99860207322448,107.28885893831442,108.57517203806337,109.85922554272375,111.14149663386705,112.42180285971591,113.70238978060682,114.98467490650222,116.26822316008688,117.55014338242759,118.83033733025964,120.1060120879145,121.37720975964847,122.64199354967135,123.90082660480256,125.15342822999999,126.40492110978127,127.65851920237806,128.91318393613463,130.1692521451015,131.4256852576231,132.6937251101339,133.97262786077246,135.26402154078272,136.56985698070707,137.89170607278095
Fayette,Alabama,33.732249,-87.752049,6.304784989218919,6.324285201299711,6.343978194329504,6.3633806189723945,6.382702019738166,6.4018613727497025,6.420904777799158,6.439749814046012,6.4585641170981,6.477240120773727,6.495784809889887,6.514195390519785,6.532576634918312,6.550934130939063,6.569246924131059,6.587601626225013,6.60612117,6.624907533784116,6.644150704599567,6.663994569676409,6.684412586710065,6.705552833820789,6.726498903019112,6.747299688023981,6.767988715956963,6.788568780744856,6.809139066788959
Fayette,Georgia,33.412717,-84.493941,109.58213972733861,111.25258701424153,112.92212441715733,114.58377200413075,116.238639085776,117.88428268590869,119.5198677055271,121.14343727085081,122.75667404404764,124.35747158136677,125.94429679061086,127.51560411541837,129.07246547391097,130.61402083875848,132.14086848984277,133.65568822246817,135.15831800249998,136.65242229421483,138.14238848341324,139.62699508200302,141.10417303872595,142.57286289962457,144.03621809824287,145.49096055939486,146.93558211921143,148.369920743558,149.79230623443087
Fayette,Illinois,39.001125,-89.017923,31.783261533860344,31.90617456427654,32.025753601982665,32.139948505267014,32.24915875027195,32.35359789342577,32.4527734987291,32.54871812089363,32.64282113291765,32.733964504088256,32.82199497626279,32.9058246678712,32.98548372805632,33.060203353676236,33.1304006078733,33.195796611076425,33.256313477999996,33.31305667721405,33.36755879014522,33.419621334936615,33.469498066873626,33.51707090181355,33.56416135046835,33.61104577998057,33.657364913064924,33.70326447057839,33.749181615091835
Fayette,Indiana,39.639655,-85.185032,35.58948624312608,35.76360558952321,35.93544736994716,36.102882804141586,36.26596911738219,36.42478642505497,36.579191663970654,36.72945951545264,36.876631479518814,37.020553047924786,37.160835088795686,37.297323093887165,37.43057214837354,37.55977537586737,37.6850529494476,37.80618741306658,37.923235991999995,38.03678810658764,38.14751329255531,38.255634728478256,38.36084339786766,38.46295045731368,38.565011736539134,38.666620936086495,38.76824158068899,38.869650491771374,38.971030790215906
Fayette,Iowa,42.86445,-91.839373,14.892871557638678,14.938137575627712,14.981494694844592,15.021682037416143,15.058237448902796,15.091165952722358,15.12002046468873,15.144730656952412,15.165638121925262,15.182386196941955,15.19468352376885,15.202771226461373,15.206177103744315,15.205036787898845,15.19900868651311,15.188338947060366,15.173213436,15.15353168497558,15.129916597796976,15.102503806745357,15.071303358656365,15.03620473833794,15.000066270530471,14.962817627384466,14.924368387379134,14.885351501159981,14.845063690232
Fayette,Kentucky,38.040157,-84.458443,162.77336239461695,163.6533505674276,164.51352750876032,165.34210081892587,166.14150759385998,166.91210160555337,167.6532146180237,168.37054629112066,169.06885289271895,169.7457366348818,170.401394057604,171.03649339686797,171.650602264685,172.243995817048,172.81918976589057,173.375869647221,173.91552916499995,174.44268873910832,174.96300872139693,175.47472025191234,175.97904187862252,176.47962924543114,176.98359710015066,177.49094544278103,178.00324659328095,178.52171909961822,179.04785666575353
Fayette,Ohio,39.553845,-83.459327,23.182631384045454,23.230758435305116,23.27696267141226,23.319841449313508,23.359732779672523,23.396616422329796,23.430374984360245,23.461123834673,23.48889535752328,23.513234149322315,23.5338082714543,23.550328289638394,23.56265252275809,23.570572497170527,23.574124645162822,23.57313085333136,23.567759114999998,23.558359584928088,23.54572770138399,23.52999097737256,23.511459087334142,23.49019882379509,23.46842446020474,23.446107660339777,23.42348118603447,23.400713030612653,23.378452903194287
Fayette,Pennsylvania,39.914115,-79.644586,407.3208289021549,408.4737102196423,409.5992429425941,410.67707997964294,411.7119876122884,412.7096525074232,413.6635004836685,414.5803686896582,415.46282105613005,416.30217966366416,417.09029252735075,417.82005953130067,418.48339443241827,419.07043595863524,419.5784558246795,420.00058401101006,420.33192275249996,420.5812485812897,420.7547412278754,420.8508886305398,420.87018385288644,420.8115421549879,420.6993537497593,420.5318764791351,420.308058474095,420.02885299093884,419.7017874673451
Fayette,Tennessee,35.196993,-89.413803,11.519062122353407,11.62151892418672,11.72461862584329,11.82784106292067,11.931326504471198,12.035020401418967,12.138829241062405,12.243191364190103,12.348336656193409,12.454056661675082,12.560242282483298,12.667107818559138,12.774400006335874,12.882294182128929,12.99072995231855,13.099974217740451,13.209974377499998,13.321003176976761,13.433350895181848,13.547229883875056,13.662733655757954,13.779729734503329,13.897752504784632,14.016663645730802,14.13640471190336,14.257090645997982,14.378813012534945
Fayette,Texas,29.877886,-96.921231,22.758938485591457,23.13714034634565,23.51723990609735,23.89778239773497,24.2786255954236,24.65974105399623,25.040776256562012,25.42474334312501,25.813768589917448,26.207576688358845,26.605877091386414,27.008483889515933,27.415298540561754,27.82655571715154,28.24253885505631,28.663600471166934,29.090157083999994,29.524069820195447,29.967144947856916,30.419834541959716,30.882562232312168,31.355853238604713,31.837224704118974,32.32659230925282,32.82443860594618,33.331464564385506,33.847456845818414
Fayette,West Virginia,38.030933,-81.086051,13.297466434371577,13.327882860325039,13.353741585256321,13.374207274894482,13.388986829495332,13.39860050110481,13.403018979748493,13.402711225017095,13.397772494327466,13.388429939981366,13.374573649574723,13.356247588069156,13.332865555976293,13.305424092426374,13.27343958284149,13.237446934254791,13.197636661499997,13.153268687723031,13.105683944253562,13.054948378534036,13.001135265500503,12.943541165766899,12.882722968847188,12.81772077307915,12.74950180761861,12.677743662746957,12.602988572990949
Fentress,Tennessee,36.376079,-84.932703,7.2227996228512,7.2870431299857055,7.351689754713607,7.416413338254793,7.481301833538734,7.546321036648414,7.611412312297516,7.676850513390637,7.742779785006622,7.809069419319737,7.875651008495948,7.942658925066389,8.00993436513063,8.07758726985051,8.145579770603613,8.214079222269627,8.2830526425,8.352671050879808,8.423116461110316,8.494522024154186,8.566946375297738,8.640306447885358,8.714310287053948,8.78887116144251,8.863952423997091,8.939626147257123,9.015949744940448
Fergus,Montana,47.222997,-109.22328,6.482058151316557,6.532934947613857,6.583657699110916,6.63424741191686,6.684515031049576,6.733795363053485,6.78215842829233,6.828827000728541,6.874130176071719,6.917437771048156,6.958952844712716,6.998458333937787,7.035632145050141,7.0706913411773895,7.103439865301044,7.133590633929748,7.1612276715,7.186287959684425,7.208848520883144,7.229378491533253,7.2477098227617605,7.263821508459541,7.277986628045207,7.289953108209271,7.3004001464800625,7.3090546634389755,7.316413803668602
Ferry,Washington,48.437246,-118.517074,8.285751040390965,8.366173546513528,8.450188124869854,8.537503526359908,8.628301781671206,8.722810766257028,8.821022389864586,8.9230822770439,9.029227741876475,9.139458784362322,9.253725514609295,9.372031977743788,9.494243336219489,9.620356893285468,9.750201405257915,9.88384563928544,10.021309821,10.163214203114626,10.310064426427987,10.461917122709544,10.619215907486652,10.782149553324158,10.947166439252191,11.114285442527233,11.283679155208565,11.455385331809158,11.629470042726696
Fillmore,Minnesota,43.67727,-92.093681,46.15299460953184,46.58633657668241,47.02501710800708,47.46548016160233,47.90831991155842,48.35349134468668,48.8000221761122,49.24786739264638,49.69619875161798,50.14315270701683,50.58825211904325,51.02885021220447,51.46429879658394,51.89242823648862,52.31262635255286,52.722966580302376,53.122485637500006,53.51345218885379,53.89628035569934,54.27045698768602,54.63646822725127,54.99519633289267,55.35204288724841,55.70721495098631,56.061441737762536,56.416406740832635,56.77180387051381
Fillmore,Nebraska,40.52504,-97.596705,5.371522821340634,5.388193642950155,5.404793419739033,5.420704370658182,5.435945029139075,5.450475239413522,5.46426411242907,5.477413582058816,5.490053382323066,5.502211313369033,5.513708218692479,5.5245317426724245,5.534725129982305,5.544174091128039,5.552884803920118,5.560863446169034,5.56830153,5.575192877602528,5.581719734386097,5.587882100350705,5.593856043095344,5.599527273125933,5.605053324609986,5.610029550960354,5.614591864007837,5.6188143974783245,5.622570506256753
Finney,Kansas,38.049855,-100.739929,40.96838774761104,41.1378875497748,41.30672950671537,41.47184865773386,41.63454574224881,41.79202491806171,41.94465996086755,42.09331803027871,42.23895599207434,42.38084124589229,42.51857011398195,42.650647493563376,42.776684657913776,42.89717499095053,43.01004029980951,43.116551421853664,43.216932622499996,43.31164738361028,43.40114423601853,43.48636509447611,43.5665923096486,43.642080049008655,43.713471206751606,43.7801378397099,43.84260323385652,43.90203356935982,43.95727761707924
Fisher,Texas,32.740473,-100.40312,2.8863873410549155,2.9343525422410526,2.9825584178491096,3.030820468001042,3.079120654999273,3.12745537130429,3.1757799091942465,3.2244762813356282,3.2738141513071706,3.3237586032799986,3.3742727888147805,3.4253331300639736,3.4769271294799715,3.5290845492637746,3.581841335969831,3.635242197319989,3.6893399579999997,3.744370654166693,3.8005633645792636,3.857975423347858,3.9166605570431083,3.9766853763053422,4.037734994471192,4.099798717762807,4.162937745511249,4.227240977797414,4.292681358074942
Flagler,Florida,29.474894,-81.286362,208.17262165414326,212.13740102620844,216.19365116938675,220.32809367769943,224.5453566087047,228.84880802523307,233.24066503339222,237.73599910858155,242.34819769478514,247.0794657827767,251.92799818780196,256.8951397119263,261.9829015005808,267.19035067305333,272.52142471286874,277.9831747443698,283.5778663349999,289.3193957727681,295.2207870416405,301.285674741794,307.52229730029563,313.9380814168399,320.4520481994904,327.06356765088276,333.7780553252807,340.60133869830054,347.53767025214916
Flathead,Montana,48.314696,-114.054319,59.01161816500513,59.47479236160584,59.93656415904258,60.397124793565,60.85475313892646,61.30339338055538,61.74368297261718,62.168546173875576,62.58097901890812,62.97524442022594,63.35319099490877,63.712842635043806,64.05126705147005,64.37044035210033,64.66857766527146,64.94306542890519,65.194668588,65.42281343380704,65.62820116590824,65.81510272721202,65.98198822772132,66.12866643118653,66.25762340885281,66.36656432572461,66.46167248720663,66.54046182205363,66.60745825484024
Fleming,Kentucky,38.368431,-83.706152,7.752131372733317,7.794041079713145,7.8350072707096885,7.874468329066224,7.912540322225147,7.949240098686153,7.984535833505363,8.018698974733528,8.051956041088852,8.084192837184471,8.115418723298001,8.145665524373316,8.17491264779967,8.203173197965727,8.230566986424915,8.257079036733055,8.282780486999998,8.30788662361082,8.332667022560747,8.357037441351268,8.38105591370358,8.404896540781262,8.428898164633873,8.45306078526141,8.477459284884768,8.502151697225141,8.527209160392381
Florence,South Carolina,34.028535,-79.710233,81.1509320546094,81.97266777634033,82.79034287022544,83.60167565014186,84.40411372144365,85.19860456396144,85.9829051642186,86.758021011015,87.52520896535052,88.28193596890229,89.0279119768242,89.76186079179327,90.4831829877942,91.19400556036518,91.89245288616803,92.57794487551041,93.2509069275,93.9132146654751,94.5672851298201,95.21298296627353,95.85030817483533,96.47955080035167,97.10428806259148,97.72357248172402,98.3383128649339,98.94866390280565,99.55439355946245
Florence,Wisconsin,45.849646,-88.400322,8.265972630453907,8.319271694492356,8.37249287314848,8.42505801723811,8.476985100311001,8.52819473918903,8.578514687353586,8.627757720327931,8.675985247740437,8.722761411009254,8.767888501086937,8.811173302313497,8.85246303951591,8.891558505850927,8.928248512108787,8.962473146456928,8.994194964,9.02349484571196,9.050606447739781,9.075565717182991,9.098416090120201,9.119141090797454,9.139231026049602,9.158467217687816,9.177030899005578,9.195008942160095,9.212588571628107
Floyd,Georgia,34.263677,-85.21373,89.26347588888527,90.62418970127408,91.9841623398955,93.33770808817786,94.68573056893344,96.02623978136212,97.35855547008839,98.68108360385914,99.9951948464907,101.29917332994631,102.59177022719322,103.87172655813343,105.1399154863833,106.39563645043671,107.63937679742833,108.87331943639907,110.09733237749998,111.31440062193121,112.52809804868062,113.7374296573482,114.94071003909308,116.13707618336414,117.32909681568404,118.51410167987702,119.69086225504105,120.85924655132725,122.01789405798435
Floyd,Indiana,38.317937,-85.911474,116.00756536733067,116.57512516071722,117.13526099519333,117.68103389408897,118.21263038903501,118.73031162431478,119.23361127085097,119.72342468047196,120.2031467288604,120.67227378061287,121.1295374206391,121.57443401353565,122.00877291612235,122.42992403240335,122.83827907880354,123.23312923512545,123.61466103299998,123.9847957482256,124.34571580088398,124.69814866433572,125.04108706777384,125.37391545681632,125.70659462055411,126.03780018440764,126.36904305458737,126.69959575773272,127.03005519506263
Floyd,Iowa,43.052741,-92.787367,12.722730781805405,12.761400782967366,12.79844004387391,12.832771417672124,12.864000093563318,12.892130362969226,12.916780289356344,12.937889792820517,12.955750690039036,12.97005829006944,12.980563690451692,12.98747287942858,12.990382463357978,12.989408310626457,12.984258604556723,12.975143624813299,12.962222153999999,12.945408363682326,12.925234390154152,12.901816101802048,12.875162081469462,12.845177917878448,12.814305429990407,12.78248453790119,12.749637996019754,12.716306523483414,12.68188932125071
Floyd,Kentucky,37.558283,-82.740337,18.36934698284931,18.468655664868017,18.56572860401196,18.659235000950908,18.749449887546447,18.836413187778493,18.920049489684985,19.001002012942205,19.079807513280006,19.156195394834572,19.230187837594745,19.301860253522573,19.371163846642613,19.438129668939226,19.50304162426954,19.56586422465141,19.626766038,19.686257204058556,19.74497650650558,19.80272432544155,19.85963817679724,19.91613060836504,19.973004535740834,20.030259958924614,20.0880743178271,20.14658512837906,20.20596095849566
Floyd,Texas,34.073731,-101.303274,4.883607262794005,4.964761722398996,5.046323389774798,5.127980101362636,5.2097013383788235,5.291480997066627,5.3732434344407825,5.455634994741367,5.539111933784397,5.623615175924317,5.709082375645899,5.795473640539044,5.882767825446491,5.97101528636131,6.060276842859549,6.150628137926472,6.242158547999999,6.335267433163712,6.430342381970345,6.527480400553739,6.626772391290996,6.728331055690422,6.831623622985488,6.936631999897299,7.0434597322990555,7.152257234196036,7.262978727412724
Floyd,Virginia,36.931438,-80.350309,20.870980323087924,21.12780382297168,21.384979798821156,21.641369697318506,21.89730920985965,22.152893449006772,22.40808604819197,22.663334595943162,22.918921632518582,23.17476043764095,23.430274741080577,23.68544496083938,23.93971440868578,24.19309147690467,24.445190120390727,24.69610265427783,24.94577313,25.195222608886514,25.445091702017947,25.695173399700128,25.94553484021225,26.195969013860157,26.44871666071168,26.703629517066936,26.961032084608675,27.2213132058705,27.484786192821947
Fluvanna,Virginia,37.830606,-78.284445,38.349230918770104,38.82112938975442,39.29367551513703,39.764777268409155,40.23505146328346,40.70467286364521,41.17357464800886,41.64257923465794,42.11220577513397,42.58229492589448,43.05178782339942,43.52064848684889,43.987854033502714,44.45341988370372,44.91663670168237,45.37767411120961,45.83642931,46.2947784397629,46.75389858666662,47.21340938225502,47.67343418927065,48.133592639257344,48.59800196374713,49.066389736683554,49.539352211322196,50.0176038635469,50.50172038615615
Foard,Texas,33.980404,-99.777427,1.1089041953536438,1.1273316642070965,1.145851596352771,1.164393109866437,1.182949274951034,1.2015187056471481,1.220084225957778,1.2387925990849773,1.2577474254948173,1.2769352910801293,1.2963420392554865,1.315958611786159,1.3357802073127538,1.355818260000423,1.376086579944739,1.3966023431427046,1.4173858439999998,1.4385277638610312,1.4601161111484813,1.4821729127172947,1.5047188094630062,1.5277793921361926,1.5512336862795786,1.5750775835134783,1.5993345956493494,1.6240388766869973,1.6491800319308276
Fond du Lac,Wisconsin,43.754722,-88.493284,219.1450712274832,220.55812056931518,221.96910503645907,223.3626969052688,224.7393726852877,226.09702779269915,227.43109567771214,228.7366126992496,230.01520693158471,231.25532301829023,232.4517193543884,233.59927346228793,234.69393501086967,235.73042268602765,236.70313750062698,237.61049108952295,238.45149072450002,239.22828069850354,239.94705563559788,240.60876855486973,241.21457102104893,241.76402623372084,242.29664477585916,242.8066291146859,243.29878405476356,243.77541272555212,244.24147876812856
Ford,Illinois,40.594423,-88.224746,20.663957869480736,20.743870048393678,20.821614624563118,20.89585869381521,20.966861976448538,21.03476331664787,21.099242556057735,21.16162116462499,21.22280244628118,21.28205951088248,21.33929271730804,21.393794776946017,21.445585291328378,21.494164421389918,21.53980332165621,21.58232067795654,21.621665852999996,21.658557569625412,21.693992239041187,21.727840817828522,21.760268285548147,21.791197869533192,21.821813829006746,21.852295844678515,21.88241033162588,21.912252030586686,21.942105163774475
Ford,Kansas,37.688365,-99.884734,38.05269514982773,38.21013176508895,38.366957353529024,38.52032508564026,38.67144312809176,38.81771461689361,38.959486726376014,39.09756490098502,39.23283790700598,39.36462528275169,39.49255207994552,39.615229601266655,39.73229678541168,39.84421190249647,39.94904466324508,40.04797546038022,40.1412125985,40.22918657377387,40.31231399539808,40.391469742684755,40.4659872409199,40.53610256864804,40.60241286571714,40.66433487925245,40.72235465331626,40.777555371818806,40.82886773782307
Forest,Pennsylvania,41.513304,-79.249705,24.229504383681476,24.29808359926251,24.36503598202732,24.429151184003263,24.490712727736422,24.55005888495423,24.606798590075844,24.661338551305338,24.713831284219214,24.763760582250796,24.81064152407986,24.854051758879123,24.893510275984173,24.928430477023763,24.958650069781864,24.983760390726516,25.003470095999997,25.01830125815271,25.028621478830633,25.03434081295017,25.035488590429885,25.032000285448945,25.025326751312196,25.015364355640735,25.00205052794161,24.985441972724058,24.965986460078106
Forest,Wisconsin,45.666882,-88.773225,19.26700973421977,19.391243582015267,19.51529588814756,19.637819054885885,19.758854976460206,19.87821862002148,19.995508499199165,20.110288215764374,20.222700908336165,20.331730641837737,20.436916579739403,20.53780835906896,20.634049878871647,20.725176811431943,20.810696899547683,20.89047049578563,20.9644103205,21.032704897725672,21.09589885245228,21.154075973139776,21.207337504177236,21.255645042520538,21.302472318071498,21.347309617698805,21.390579374887995,21.432484078417275,21.473460126515516
Forrest,Mississippi,31.18858,-89.259447,28.169998381383078,28.291287119645077,28.409286507325415,28.52245375167339,28.630468650419992,28.73391338950889,28.831904986925522,28.925307018486325,29.01441057716313,29.09802218177142,29.176180644707447,29.249109137249622,29.317156970964138,29.380430879940665,29.438406896829896,29.492482267896627,29.544112458,29.593598263210893,29.642065243020387,29.689794787301253,29.73655402167602,29.7828863196921,29.82865583796265,29.873309499841188,29.91814752060189,29.962248105833947,30.00596056710357
Forsyth,Georgia,34.225143,-84.127336,161.7327394644249,164.19815961878535,166.66223687155443,169.11466951189473,171.55709477599285,173.98590706505573,176.39987385296524,178.79610698150455,181.1770898988219,183.53971369575382,185.88171567509852,188.20081474374203,190.49859295013437,192.77378097633297,195.02726182612403,197.26299062063262,199.48072821299996,201.68588300141582,203.88493034697802,206.07606745029,208.2562405899249,210.42388611334493,212.58365818633916,214.73071868399634,216.86284170093927,218.97978809030897,221.07909279986947
Forsyth,North Carolina,36.131667,-80.257289,347.5009072261133,352.6239654595197,357.7899751745717,362.97579929955253,368.1884883606947,373.42901484437516,378.6952311765115,383.99167562686245,389.3337458963955,394.7218877080332,400.1562226225727,405.6390602951592,411.1767218872423,416.7732999456581,422.435966557436,428.1572659936867,433.9432357739999,439.79578035086377,445.72470562857836,451.7278235127959,457.7950444573561,463.9227216383458,470.1168115348233,476.3667383574399,482.6753790450606,489.0460562594733,495.47123323125686
Fort Bend,Texas,29.526602,-95.771015,489.6331555173869,497.7697463615012,505.9471640811289,514.1341109858337,522.3275272455448,530.5268008942484,538.7243479245552,546.9849711661743,555.3544150786616,563.826756705238,572.3957452501871,581.0573810784884,589.8095441650219,598.6572832294033,607.6066960758454,616.6653667117371,625.842256068,635.1774042067002,644.7096709697348,654.4487822455425,664.4038519565478,674.5861796180831,684.942349339487,695.4705470786463,706.1811544018718,717.0892519002261,728.1902498286031
Foster,North Dakota,47.464327,-98.872817,3.698602465544306,3.7009378720269037,3.7033315180726563,3.705160240355786,3.706668645041554,3.707600478052066,3.707664541571539,3.7071345615468103,3.706080425453668,3.704537077030007,3.7020502476832013,3.6989868466611417,3.6950847959296214,3.6902509121875884,3.6843920121339915,3.677653694676723,3.669744761999999,3.6607118057543446,3.650805256061335,3.6398445702751823,3.6281500659932515,3.615378129792916,3.601458874198387,3.586048685787037,3.569380522811496,3.551669871655445,3.5326138865904655
Fountain,Indiana,40.121282,-87.234806,29.83515792574155,29.981124578988435,30.12518191721932,30.265545354539817,30.40226286368902,30.535401606501694,30.664841651130068,30.79081326672182,30.914189557128484,31.034840995954507,31.15244136857403,31.266861148591495,31.37856567157615,31.48687852190673,31.591900442335326,31.69344913645338,31.791572576999997,31.886764883187855,31.979587336064384,32.07022702931206,32.15842491013974,32.24402266850844,32.329582048685864,32.414762444224415,32.4999524343108,32.584964925262526,32.66995342984471
Franklin,Alabama,34.441988,-87.842815,14.311740712961928,14.356005819484238,14.40070853505448,14.444751665972767,14.488610874247719,14.532102237236002,14.575330400579519,14.618108270554876,14.660816376768963,14.703210546057363,14.745306633820357,14.787098297897835,14.82882336929411,14.870494532329403,14.912064220802856,14.953729041678038,14.99576805,15.038412734612939,15.082094362404675,15.127139554621122,15.173488060741194,15.221476015250984,15.26902318963278,15.316240571688601,15.363204267339823,15.409920618746565,15.4566147725929
Franklin,Arkansas,35.508573,-93.887672,10.270316844376632,10.34559323253721,10.420433743363594,10.49434661781207,10.567529304589582,10.639728473279677,10.710806282332221,10.781317823395039,10.85148662330618,10.9215697379294,10.991138740825109,11.060528922250375,11.129282052187202,11.197673813735848,11.265711657790913,11.333328526300985,11.4006846135,11.468059327935515,11.535482473185947,11.603080714459514,11.671029147779361,11.738903072153187,11.806575822372778,11.873682304602635,11.940207617053568,12.00622254322428,12.071224147729168
Franklin,Florida,29.810176,-84.799174,22.080318984802112,22.500852638766496,22.931088355316806,23.369617729076325,23.816931645860663,24.273387347179607,24.739219995609737,25.216028182655283,25.705231879065565,26.20706496237578,26.72133596141701,27.248187515784885,27.78783294235216,28.340173292930867,28.9056262059767,29.484939575585674,30.078353704499992,30.68734253520787,31.313287487216584,31.956574072946754,32.61807612055182,33.298581360411276,33.98950057579342,34.69076694454535,35.40295488017381,36.12668248759319,36.86240081633566
Franklin,Georgia,34.375155,-83.227291,26.526135162652835,26.930494035592584,27.334632656348145,27.73686141912303,28.137448850552747,28.535803588608523,28.931723484025415,29.324734843749773,29.71524498346468,30.10274400427797,30.48686079634507,30.86722123266818,31.24408478842318,31.61724328003873,31.986841530868794,32.35352822885312,32.717264150999995,33.078936340352584,33.4396068348401,33.798979953448175,34.15655484874426,34.51207506270568,34.86630393509406,35.218447954615705,35.56814204573243,35.91534698545252,36.25965847524612
Franklin,Idaho,42.173589,-111.822955,7.776743834357351,7.895701790851216,8.016943623390787,8.13948170990225,8.263388999743329,8.388401752928395,8.51426184096089,8.640873868526864,8.767379277800774,8.894198930461808,9.02079973504967,9.146979677958345,9.272923938326677,9.398486617439216,9.523274911062051,9.647490832801196,9.771471072,9.895625267359533,10.01968967889417,10.144438692093617,10.269563675059802,10.395996134975988,10.523708014396897,10.6528676579942,10.784069883607815,10.917180015500403,11.052523520037195
Franklin,Illinois,37.991848,-88.926246,61.91696461533482,62.15641146212666,62.38936335847305,62.61182642376848,62.82457887739564,63.02803674858428,63.221240722875216,63.40815041964327,63.59147247611252,63.76902885690374,63.94052099986381,64.10382960315184,64.25901340030612,64.40457468609964,64.5413259411457,64.66872388021493,64.78661677499998,64.89715818857248,65.00333374246348,65.1047567742124,65.20192162443341,65.29459825343476,65.38633514582304,65.47767069236616,65.56790498506587,65.65732190269064,65.74677308154612
Franklin,Indiana,39.409762,-85.066964,27.853707455867184,27.989979986013342,28.124470005001704,28.255511447127,28.383149099101736,28.507445662323423,28.628289170010795,28.745894598383877,28.861077065610317,28.973715647566337,29.08350579460689,29.190326582608208,29.294612442681597,29.395731882180726,29.493778953201847,29.588583466237434,29.680190207999996,29.769060481628355,29.855718291658857,29.94033830627026,30.02267867721506,30.102591608341942,30.182468710098828,30.261991996826907,30.341524240897485,30.42089077413178,30.500234914009823
Franklin,Iowa,42.736549,-93.271425,6.987244248334678,7.008481571346212,7.028823301999032,7.047677877971984,7.064828471641382,7.08027743982922,7.0938150253778,7.105408232779168,7.115217325929097,7.123074970465826,7.12884447071355,7.132638954128106,7.134236879441814,7.133701880848581,7.130873694452638,7.125867804531819,7.118771413499999,7.109537384917245,7.098457964711138,7.085596787075589,7.070958565654587,7.0544914503642095,7.037536472920531,7.020060637815602,7.002021522253478,6.983716085805738,6.964814373392854
Franklin,Kansas,38.558019,-95.278962,29.38164001623593,29.50320160173643,29.624291394896623,29.742711272312828,29.859394096112457,29.972334748849217,30.081801294352843,30.18841564070827,30.292864031319567,30.394621061080503,30.493397221054973,30.58812025592411,30.678511379305004,30.764924435452887,30.845868989474514,30.922256458390944,30.994247680499992,31.062175054950522,31.126360258338195,31.187478811513884,31.245016031924546,31.299154202974382,31.35035439445051,31.39816625911901,31.442965086341477,31.485587235266618,31.525207069298936
Franklin,Kentucky,38.234919,-84.868786,25.95794847645748,26.098282787389348,26.23545774277068,26.36759277382141,26.495076531422757,26.61796543263812,26.73615291190329,26.850547910795306,26.9619089253888,27.069853573365158,27.17441319753738,27.275694363469665,27.373628116973418,27.46825833798684,27.55998621451634,27.64876159806112,27.734822693999995,27.81889038703199,27.90186735017154,27.98347149810163,28.063897156262875,28.1437273009771,28.224096542074946,28.30500487955641,28.38670305592551,28.46938539662284,28.55329010702723
Franklin,Louisiana,32.138279,-91.672101,3.308901605261481,3.3218599293350617,3.3344812549309273,3.34656631338399,3.358067485344141,3.3689855034167655,3.3792734808571367,3.389123360276477,3.3985534568094455,3.4075542465860185,3.4160290256951984,3.4239931788500995,3.431439379996859,3.4384196441179062,3.44498818401183,3.451272473015854,3.457282035,3.463277677481807,3.4693670934530636,3.475711456098768,3.4822155267186936,3.488958426694566,3.4954156105697667,3.501574624052727,3.507439862775765,3.5130677373536283,3.518434804413954
Franklin,Maine,44.973012,-70.444727,19.985945228664395,20.11003180113264,20.2334320540629,20.354010771114762,20.471935719286403,20.586322308951083,20.698390663731892,20.806295346648916,20.909594062888768,21.0072954620077,21.09848445128838,21.18253571737399,21.2598763035326,21.32913357068825,21.389758463210526,21.441217177014348,21.484318044,21.518984806441043,21.54440913243718,21.5616738817039,21.57094682123939,21.57181615932084,21.568659089446093,21.562055170336116,21.551516352541675,21.53844577822933,21.52140980214194
Franklin,Massachusetts,42.583791,-72.591655,126.44933964480083,127.03890642789307,127.60432772973547,128.1378668626314,128.6440645022315,129.12492790000366,129.58349716496724,130.027275130279,130.46154301096615,130.88653466156862,131.30275676692295,131.71038471793406,132.10879490249553,132.49839656605224,132.87881943891588,133.24636082420398,133.600046328,133.9426822047834,134.27808807870667,134.60501672555674,134.91959005754615,135.2192941383704,135.51517859504213,135.8069705972647,136.0945921935249,136.3743017111834,136.6491782350163
Franklin,Mississippi,31.477798,-90.895884,1.8800585713651974,1.8881533510983137,1.896028600405068,1.9035813536872552,1.9107902407263795,1.9176941164651597,1.9242340509071396,1.9304676788840178,1.9364144278671545,1.9419946452239756,1.9472109212839959,1.9520781504419245,1.956619645663392,1.9608425303545642,1.964711835066994,1.9683208116632065,1.9717665974999998,1.9750692676311112,1.9783039416124648,1.9814893993330405,1.9846100988157516,1.9877023046738023,1.9907569507538907,1.993737124860435,1.9967296030321735,1.9996728649431348,2.0025902235589506
Franklin,Missouri,38.408313,-91.07341,149.75721669536725,150.59115159085675,151.42728063942593,152.25578239395628,153.07681357966783,153.8890420321908,154.68982954365543,155.48207553063148,156.26763457488855,157.04117801894748,157.79923178709893,158.54208320891266,159.26518725300951,159.96841331503947,160.6496194836629,161.3084923084398,161.94631171199998,162.56702194571292,163.18013100625697,163.7817991257428,164.37576158857988,164.96285426260798,165.55323816625565,166.14547665167296,166.7438274206693,167.34873452803467,167.96171298422877
Franklin,Nebraska,40.183203,-98.96208,2.87058800237236,2.879497032845406,2.8883680963551606,2.8968710453947493,2.905015784389377,2.912780853751098,2.920149746104568,2.92717693578842,2.933931753779101,2.9404290567144185,2.946573101817379,2.952357286137844,2.9578047200012962,2.9628543261189626,2.9675094059659126,2.9717732610172143,2.9757482370000004,2.979431032439201,2.9829190408493442,2.9862122622304312,2.989404788621921,2.9924355427350418,2.9953887121840466,2.998048050351932,3.0004861896902097,3.0027427478997066,3.004750044741512
Franklin,New York,44.594374,-74.31067,66.26886375663078,66.44547243435356,66.60663082862857,66.74996170736654,66.87684862654396,66.98855438288741,67.08580698216014,67.17251557379184,67.25246164743388,67.32405808151724,67.38744978714175,67.44127736018088,67.48481969539999,67.51735223730024,67.5388439335031,67.54844601899556,67.545547797,67.53346842175418,67.51556845066727,67.49084730709792,67.45875639902556,67.41878163707241,67.37706794192191,67.33450203149414,67.29119776451036,67.24635122939321,67.2022775534749
Franklin,North Carolina,36.088241,-78.28309,53.16990452646997,53.95376583874137,54.74419900775005,55.537663910668655,56.335239323980495,57.13707404444187,57.94283947921592,58.75323001316544,59.570601594932114,60.39502242302926,61.226511097051386,62.06542100929479,62.91271933867545,63.76903227154293,64.63545718397505,65.51085330084003,66.39614440199999,67.29162188110274,68.19878610544113,69.11730228231345,70.04562664537289,70.9832012067833,71.93093734667714,72.88721690032942,73.85248005814428,74.82723520903909,75.81032917815243
Franklin,Ohio,39.969447,-83.008258,1144.4085146118202,1146.7843021715803,1149.065170134159,1151.1818771512974,1153.151109089026,1154.9718667936902,1156.638355174094,1158.1562694060674,1159.527208135459,1160.7286904050404,1161.7443300948783,1162.559839307712,1163.16822396796,1163.5591927929806,1163.7345442593519,1163.685485814914,1163.420310435,1162.9563034778325,1162.3327316820353,1161.5558897156322,1160.6410646295376,1159.591553630811,1158.5166641292592,1157.414997309766,1156.2980434393583,1155.1740954933687,1154.075226304108
Franklin,Pennsylvania,39.926686,-77.724485,414.4544916511339,415.627564095431,416.7728089722643,417.8695228390137,418.92255545202795,419.93769307233015,420.9082463808184,421.8411722693589,422.73907957240107,423.59313838873067,424.39505396266105,425.1376018295627,425.81255412694003,426.40987687614034,426.9267940097362,427.3563151892664,427.69345687199996,427.94714929893786,428.12368043003585,428.2215117219005,428.24114487346446,428.18147614707595,428.06732291660273,427.89691251248297,427.6691746436603,427.38507926140437,427.052285636087
Franklin,Tennessee,35.155926,-86.099203,14.972051592124552,15.1052211598132,15.23922634495231,15.373391057059237,15.507897612668623,15.642675110905886,15.777602007414595,15.91324804136552,16.04991200930155,16.18732296859482,16.325339117496146,16.46423899515569,16.603693418941447,16.74393028452173,16.88487109449968,17.026862756725922,17.1698369025,17.31414803619481,17.460173451750105,17.608189156141965,17.75831669372681,17.910383876666362,18.06378551535256,18.21834182542485,18.373976841660475,18.53083996233086,18.689050199618354
Franklin,Texas,33.175846,-95.219066,8.682157732284981,8.826435472294271,8.971437153010866,9.11660780489897,9.261893171160397,9.407282400435504,9.55264101337449,9.699118091453347,9.847524773805047,9.997756034770225,10.14970103546116,10.30328885449163,10.458481899651469,10.615369694657689,10.774060365558118,10.934688391702554,11.097412667999999,11.262943183409638,11.43196899926852,11.604662574685177,11.781185517408511,11.961738190043278,12.14537342391246,12.33205905248571,12.521979161328316,12.715401158945657,12.912243660140442
Franklin,Vermont,44.858964,-72.909402,122.38618667134125,123.22712751258825,124.06884953436591,124.90764212915366,125.75151239739061,126.5944061899643,127.43241760422137,128.26339839370254,129.08402854115263,129.89333157090823,130.69247925376538,131.46662915964163,132.21968719119027,132.9430603625742,133.62522626096612,134.27555905273402,134.8876139985,135.45455576862076,135.98771148079084,136.4835658226223,136.93489287420655,137.34872326031956,137.7330640814004,138.08186118833657,138.41464409439436,138.72340569913464,139.0241602034357
Franklin,Virginia,36.99235,-79.883959,70.95738629881603,71.83053763189965,72.70488731661185,73.57656448697769,74.44671043026254,75.31564851119151,76.18325509031096,77.05105188397462,77.91999947563085,78.78980303273606,79.6585033454848,80.52603383878655,81.39050187792625,82.25193599508557,83.10902370990938,83.96207887639558,84.81091128,85.65899233615474,86.50850000139113,87.3587304818956,88.20991203512122,89.0613408672543,89.92063507079109,90.7872905771894,91.66241063080572,92.54731722272243,93.44307555438718
Franklin,Washington,46.53458,-118.906944,123.13325413633639,124.3284004587877,125.57692800655947,126.8745085721932,128.22384728535047,129.6283305676075,131.08783819097928,132.60453425919516,134.18194545981368,135.82007179283494,137.51817185235168,139.2763057523564,141.0924696930998,142.96662359858692,144.89622264313618,146.88228876461974,148.92512253299998,151.03394142712347,153.21625969605,155.47291893567422,157.8105116471713,160.2318431501901,162.68413335933502,165.16766280657097,167.68499635557703,170.236695070283,172.82374081256592
Frederick,Maryland,39.470427,-77.397627,1481.846782911211,1498.1849878953699,1514.5207853242725,1530.8065591050643,1547.0800276034322,1563.3526935833818,1579.6157293423043,1595.8803701380648,1612.1704240170902,1628.441217454062,1644.6627897613419,1660.7829772417012,1676.7407884953034,1692.508670389768,1708.0192113779055,1723.2448583273356,1738.154848032,1752.7879688821454,1767.1985246241172,1781.3825026658203,1795.3340178721835,1809.0723306852608,1822.8325790017866,1836.6187754138573,1850.4616831275298,1864.4113257909157,1878.4952565363965
Frederick,Virginia,39.203637,-78.263916,129.0861556283677,130.67459842127008,132.26522126353586,133.85098224968172,135.43395761719654,137.01473563336887,138.59309137247078,140.17179315115416,141.75258846930558,143.3349409655737,144.91528643226917,146.49350375553848,148.06614984154572,149.63327659622826,151.19249634647363,152.74438005759137,154.28858169,155.8314164660617,157.37684653898467,158.92359156231723,160.47206678355727,162.02099185625326,163.584225665644,165.1608512068384,166.75287550940922,168.36270354844785,169.9922731456106
Freeborn,Minnesota,43.674202,-93.350289,57.183369191103765,57.72027809383512,58.26380145546997,58.809533354816274,59.35820997111117,59.90977553320036,60.4630253841503,61.017903752806646,61.57338444992977,62.12715854973041,62.67863487797267,63.22453409078194,63.764053083535934,64.29450368659592,64.81512741226301,65.32353725513192,65.81853971249998,66.30294565054542,66.7772681638881,67.24087146136856,67.69435787145368,68.13882050876822,68.58095191183182,69.02100862795432,69.45989414983592,69.89969431864851,70.34002989054268
Freestone,Texas,31.701654,-96.144237,14.698516592483248,14.942772550603742,15.188254108952473,15.434021728168181,15.679983553844039,15.926121215098677,16.172207044223754,16.42018638633528,16.67143246481533,16.925767475776393,17.183003773787394,17.443021292016535,17.70575638848196,17.971360622954915,18.240017048146164,18.511953331764047,18.787438475999995,19.067674461377628,19.35382783886366,19.646190574251204,19.945036262452042,20.25070410866852,20.561590597398595,20.877641272101076,21.19916778165628,21.52662283706927,21.859868656729816
Fremont,Colorado,38.455658,-105.421438,63.051922880688416,63.64529819833526,64.23892159411,64.82878247161194,65.41721000881945,66.00339106075786,66.58904839220409,67.17722785128373,67.77156791720567,68.37190320455133,68.97901929405894,69.59270945395534,70.21307015906801,70.83876454393003,71.47123973095405,72.10953097186498,72.75396903749999,73.40600105027171,74.06872798677857,74.7415158695827,75.4237582854826,76.11592382649764,76.82508271927225,77.54991188045783,78.2918033039941,79.0528380897316,79.830948919938
Fremont,Idaho,44.218091,-111.484429,7.1916397416505795,7.301647578571634,7.413767458024266,7.527086064319142,7.641670858274225,7.757277943086116,7.873668611245101,7.990754644758463,8.107742081691729,8.225020119071598,8.342095773997581,8.458782231896864,8.575250739461191,8.691366375054638,8.806765888118955,8.921636093226953,9.036288348,9.151101470877416,9.265831565055802,9.38119475306429,9.496905623749969,9.613825599865272,9.731928734941754,9.851370707790089,9.972701583541362,10.09579681914702,10.22095739364105
Fremont,Iowa,40.743726,-95.599516,5.580018545837178,5.596978688070154,5.613223609567526,5.628280888211828,5.641977365298652,5.654314922987826,5.665126049054434,5.67438439326085,5.68221794247555,5.6884930633505615,5.693100590615717,5.696130867942884,5.697406972307987,5.696979722026456,5.694721130229811,5.690723422749749,5.6850562395,5.677681937283952,5.668833903920595,5.6585629577253505,5.6468728630178795,5.633722212281912,5.620181954461024,5.606225739317586,5.591819687974649,5.5772009525708635,5.56210603072995
Fremont,Wyoming,43.055303,-108.605531,20.580498281602964,20.70363410744287,20.82068864788332,20.931335390956555,21.035860034634382,21.132140251126366,21.218625108585677,21.298008330746306,21.37245305939463,21.43942882678053,21.4990988888879,21.54999394186184,21.592767009637846,21.625132508441638,21.648110788172445,21.663416036661005,21.670109531999994,21.669170810092698,21.66015091698344,21.64423345855535,21.62137762081245,21.591869101726513,21.555258947341898,21.51224099559007,21.4627336184791,21.40743065394047,21.344862798119262
Fresno,California,36.761006,-119.655019,1163.5754519789168,1176.9948261915779,1190.4020512383809,1203.7167858612283,1216.951571134555,1230.1260024871651,1243.2363567875861,1256.38975571328,1269.7139941190972,1283.1794829075443,1296.7508849886774,1310.3865600762879,1324.0519548975842,1337.7127447931118,1351.341038935873,1364.9261578171686,1378.432045848,1391.9627220962686,1405.5931717361977,1419.314446188634,1433.1040760285484,1446.9649025931176,1460.8652139467272,1474.7889418377574,1488.7478108644432,1502.758542459364,1516.8449450685162
Frio,Texas,28.869334,-99.108788,17.187163335051103,17.472774949077735,17.75981967311745,18.04719889178549,18.334805198549816,18.622617112104027,18.910368417686602,19.200333832208017,19.494119083322133,19.791516262670513,20.092305954052012,20.396347761785474,20.703567268488,21.014141694937432,21.32828508700832,21.646263659462196,21.968391959999998,22.296075479812295,22.63067828185587,22.972541765464676,23.321985848666255,23.679407168439603,24.04293071361129,24.4124928074516,24.788457864979936,25.171355246961287,25.561023843597624
Frontier,Nebraska,40.530947,-100.406683,2.4335501240769033,2.441102783042651,2.4486232553943146,2.455831657531162,2.4627363859612155,2.4693192482504274,2.475566250218761,2.4815235726603375,2.48724999113131,2.4927581003937123,2.4979667342033305,2.502870294888152,2.5074883743002263,2.5117691939734192,2.5157155527437376,2.519330249447189,2.5227000480000004,2.5258221495661624,2.5287791198078944,2.5315709587251947,2.534277433144271,2.536846764598989,2.5393503234075347,2.5416047858114292,2.543671726202833,2.545584730613835,2.547286422906285
Fulton,Arkansas,36.383443,-91.819239,6.050751476798954,6.095100519163711,6.139192764638597,6.182738493655559,6.2258540330108625,6.268390133230052,6.310265585040265,6.3518074203781705,6.393147329956522,6.434436758094987,6.475423297594116,6.516304484523046,6.556810352920627,6.597103321332593,6.637187779449365,6.677024220057122,6.7167070214999995,6.75640079716894,6.79612310582564,6.835948572207335,6.875980354039006,6.915968238966429,6.9558376022523705,6.995373349066008,7.034566700026488,7.073459357192848,7.111755016461393
Fulton,Georgia,33.790034,-84.468182,1090.2459559161146,1106.865437919737,1123.475867377573,1140.0078001027696,1156.4722727607384,1172.8449798860795,1189.1176129778667,1205.2707028622856,1221.3209905486667,1237.2475187734783,1253.035034617107,1268.6681611524648,1284.1575630225325,1299.4946837114294,1314.6854755780291,1329.7566002297845,1344.7064455695,1359.5714697952733,1374.395323538842,1389.1658540675048,1403.8624761401604,1418.4746491213036,1433.0337469024948,1447.5071555174084,1461.8798700613859,1476.1502784372317,1490.3017636430918
Fulton,Illinois,40.465688,-90.206793,55.75569993225122,55.971319780904835,56.18109098193237,56.381417079822974,56.57299885451074,56.75621093677808,56.930189472114996,57.09850006408556,57.26358001648574,57.42346802698424,57.57789524290193,57.724953250959175,57.864694940207606,57.99577163983064,58.118914981709175,58.23363574211565,58.339797291,58.43933889358865,58.53494907667279,58.626279653995894,58.71377577507579,58.797230291126986,58.87983858235209,58.96208546505774,59.04334067804531,59.12385985173103,59.20440987736353
Fulton,Indiana,41.050384,-86.265006,30.247385440355778,30.39536889106137,30.541416646056543,30.68371946211448,30.822325974805796,30.957304273929346,31.088532770558597,31.216244915432494,31.341325875936207,31.463644336029066,31.582869573830923,31.698870273301097,31.812118199474554,31.921927590805634,32.028400581992635,32.131352357867215,32.230831554,32.3273391167683,32.42144408234829,32.51333612946538,32.60275262603823,32.689533074683844,32.77627461487295,32.86263193405422,32.948998980349614,33.03518607503373,33.121348851932545
Fulton,Kentucky,36.55262,-89.187723,3.7189037931887508,3.739008995327987,3.7586615677321897,3.7775920879400307,3.7958562365935187,3.8134620963664925,3.8303943999861443,3.846783368308783,3.8627376683938115,3.8782025176740906,3.8931824065239793,3.9076926022162843,3.9217232259274235,3.9352805641814954,3.948422093770249,3.9611406300947167,3.9734702999999993,3.9855143820962735,3.997402199164977,4.00909333783691,4.020615638433077,4.03205262191649,4.043566839838817,4.055158292200058,4.066862901995059,4.07870850954482,4.090729241694445
Fulton,New York,43.115609,-74.423678,61.57996440314938,61.74407701155922,61.893832532027616,62.0270219351683,62.14493088249634,62.248732820681354,62.33910424493455,62.41967771011025,62.49396714394039,62.56049772274191,62.619404104329305,62.66942307015661,62.70988453728952,62.7401152166553,62.76008625300799,62.76900893629095,62.76631578,62.755091089316,62.73845764308099,62.71548566114697,62.685665367501734,62.648519047517425,62.60975683375855,62.5702027038046,62.529962460224176,62.488289072760345,62.44733386030743
Fulton,Ohio,41.597264,-84.124267,41.90435302218679,41.991346293679236,42.074863931900694,42.15237055384398,42.22447713925255,42.291147102513,42.35216824706774,42.40774911091304,42.45794823103027,42.50194243111846,42.53913170711815,42.56899288475805,42.59126986474449,42.60558581525967,42.61200659040767,42.61021023679076,42.60050041499999,42.583510056146814,42.56067697483701,42.53223166043489,42.49873387282512,42.460304344531885,42.42094554165882,42.3806062443472,42.33970718715087,42.29855203066089,42.258315173066734
Fulton,Pennsylvania,39.910751,-78.122617,42.07961698818245,42.198719181908864,42.314996039188976,42.42634553687348,42.53326007133822,42.63632712239717,42.73486752263531,42.82958760616425,42.92075224827583,43.007464947982264,43.088883537688986,43.16427451658785,43.23280250875844,43.29344876307827,43.34593142507016,43.38954076478545,43.423770802499995,43.44952822671277,43.46745145479386,43.477384278237814,43.47937763460076,43.473319461259216,43.46172946932273,43.44442767942634,43.421305424783654,43.392461184669834,43.35867260577503
Furnas,Nebraska,40.191991,-99.909661,5.259856755520649,5.276181015247249,5.292435707070623,5.308015892701847,5.322939720289588,5.33716786884507,5.350670091453842,5.363546202933578,5.375923240324951,5.387828425850966,5.399086327407832,5.409684846229772,5.4196663279970085,5.428918859126092,5.437448488999915,5.44526126700136,5.452544724,5.459292810612941,5.465683983635418,5.4717182430674285,5.477567996321318,5.483121329813637,5.488532502808057,5.493405280725336,5.497872749989036,5.502007503193828,5.505685527990482
Gadsden,Florida,30.57917,-84.612783,88.73263848130264,90.42260775720517,92.15156603560138,93.91385345599684,95.7114427069945,97.54576941014317,99.41777859689401,101.33389441547247,103.29982320332962,105.3165048278103,107.38316983707728,109.50039144692879,111.66902689900901,113.88867855713362,116.16102475584705,118.48907100501039,120.87378299249997,123.32108394823108,125.83652528646601,128.421656239092,131.07998839838655,133.8146873615058,136.59123624200373,139.4093665063532,142.27138651006607,145.17978018826807,148.1363601422673
Gage,Nebraska,40.255234,-96.683453,20.103742401590996,20.16613549092671,20.228262684198917,20.287811841724995,20.344852327695417,20.399233853030825,20.450840810747078,20.50005470389181,20.547361081798368,20.592863990752484,20.635892910246188,20.67640159748583,20.71455190224918,20.749916078694977,20.782517248220024,20.812378532221167,20.840216694,20.866008612159717,20.890436367906677,20.913499961240884,20.935858351971902,20.957083794258423,20.977765883719528,20.996390168863087,21.013465320419293,21.029268795150056,21.043326604420432
Gaines,Texas,32.743942,-102.631562,17.210159044171338,17.496152794648847,17.78358157258098,18.07134529268133,18.359336404712394,18.647533398626667,18.93566970347835,19.22602307965448,19.520201403205665,19.817996487600745,20.11918862306883,20.42363722608519,20.731267779699557,21.042257741803798,21.356821444656944,21.67522545920478,21.997784753999998,22.325906700721855,22.6609571873866,23.003278070106276,23.353189694945435,23.711089229566856,24.075099154110166,24.445155706648887,24.821623789774506,25.2050334725147,25.59522342951323
Gallatin,Illinois,37.768677,-88.227964,7.8857321285768585,7.9162280307026105,7.945896737249259,7.974229588388207,8.001325697983116,8.0272380514328,8.051844470641171,8.075649251933395,8.098997112080568,8.12161065693597,8.143451861683976,8.164250812469469,8.184014989584043,8.20255364559197,8.219970257860346,8.236195633691898,8.251210448999998,8.26528898114321,8.278811478277706,8.29172869515048,8.304103590882471,8.315906867664925,8.32759045978182,8.339222936572808,8.350715157896351,8.36210327849517,8.373495762597418
Gallatin,Kentucky,38.760184,-84.862114,4.1605872984893875,4.183080337649817,4.2050669895436705,4.226245833178936,4.246679162227297,4.266376019318513,4.285319323929705,4.303654762873676,4.32150390928387,4.338805474225247,4.355564481381005,4.371798011274027,4.3874950118012706,4.402662516119215,4.417364827372825,4.43159390766898,4.445387937,4.458862460079489,4.472162158983611,4.4852418205635685,4.498132591655198,4.510927912766024,4.523809641227894,4.536777777040806,4.549872509670362,4.5631249859524035,4.576573385879252
Gallatin,Montana,45.535559,-111.173443,62.82256483018459,63.315650630886644,63.80724346604845,64.29754692188004,64.78472872249112,65.26234197123061,65.7310652887986,66.18336598542388,66.62243357839697,67.0421604814168,67.44451469451376,67.82739249351748,68.18767222320743,68.52745760775397,68.8448485091968,69.13706258266542,69.40491417299998,69.64779252157042,69.86644411114682,70.0654157004199,70.24307859970948,70.39922922280547,70.53651419043833,70.65249046808762,70.75374067654447,70.8376181950784,70.90894123066029
Gallia,Ohio,38.817046,-82.301746,28.238745530933393,28.2973690552073,28.35365039981681,28.40588100633304,28.454472605286462,28.4994005421543,28.540521820704416,28.577976971716666,28.611805442427503,28.641452506074312,28.666513828483446,28.686636849979102,28.7016489889018,28.711296303666867,28.71562317241532,28.714412635346665,28.707869325,28.696419764619478,28.681032876950482,28.66186398548654,28.63929030442623,28.613393193694744,28.58686985808457,28.559685781263806,28.532124490244456,28.504390617565623,28.477275573408658
Galveston,Texas,29.228706,-94.894865,302.86030265696246,307.89315294064147,312.9512564975827,318.0152542874695,323.0832536666956,328.15487610653963,333.2254305546343,338.33500049878626,343.51188096091107,348.75240832374175,354.0527161867684,359.4103305944198,364.82394021505434,370.29666791062243,375.8322854494541,381.43548388391656,387.11180595599996,392.88601825918204,398.78215736726384,404.80623918313717,410.9639010809724,417.2621323232303,423.66789276009655,430.18006032429014,436.80505648519005,443.552209271999,450.41867971930753
Garden,Nebraska,41.659381,-102.328229,1.686542649281145,1.691776928754242,1.696988901681503,1.7019845980991277,1.706769837106032,1.7113320106545684,1.715661420246546,1.7197900709259935,1.7237586963853067,1.7275760252728574,1.7311858062991436,1.7345841600648904,1.737784664467562,1.7407514350638573,1.7434864115534134,1.7459915336358682,1.748326932,1.7504906669461697,1.7525399596136992,1.7544748100025875,1.756350499552517,1.7581311438201854,1.7598662051463614,1.7614286332047564,1.762861101387407,1.7641868860899688,1.765366223469862
Garfield,Colorado,39.599352,-107.90978,87.32774853584355,88.14958121214268,88.97175747993556,89.78872261007272,90.60370254491248,91.41557106789185,92.226714231051,93.04135057439697,93.86451943983857,94.69599176637996,95.53685559375145,96.38682459570822,97.2460323911645,98.11262740373718,98.98861391713993,99.87265574223031,100.765211001,101.66828397716273,102.58616956439084,103.51798969553353,104.46290448027267,105.42156292476318,106.40375738657788,107.40765537774995,108.43518482832786,109.48922808917612,110.56692189784653
Garfield,Montana,47.281174,-106.982212,0.5748034185791041,0.5793149727422059,0.583812866818384,0.5882989635467641,0.592756498275213,0.5971264842647411,0.6014151306457685,0.6055535160706341,0.6095708234523118,0.6134111706170221,0.6170925640429827,0.6205957554258924,0.6238921827658191,0.6270010943670647,0.6299051046644536,0.6325787562232641,0.6350294999999999,0.6372517477772834,0.6392523295985763,0.641072846637692,0.6426983969816229,0.6441271178912426,0.6453832249751893,0.6464443653639507,0.6473707676226,0.6481382161425002,0.6487907957496322
Garfield,Nebraska,41.905572,-98.922998,2.1630487060129755,2.1697618486933687,2.1764463824648037,2.1828535342059023,2.1889907671103055,2.1948419109251227,2.200394526994287,2.2056896628828238,2.2107795609462246,2.2156754159749488,2.220305083763799,2.224663588850347,2.228768345353089,2.2325733302445707,2.236081031256005,2.239293936118605,2.2422891645,2.2450642286689755,2.247692516696337,2.2501740285820855,2.252579664665814,2.254863401920067,2.2570886774907954,2.2590925449834978,2.2609297344848764,2.2626300987694976,2.2641426393474773
Garfield,Oklahoma,36.378273,-97.787729,31.539825453255613,31.667073639833554,31.795266070905534,31.922613178335233,32.049141940536764,32.17415091874312,32.297801983438994,32.42187570995602,32.547415263639984,32.67344042877802,32.80008609744071,32.92889903203736,33.058593261495105,33.189735332510374,33.322271288254946,33.45679465383935,33.594330609,33.735994261520304,33.883350359418976,34.0365697659854,34.19596722938427,34.36145282156853,34.52758589569155,34.6937189698146,34.85969017345293,35.02616497415475,35.191102005252006
Garfield,Utah,37.831622,-111.450886,2.8939401744325925,2.935625360589001,2.9779540052764384,3.020629874756093,3.063583766884059,3.106883669731542,3.15053443958934,3.1946902636903616,3.2395332529396144,3.285144750208003,3.3315417525133277,3.378812887162691,3.4269848637554965,3.476118385926746,3.5263093654197437,3.5776792095044954,3.6301914959999992,3.6841873793349715,3.739739703871415,3.7968266163007294,3.855663007490823,3.916210027115295,3.97770038122771,4.039976240377061,4.103115305216152,4.166985241820676,4.231488924374628
Garfield,Washington,46.429474,-117.536715,3.02564250961645,3.0550097633594295,3.085688705855197,3.117572983961635,3.150729068392566,3.1852401706341857,3.221103336432546,3.258371742358706,3.2971320465284646,3.337384248941822,3.379110131699434,3.4223111719282766,3.46693813206255,3.5129900273509436,3.5604043260848925,3.609206139422955,3.659402853,3.7112209596186854,3.764845100150745,3.820295954373812,3.877735513879353,3.937232711259482,3.997490629031149,4.058516160453565,4.12037232961095,4.183072923021725,4.246642067093128
Garland,Arkansas,34.578861,-93.146915,60.95944760969052,61.40625047953908,61.85046620023531,62.28917593683807,62.72355164580102,63.15208968488175,63.573971895801336,63.99249302406144,64.40897981281715,64.82495801669677,65.23788471131975,65.6497500114187,66.05783409352577,66.46377327419883,66.86761177820975,67.26895158261198,67.66874351999999,68.06864601931758,68.46883597965211,68.87006522212474,69.27337302887365,69.6762385879042,70.07791007809519,70.47622048562674,70.87108136095515,71.26291283941286,71.64872974890102
Garrard,Kentucky,37.630162,-84.545856,9.355844953686494,9.406424684821708,9.455865711150912,9.503490232194338,9.549438326717802,9.593730328735704,9.636327829554183,9.677558432738467,9.717695517815388,9.756601265354066,9.794286972029163,9.830791046534529,9.86608863618591,9.90019555632783,9.933256404395978,9.965253105710886,9.996271514999998,10.026571455780555,10.056478272282847,10.085890294434908,10.11487756161965,10.143650191985799,10.172617125156147,10.201778361130692,10.231224273306745,10.261024901067207,10.291266099139518
Garrett,Maryland,39.529871,-79.269416,151.03360190219536,152.6988334064445,154.36381952652408,156.023707108859,157.68234050543853,159.34089210729488,160.99846217247313,162.65619582709772,164.31651964795623,165.97488039545848,167.62822439993926,169.27123500439203,170.89769580985532,172.50479853083345,174.08567241057955,175.63750916359785,177.15717332550003,178.64861830790613,180.11737888708453,181.56304608941937,182.98502008694058,184.38526395300457,185.78774354150204,187.19286782604888,188.60377227103356,190.0255554142007,191.4610255410462
Garvin,Oklahoma,34.70935,-97.312723,15.689937634947213,15.753239066799686,15.817010226591693,15.88036086803783,15.943304411936358,16.005491917532204,16.06700390961499,16.128726160870716,16.191177608832582,16.253870631163366,16.31687233185441,16.38095217000669,16.445470420902545,16.510708921305692,16.576640829619592,16.643561403406242,16.711980632999996,16.782453244729464,16.85575764489445,16.931978831884017,17.01127338167801,17.093596558282186,17.176241834044916,17.258887109807635,17.341451860780722,17.424267133321557,17.506317420360865
Garza,Texas,33.183792,-101.301134,5.13741175604699,5.222783869813523,5.308584354224204,5.3944848223612505,5.480453169358398,5.566482974242393,5.652494662808998,5.739168170261585,5.826983464350798,5.9158783992283706,6.005787389238936,6.096668468735876,6.18849939363328,6.281333136960485,6.3752336791295425,6.470280594344696,6.566567903999999,6.664515723202565,6.764531783753944,6.866718133264763,6.97117039837239,7.078007137761531,7.1866678921954055,7.2971336280747305,7.409513272624328,7.523965056970787,7.640440823814709
Gasconade,Missouri,38.441183,-91.50578,21.51353985940331,21.633339706183023,21.75345475646864,21.872474099328972,21.990420249300147,22.10710183282502,22.222139855211964,22.3359508353795,22.44880119533856,22.55992544086053,22.668824499727723,22.77553964858972,22.879417965898586,22.98044068954086,23.078300120856028,23.17295123077182,23.264577887999998,23.35374670836667,23.44182357373074,23.528256877956885,23.61358321748968,23.69792266985517,23.782734927479524,23.867813607114815,23.95377035365941,24.040668958299033,24.128727061549665
Gaston,North Carolina,35.293344,-81.177256,194.47539213283886,197.3424602127872,200.23356565799705,203.13576003869076,206.05298911105274,208.98579711731537,211.9329821892156,214.8970841238376,217.88672008985992,220.90213953163936,223.94341047945468,227.01182550860779,230.11092219360887,233.24299088718573,236.41204537580168,239.61391313567566,242.85197300399997,246.12729078847968,249.44535426495747,252.80493888841056,256.20039814567855,259.6296911283901,263.09615132021827,266.5938600868864,270.1244274783319,273.6897129888485,277.28549874113565
Gates,North Carolina,36.442135,-76.702355,10.24063990543593,10.391613308647095,10.543852465839873,10.696675541614743,10.850290310681885,11.004725431622019,11.159917616736065,11.316000606067362,11.473428160477246,11.632213415148543,11.79235995240384,11.953935836372343,12.117127347828708,12.282055091633437,12.448930424819315,12.617533631600853,12.788042633999998,12.96051355507065,13.135235368835025,13.312143593486514,13.490940896250192,13.671519807448373,13.85405586088794,14.038237394503609,14.224149189930003,14.411889163984556,14.60123521266673
Geary,Kansas,39.002155,-96.768038,47.780241657999746,47.97792435809183,48.17483983239191,48.367413506187184,48.55716239411188,48.740825786549905,48.91883960724675,49.09221519929188,49.26206852747367,49.427545181251034,49.58817436297886,49.74221237767531,49.88920586464508,50.029730243232194,50.16136177741189,50.285582607918734,50.40265428899999,50.51311736610005,50.61749494771347,50.71688556167879,50.81045223440474,50.898491394038246,50.98175282942148,51.059504188662075,51.13235576500369,51.20166764053213,51.26609717011141
Geauga,Ohio,41.499322,-81.173505,79.16932421421645,79.33367941883193,79.49146815678141,79.63790036343374,79.77413035450812,79.90008900930282,80.01537542774767,80.12038359784265,80.21522411271056,80.29834175656208,80.36860294988853,80.42501926665494,80.46710686194908,80.49415379254292,80.50628447569962,80.50289064924381,80.484546015,80.4524463611084,80.4093081311477,80.35556678553891,80.2922798710188,80.21967548590311,80.14531543496302,80.0691029492161,79.9918329167324,79.91407903933653,79.8380600915545
Gem,Idaho,44.061473,-116.398784,9.567867024370882,9.714223125776174,9.863389120727007,10.014149920122609,10.166595274862466,10.32040070092535,10.475248618205375,10.631021660141672,10.786663527686411,10.942692014490484,11.098451248596094,11.253692689050801,11.408644165061007,11.563126174827733,11.716655444276805,11.869480514360653,12.02201562,12.17476474701505,12.327403411384577,12.480884353426232,12.634827857796022,12.79037997444127,12.94750618378525,13.106413603288322,13.267834047977084,13.431601823883256,13.59811735809686
Genesee,Michigan,43.021077,-83.706372,660.2903435728085,663.4461814572728,666.5333830850744,669.5135355512066,672.390473646524,675.1652373143095,677.8274271217359,680.3484446285266,682.7336195440058,684.9642978855394,687.0260504400785,688.9053579449474,690.5922109460491,692.072635205522,693.340326067214,694.3852090805733,695.201629554,695.8096713921421,696.2253887194281,696.4519013657057,696.4928491324645,696.3544716794015,696.1741715127519,695.9565633808331,695.6980074821554,695.4019486288428,695.08327100913
Genesee,New York,43.00091,-78.192778,72.60130768817277,72.79479253497567,72.9713507178994,73.12837784404249,73.26738967763352,73.38976968427761,73.49631543567608,73.59130962726776,73.67889509594671,73.75733305980488,73.82678227719035,73.88575344359924,73.93345654725157,73.96909779640673,73.99264317141865,74.00316280196259,73.999987635,73.98675399269517,73.96714355674045,73.94006013854165,73.90490272435223,73.86110810003242,73.81540837553503,73.76877500075223,73.7213327143861,73.67220078560058,73.62391556800512
Geneva,Alabama,31.090866,-85.824346,11.40350495646833,11.438775114847363,11.474393957362524,11.509487246976848,11.544433988186126,11.579087632585326,11.61353156116351,11.647616698819009,11.681646249148455,11.715425656510677,11.748967554388864,11.782266889389737,11.815513163761205,11.848716484289811,11.881838950525978,11.91503721766131,11.948533635,11.982512651396673,12.017317897594188,12.053209623346328,12.090139821416956,12.128376321649768,12.166261611049809,12.20388412399943,12.241304501217956,12.278527796098668,12.315733404102907
Gentry,Missouri,40.209379,-94.40411,9.617201964850558,9.670756113975626,9.724451168586086,9.777656408890195,9.830381899565483,9.882542090852962,9.933967560680916,9.98484450558361,10.035292024245118,10.084967917629504,10.133649085384896,10.181353979420097,10.227790724086805,10.272950932153748,10.31669705302804,10.359008957354632,10.39996884,10.439829995348589,10.47920301383708,10.517841310866052,10.555984761249906,10.593687043268796,10.63160068351577,10.669633422446822,10.708058683801454,10.746904984165996,10.786269615423215
George,Mississippi,30.855431,-88.642268,7.140589607764822,7.171334128664224,7.201244858156834,7.229930725936811,7.257310566468983,7.283531953453666,7.308371066778711,7.332046807432923,7.354632962266458,7.3758270051936705,7.395638774461245,7.414124839987637,7.431373745993038,7.447412547655838,7.462108428645752,7.475815565843542,7.488902893499999,7.501446658026955,7.513732168578358,7.525830752442688,7.537683380139827,7.549427787123398,7.561029539529996,7.572348442344322,7.583714076830411,7.594892784629434,7.605973109961577
Georgetown,South Carolina,33.41753,-79.300812,47.02769597863836,47.50389923001129,47.977749310977174,48.44792396387873,48.912944053031495,49.373358651530474,49.827867912865095,50.27705452685044,50.72164685575537,51.16017696946881,51.592476784390236,52.01780673267748,52.43581944155612,52.84774752409655,53.25250403968215,53.649752821111946,54.039740390999995,54.42355368996288,54.80259341467146,55.17678112611218,55.54611682428505,55.91076859279054,56.272809462701545,56.63169036092309,56.98793794940342,57.34164187272945,57.69266766402081
Gibson,Indiana,38.317413,-87.580566,51.89162862404131,52.14550518741108,52.396060921510106,52.64019193566321,52.877981667791765,53.10954693098568,53.334679130441536,53.55377876818194,53.768364414375924,53.97821078663575,54.18275050709609,54.38175829336922,54.576043493292495,54.7644296321745,54.94709192965014,55.123713321618176,55.294377245999996,55.459943113385755,55.62138714745555,55.77903475610276,55.93243537455196,56.08131365766258,56.2301251904361,56.37827756363075,56.526446624409694,56.67430696487953,56.82212558638869
Gibson,Tennessee,35.991694,-88.933776,21.529962864610887,21.721462060922835,21.914162883649624,22.10709310778288,22.300514906358575,22.494326323196052,22.68835257627133,22.883412956321813,23.079937135823094,23.2775354965134,23.47600412603143,23.675743566515457,23.87628044998388,24.077942492731662,24.28061681470163,24.484802272920575,24.690400552499998,24.897921434343168,25.10790747098285,25.32075556326515,25.536640493214055,25.755314652962255,25.97590777368203,26.198161323629595,26.42196606403996,26.647536831150916,26.875044765694287
Gila,Arizona,33.789618,-110.81187,24.32917442081884,24.94534266949196,25.57497833324812,26.216500011073787,26.870528360355983,27.537148402654584,28.216024302808115,28.910293356375693,29.621792029050457,30.35132802565115,31.098182913996894,31.86284131697893,32.645086429619596,33.44457816567943,34.26150782366811,35.0963727797109,35.949019995,36.82125617768262,37.71378275562767,38.627717762347395,39.56257232387257,40.5193071838297,41.49169026188047,42.479832086052724,43.48318851836329,44.503170916706,45.53923514309766
Gilchrist,Florida,29.723456,-82.795801,33.83794882644257,34.48241398441597,35.14174749177869,35.813790976222016,36.49929671714552,37.19881218489757,37.912697764635546,38.64340328770255,39.39310485026746,40.16216086816987,40.9502779130576,41.757674579206416,42.58467777337113,43.43113585808114,44.29768886162142,45.1854829269515,46.094886316499995,47.028157837783354,47.98741450743651,48.973247120799456,49.98699481397607,51.02986477877774,52.08869409502987,53.163380358206865,54.254803853365274,55.36391182236687,56.49139549575939
Giles,Tennessee,35.202723,-87.035319,11.535278911386694,11.637879954159308,11.741124801843691,11.844492557738503,11.94812368836995,12.051963567866729,12.155918551878036,12.260427598298262,12.365720916156462,12.471589756587308,12.577924867848193,12.684940851576377,12.792384087655098,12.900430159242116,13.009018587694202,13.118416649595936,13.22857167,13.339756778262895,13.452262662056908,13.566301972095324,13.681968352728944,13.799129141127464,13.917318066460838,14.036396613126845,14.156306253406232,14.27716209181352,14.399055821775542
Giles,Virginia,37.31193,-80.717178,26.9399438354674,27.271447701380342,27.603406537906693,27.93435071774758,28.264713546249126,28.59461779325937,28.92401651736584,29.253487459029984,29.583395316918114,29.913628153815825,30.24344212887897,30.572811965962362,30.901019100367044,31.228074364726673,31.553479457893236,31.877353538836903,32.19962439,32.521609981810236,32.844137205303106,33.16693885551516,33.49010159351566,33.813358214341136,34.13960103117682,34.46863866749487,34.800889985129835,35.13685689610761,35.476943818751266
Gillespie,Texas,30.32639,-98.942106,22.796412974528142,23.175237576165237,23.555963001519405,23.93713208808376,24.31860237583669,24.700345372773857,25.082007981555975,25.46660730192665,25.85627311120913,26.250729647504407,26.649685885339743,27.05295560911546,27.460440114388,27.872374460193026,28.289042549002218,28.710797478154863,29.138056451999997,29.572683661677694,30.01648834946255,30.469923334708994,30.933412944767145,31.407483264145412,31.88964734789493,32.37982073757431,32.87848677968548,33.3863475986207,33.90318950434757
Gilliam,Oregon,45.381666,-120.211851,2.6376108530476925,2.663899586799483,2.6911654068852062,2.7192475644538674,2.7481223546057785,2.777808296793821,2.808286871565115,2.8394936312236383,2.871593028510963,2.9045095040593405,2.93818305484144,2.9726862771125493,3.007905091042931,3.0438320888514316,3.080554682355645,3.1179224935981864,3.1560058965,3.194899710659829,3.2347557955912865,3.2756082270876727,3.317519971288777,3.360479175744758,3.4038584013920503,3.4475531985164127,3.49160727302664,3.536072479390799,3.580860665013178
Gilmer,Georgia,34.690541,-84.453984,28.192743683613976,28.622507989310343,29.05203820461485,29.47953856761742,29.905294476193053,30.32867741367321,30.749472529972227,31.16717637041173,31.582221841880763,31.994067009088614,32.402317445758584,32.8065755188963,33.20711700622368,33.60372064421966,33.99654035533367,34.38626558387047,34.77285464249999,35.157250306225066,35.54058133967488,35.92253348451515,36.30257442560827,36.68043159195,37.0569162831176,37.43118513235685,37.802850126826485,38.17186957919643,38.537813789295356
Gilmer,West Virginia,38.915865,-80.849409,2.158887947493606,2.1638261555139713,2.168024405599221,2.1713470784493483,2.1737465883450544,2.175307399938098,2.176024754656546,2.175974789651281,2.175172970281075,2.1736561754783845,2.171406560598473,2.1684312634992366,2.164635112742073,2.1601798997726034,2.154987108153982,2.1491435818239326,2.1426802515,2.1354769632409503,2.127751421712583,2.1195143337017397,2.110777595638246,2.1014270017957806,2.0915529650410147,2.08099964214324,2.069924065976147,2.058273892248506,2.046137154541021
Gilpin,Colorado,39.861082,-105.528947,7.30292965808334,7.371656796093354,7.440412667519175,7.508732748805249,7.57688681479999,7.644780683751585,7.7126138932698085,7.78073922584874,7.84957810492023,7.919111374873736,7.989430024859314,8.060510110363797,8.132362805493328,8.20483326906272,8.278089112664185,8.352018595236254,8.426660028,8.502181022547632,8.578940746576748,8.656865770246952,8.735885856319598,8.816055279024548,8.89819294071232,8.982145596498604,9.0680744727721,9.156220610965415,9.24634456594682
Glacier,Montana,48.705671,-112.990502,7.893200543928256,7.955153205695973,8.016918287150046,8.078521367424168,8.139732234315225,8.199740881923422,8.258632574027693,8.315460882681947,8.370626547647143,8.423362194912947,8.47391508943824,8.522020913508351,8.567287453740228,8.609979027848535,8.649856897252278,8.686571480457863,8.720225094,8.750741000477655,8.77821299004765,8.803212330028787,8.825534387351645,8.845153582882544,8.862402445359296,8.876974025177768,8.889695380993546,8.900233984068812,8.909195207233948
Glades,Florida,26.95481,-81.19082,13.683115543367707,13.943719141577944,14.210335082429772,14.48209058081919,14.759289837393753,15.04215423377657,15.330829499597218,15.62630627780221,15.929464520526508,16.240449161062926,16.55914154523218,16.88563006641616,17.22004691651929,17.562330777610008,17.912740459139766,18.271739429110866,18.6394766025,19.01686537758662,19.404761816402477,19.803404819979686,20.21333589732438,20.635043202878848,21.063204021647543,21.497776944118236,21.939117932828776,22.38761002576732,22.843532737141448
Gladwin,Michigan,43.98975,-84.389816,58.854736852009765,59.136031300801406,59.41120788210686,59.67684267577051,59.93327749446441,60.18060503315048,60.4178983422096,60.64260831018918,60.855209998769055,61.05404069206988,61.23781424749518,61.405325630540055,61.55568265219614,61.68763972391272,61.800634882483195,61.8937701454641,61.966541484,62.020739069542806,62.057793880567054,62.07798400195848,62.081633866083756,62.069299642714356,62.053228653692905,62.03383223291286,62.010785948007516,61.98439685103826,61.955991638647404
Glascock,Georgia,33.227491,-82.606913,2.9459672134717536,2.9908749233530654,3.035758172237352,3.0804293141200367,3.124918171312558,3.169159067713317,3.213129552818194,3.2567770187294736,3.3001467015375487,3.3431819723588947,3.3858416160889324,3.4280840825409364,3.4699381887798935,3.5113808141373832,3.552428042556656,3.593151916700182,3.6335480804999998,3.6737150481085106,3.7137707684428793,3.7536824034523044,3.7933943294997134,3.832878064602271,3.872218384544186,3.911327162719738,3.9501638541886517,3.9887241028829648,4.026963007794437
Glasscock,Texas,31.868591,-101.528971,1.125938053961227,1.1446485868523668,1.163453003362798,1.1822793327522507,1.2011205387751662,1.2199752141824347,1.238825919136853,1.2578216712675423,1.2770676624455828,1.2965502725099316,1.316255127416093,1.3361730297859464,1.3562991045064983,1.3766449613829177,1.3972246226474232,1.418055528137216,1.4391582839999997,1.4606249645347793,1.4825449300601319,1.5049405457851488,1.527832769669811,1.5512475855637837,1.5750621607231974,1.5992723236596147,1.6239019473490326,1.6489857104302688,1.6745130585349879
Glenn,California,39.602546,-122.4017,34.63416738473337,35.03359902613594,35.432669044024365,35.828986057095356,36.2229233541377,36.61506419888393,37.005297771224846,37.39681257956484,37.79341247554609,38.19421673093251,38.598173526793126,39.00404342769639,39.410797945260605,39.81741539584768,40.22306560074502,40.6274306812184,41.029437432,41.43218201140322,41.837896375311146,42.24631416661922,42.65676657624755,43.069338177437324,43.4830850550481,43.89752893281921,44.313018796883966,44.73005236562743,45.14933830448459
Gloucester,New Jersey,39.721019,-75.143708,1223.1781913177413,1231.798108491736,1240.1329393498359,1248.1087361075313,1255.7735296115227,1263.1504197411618,1270.2441954958256,1277.1707788310387,1283.9943986796316,1290.7026599843912,1297.280632335493,1303.7021170892829,1309.9385211024176,1315.980125523218,1321.7966469732673,1327.3686477492088,1332.6989449095,1337.8531759161995,1342.909795847348,1347.8385213245276,1352.6628747858579,1357.3494740886183,1362.0359325384559,1366.7180245476843,1371.388848323083,1376.0396709834336,1380.7023252893057
Gloucester,Virginia,37.403541,-76.523505,55.52691753860158,56.210192453304316,56.89440512481484,57.57652644979371,58.257449529962635,58.93742741080941,59.61636333964755,60.29544811877262,60.97543344213376,61.65608859178618,62.33588040977427,63.01475679849763,63.69123669760108,64.36534243462766,65.03604694259744,65.70359582448387,66.36784023,67.03149667688267,67.69626950091748,68.3616079560427,69.02769066260267,69.69396687453565,70.36639804583405,71.04458972323742,71.72940523841011,72.42187910084638,73.12284487215318
Glynn,Georgia,31.212747,-81.496517,80.74206731814192,81.97288255524276,83.2030273736575,84.42735883552035,85.64669430059928,86.85923374064123,88.06436183986584,89.26063673890715,90.44929825314354,91.62879431739763,92.7979953221025,93.9557624738735,95.10288558102582,96.23873096014381,97.36373943447315,98.47988552480152,99.58704984149999,100.68793242694805,101.7857659849471,102.87965050137065,103.9680614624941,105.05021824382004,106.12844435120567,107.2003244406176,108.26474727012412,109.32159345009616,110.36963234897294
Gogebic,Michigan,46.488054,-89.788314,23.434570302357635,23.546575127941104,23.656143962755202,23.761913482420482,23.864019788693934,23.96249979052661,24.05698439840801,24.146458616184216,24.231111602229372,24.310281302234003,24.383455604502267,24.450154692670502,24.51002331808484,24.562565516715534,24.607557528046833,24.64464179661544,24.673617629999995,24.695197832317692,24.709952185500374,24.717991416401194,24.71944470634883,24.71453350904959,24.708134419661107,24.70041122165366,24.69123473369858,24.680727216696212,24.66941693000849
Golden Valley,Montana,46.380624,-109.174586,0.4081104271911638,0.4113136306469662,0.41450713544105267,0.4176922641182026,0.4208571137754012,0.42395980382796616,0.4270047427584956,0.42994299641015027,0.4327952846511413,0.4355219311380856,0.43813572047051774,0.44062298635238356,0.44296344976373153,0.445170777000616,0.44723262431176203,0.4491309169185175,0.45087094499999997,0.45244874092187126,0.4538691540149892,0.4551617211127613,0.4563158618569522,0.45733025370278224,0.4582220897323842,0.4589754994084049,0.45963324501204605,0.4601781334611752,0.46064146498223874
Golden Valley,North Dakota,46.938924,-103.844612,2.036370862073637,2.037656686586156,2.038974576547864,2.03998143165243,2.0408119267864504,2.0413249739734898,2.0413602459675992,2.04106845037997,2.0404880657496314,2.039638331346097,2.0382691366656847,2.0365824940382917,2.0344341089425626,2.031772676659793,2.028546892471281,2.02483692,2.0204824319999997,2.0155090808306335,2.0100547479234163,2.0040200303858615,1.997581288188512,1.9905493351811478,1.9828856928247414,1.974401174969072,1.965224043410898,1.955472940312223,1.9449811253372598
Goliad,Texas,28.6607,-97.430415,5.352038374502535,5.4409770951439285,5.530362082550547,5.619851230722497,5.709411093542471,5.7990349817870035,5.888639996865342,5.978934479761903,6.0704184499304406,6.16302716524388,6.256692300062579,6.351370135533199,6.447037498274461,6.543749574379923,6.641573017183363,6.740590725275542,6.840900647999999,6.942940451691797,7.047134902040748,7.153590309919724,7.262406296978133,7.373706374949181,7.486906670185004,7.601987353916049,7.719061904040331,7.8382951621360135,7.9596369590271285
Gonzales,Texas,29.468704,-97.477738,17.95964882290498,18.258097391040742,18.55804348102218,18.858339099657115,19.158872012974232,19.45961977417927,19.76030420335765,20.063302255687336,20.370291829039335,20.68105567051205,20.99536450213552,21.31307161807583,21.6340992562243,21.958632602633582,22.28689532357504,22.619165598963292,22.955772113999995,23.298183530366792,23.647825219499243,24.00505392509185,24.37020394404486,24.743689740380866,25.123552029629394,25.509724273078888,25.902587264560545,26.302694157218667,26.709876600096287
Goochland,Virginia,37.724166,-77.914273,33.8422892808875,34.25872852057098,34.67573929994319,35.09147545508901,35.5064813095215,35.92091108823601,36.33470582285197,36.74859127805344,37.163025592797226,37.5778681501758,37.99218452815844,38.4059429745402,38.81824081949529,39.22909167111154,39.63786955734894,40.044724167173605,40.44956478,40.85404704651363,41.25920971741858,41.66471712654845,42.07067813860585,42.476757087424424,42.886587332453715,43.29992846414215,43.717306661885644,44.1393524337535,44.56657381502455
Goodhue,Minnesota,44.406178,-92.716,93.91581702062572,94.79761602930509,95.69027837676389,96.58656794357906,97.48769380286937,98.39356435818642,99.30220112624497,100.21351251059659,101.12581313659084,102.03531091126428,102.9410349122639,103.83759926842424,104.7236849908884,105.59487713084388,106.44992997659256,107.2849232001431,108.09789663749999,108.8934667496622,109.67247622395497,110.43388086086661,111.17866990203979,111.9086386378629,112.63477864214325,113.35751125854334,114.0783203495272,114.80063162226469,115.52382222090678
Gooding,Idaho,42.973185,-114.82142,8.64024888726616,8.77241555922039,8.90711970159706,9.043264029889167,9.18092959352053,9.319823367651207,9.459658562012327,9.600329188895824,9.740881358929128,9.881782664941936,10.022440822683304,10.162631387594985,10.302560100522042,10.442064862616844,10.58070925390502,10.718717718944824,10.856464331999998,10.994404216758113,11.132244348379224,11.270845097669966,11.409863563221894,11.550334683831387,11.692227286643133,11.83572840878901,11.98149891480164,12.129389174975525,12.279760794432292
Gordon,Georgia,34.509667,-84.873862,55.738158641645214,56.587819508932256,57.43701757034469,58.28220253424188,59.123938643402454,59.96098329575215,60.792911724255404,61.61872857929153,62.43928973473819,63.25352376329667,64.06065086876734,64.85988491514405,65.6517711257859,66.43587205404432,67.21249201063134,67.98299405394472,68.7472957665,69.50726105140845,70.26512152055851,71.02025587291307,71.77161170059294,72.51865012004549,73.26297510231554,74.0029192782933,74.73771553139211,75.46728144412745,76.19076748242814
Goshen,Wyoming,42.08958,-104.353482,6.867575597083677,6.9086652043951196,6.947725527155878,6.984647610490753,7.019526789915546,7.051654858741429,7.080514281311181,7.10700393534524,7.131845646891832,7.154195015668125,7.174106519111721,7.1910898602842,7.205362948935968,7.216163100940601,7.223830800283106,7.22893806005831,7.231171634999999,7.230858389733787,7.2278485113062665,7.222536961140054,7.214910119875749,7.205063323029157,7.19284675764687,7.178491952838695,7.161971669885836,7.143517437898099,7.122638959937063
Gosper,Nebraska,40.509838,-99.824078,1.9772594758124842,1.9833960112221538,1.989506395007881,1.995363221744069,2.0009733135934877,2.006321889203473,2.011397578302743,2.0162379027865245,2.0208906177941897,2.025365956569891,2.0295979715402064,2.0335821145966237,2.037334304118934,2.0408124701034036,2.044018886604287,2.0469558276758417,2.049693789,2.0522304965225073,2.0546330348439152,2.056901403964221,2.0591004144297202,2.0611879962366793,2.063222137768622,2.0650538884717866,2.066733277539803,2.0682875936237415,2.0696702186113565
Gove,Kansas,38.917239,-100.48736,3.2331990003026645,3.2465758164537792,3.259900715879953,3.2729318138399868,3.2857717638581954,3.2981999198535807,3.310245779965314,3.321977779876272,3.333471434822731,3.3446689284519167,3.3555384027735244,3.3659618652308714,3.375908637759221,3.3854176579022766,3.3943249160062523,3.4027307057443252,3.410652726,3.4181275544658476,3.4251905889088716,3.4319161646397838,3.438247645231376,3.444205089418284,3.449839233999881,3.455100522102362,3.4600302511205636,3.4647204552486994,3.4690802802181246
Grady,Georgia,30.875863,-84.244772,7.57384170655948,7.689295770165411,7.804686946540756,7.919532813094711,8.033910040560459,8.14764978103122,8.260694316089875,8.372908395117221,8.484408316416399,8.595048491741254,8.704722960415591,8.813324900294305,8.920928397703843,9.027474011289263,9.133003091558349,9.237700854327214,9.3415561005,9.444822101936873,9.547802095694921,9.650411657820742,9.752507784474922,9.85401725079993,9.95515800843054,10.055703491042857,10.15554946089851,10.254684718901643,10.352993828218027
Grady,Oklahoma,35.021058,-97.88689,23.283227649528218,23.377164393105787,23.471798193791184,23.56580796239909,23.659213614846898,23.751497337283073,23.84277862521181,23.93437192917928,24.027047331323654,24.12008121998062,24.213573174737014,24.308665041521834,24.404407494940614,24.50121876925805,24.59905903263941,24.698366435266752,24.799897781999995,24.90447626409028,25.013257004744844,25.126366138107013,25.24403601654605,25.366200253670755,25.48884247281224,25.611484691953727,25.734007415591023,25.85690190301915,25.978661183157396
Grafton,New Hampshire,43.926488,-71.842264,107.56782171928607,108.73295261496868,109.90279729168999,111.06983023937065,112.23893063487529,113.41076006150757,114.5829202797917,115.76343298728473,116.94369760103886,118.12313523566343,119.29587433933827,120.46431315153923,121.62663231818125,122.77315618344802,123.90512521603394,125.01178868725438,126.09372548250002,127.15647636193908,128.19673340905325,129.21300806140923,130.21125456874012,131.1876688270497,132.16821798100733,133.15116537444075,134.14312684038677,135.14410237884522,136.15971544789758
Graham,Arizona,32.931828,-109.87831,14.537337112853177,14.905514240209062,15.28173851087177,15.665064995134813,16.05586455250665,16.454187985659672,16.85983462403793,17.27467908625268,17.699818710027568,18.13573612075032,18.58200203583923,19.038906030526924,19.506318557998807,19.98403640756531,20.472173885239314,20.97102818665431,21.480507867,22.001692483064694,22.535001156895625,23.08110194363475,23.6397027279158,24.211377579936823,24.7924026638115,25.382844023013945,25.982376520440855,26.591843480453935,27.210919765949868
Graham,Kansas,39.349445,-99.880952,2.6988044214144646,2.7099702700274624,2.7210927828956453,2.731970054844304,2.7426877724597793,2.7530617588266053,2.763116636527064,2.772909529952048,2.7825034729121967,2.7918502051462406,2.8009231342653145,2.8096237699402917,2.817926504685601,2.8258638403098533,2.833298875255564,2.8403153263024907,2.8469279669999996,2.8531673293501227,2.859062960451596,2.864676909211769,2.8699619002726635,2.8749346769902275,2.8796375902059865,2.884029273981709,2.8881441999325865,2.892059190515339,2.895698408176539
Graham,North Carolina,35.348111,-83.830909,7.0578207775950705,7.1618712306807595,7.266794037919438,7.3721192802343545,7.477990155382698,7.584426414779252,7.6913844407163685,7.798956406463045,7.907455042753365,8.016889402319112,8.12726195408713,8.238619607667534,8.351090747256425,8.464758493391018,8.579768512755358,8.695969377836088,8.813483712,8.932350195101046,9.052767987238305,9.174692647728513,9.297919255643276,9.422373743177156,9.548177087745701,9.675114492713139,9.8032443893482,9.9326342616514,10.063131036158158
Grainger,Tennessee,36.277463,-83.509493,9.570278718279813,9.655401980895576,9.741059378185776,9.826818746641095,9.912796624735954,9.998947691952523,10.085194255974523,10.171900499534518,10.259257416243374,10.347091816979377,10.43531306070686,10.524099192317308,10.613239795120792,10.702880542210334,10.792971257298344,10.883733687204202,10.97512413,11.067369188274894,11.16071003192734,11.255323087258898,11.351286046585843,11.448488845793447,11.546544641890224,11.645338514991671,11.744821907400121,11.845090315920995,11.946219814280658
Grand,Colorado,40.123289,-106.095876,20.31962657244528,20.510852538617726,20.702158452469625,20.89225182651651,21.081883280637673,21.27079076410603,21.459529469139984,21.6490809755817,21.840617849396455,22.034086792131298,22.229740971437806,22.42751376424978,22.627436261331447,22.829077633521322,23.032904242282875,23.238605179973792,23.446287043499996,23.65641619432498,23.869991978441856,24.086810085114276,24.306675086681338,24.52973799542647,24.758277320214024,24.991866673420255,25.230954650357656,25.476211923226067,25.726972261363382
Grand,Utah,38.974326,-109.57345,5.9174770300073085,6.002714151960077,6.089267006390927,6.17652985985712,6.26436120905441,6.352900074772933,6.442156387069126,6.53244542523491,6.62413956638672,6.717405138969903,6.812276898181989,6.908936067552982,7.007437262393287,7.107904608408388,7.210534224212942,7.31557436121791,7.422950544,7.533360359024009,7.646952757136512,7.763683053083538,7.883990651862483,8.007796113021838,8.133530487644347,8.260871048895758,8.389976677679087,8.520576779956391,8.652472754598902
Grand Forks,North Dakota,47.926003,-97.450851,77.19666890336156,77.2454131527561,77.29537296946722,77.33354178320761,77.3650249767068,77.38447405377197,77.38581117782022,77.3747495152394,77.35274774680944,77.32053521292028,77.26863048850264,77.20469164765093,77.12324863744058,77.02235655016509,76.90007047811791,76.7594293395905,76.59435529799998,76.40582080719962,76.19905280665067,75.97028303767178,75.72619712050405,75.45962320797975,75.16910261931898,74.84746350735394,74.49956814135096,74.12991412038132,73.73218049439885
Grand Isle,Vermont,44.801788,-73.300758,19.040929679430544,19.171763851637785,19.302719560465746,19.433219506966005,19.56450944150095,19.695647455259994,19.826025865139528,19.955310445432563,20.08298466550103,20.208896604569027,20.333228567567645,20.45367135870315,20.57083266107917,20.683375571867746,20.78950742591324,20.890686662664304,20.985910605,21.074115807488997,21.157064551131768,21.23420992113506,21.3044277037572,21.36881172858468,21.42860774597991,21.482873847132286,21.53464844755986,21.582685796900233,21.629477395878205
Grand Traverse,Michigan,44.718688,-85.553848,158.7486639601867,159.50739843617924,160.2496312108362,160.96612695698963,161.65780764469523,162.3249232997308,162.96497366431825,163.57108302956772,164.14453277759048,164.68083807099708,165.17652980212034,165.62835763584874,166.03391507407082,166.38984239539718,166.69462381854996,166.9458372188065,167.14212308099997,167.28831002796437,167.38825783264474,167.4427165723744,167.45256133737576,167.41929228231564,167.37594406308753,167.3236261690803,167.26146351007185,167.190284296451,167.11366702216276
Granite,Montana,46.395358,-113.425683,1.5554180506750552,1.567626316240409,1.5797976176105466,1.5919369953575437,1.603999084332726,1.6158242664203895,1.627429343527449,1.6386278144871358,1.6494986482619551,1.6598906276896612,1.6698524783003112,1.6793321141824644,1.6882522465643062,1.696664961357277,1.7045232132220112,1.7117581143401526,1.7183898269999998,1.7244032294853289,1.7298168038937474,1.7347431230015942,1.739141862232271,1.7430079810137022,1.7464070067828619,1.74927845267485,1.751785297186756,1.7538620128816054,1.7556278932985043
Grant,Arkansas,34.288063,-92.423984,9.739438772100046,9.8108240842169,9.88179604972791,9.951888328872638,10.021288164130654,10.089755319867791,10.157159079636052,10.22402584210441,10.290567579891254,10.357028061507718,10.423001006101904,10.488804372601383,10.554003617138477,10.618860172609189,10.683381104767463,10.747502821827787,10.811377237499999,10.875269317557077,10.939207325014802,11.00331137769026,11.067747520801182,11.132113006372643,11.19628771658756,11.259925429502582,11.323012013609809,11.385614593571734,11.447256230996999
Grant,Indiana,40.515758,-85.654946,99.79736964395019,100.28562206366344,100.76748790359409,101.23699779771411,101.69431221285224,102.13965580256867,102.57262739979164,102.99399724529893,103.40668583537307,103.8102599095765,104.20362829347405,104.5863577266282,104.96000473727739,105.32230674313683,105.67360072454686,106.01327690755834,106.34149575899998,106.6599100872075,106.9703973540768,107.27358338023981,107.56860164482153,107.85492260728722,108.14111519628993,108.42604009734588,108.71099709176752,108.99536035892297,109.27964339266407
Grant,Kansas,37.547537,-101.299362,8.42286350908723,8.457711687815618,8.492424617371912,8.52637215956793,8.559821738903056,8.592198546395878,8.623579428166902,8.65414266721571,8.684084989610808,8.713255776955995,8.741572035441123,8.768726380584157,8.79463889241977,8.819411007827025,8.8426154623759,8.864513532876122,8.885151326999999,8.904624133936961,8.923024169031619,8.940545084507653,8.957039335813688,8.97255917831167,8.987236787328875,9.000943061382848,9.013785585042298,9.026004118203216,9.037361974814436
Grant,Kentucky,38.64921,-84.625946,14.334081647801625,14.411574808430622,14.487323360449398,14.560288846351867,14.630685880689292,14.698545617186848,14.763809209919199,14.826978580014279,14.888472571999543,14.94808003284875,15.005818270187014,15.06174612993967,15.115825535331496,15.168080717037633,15.218733212659384,15.267755329996582,15.315278606999996,15.361701119046964,15.407521325740401,15.4525834584544,15.496994824464588,15.541077345597841,15.58545755788285,15.630135461319597,15.675249516908895,15.72090703192638,15.767239544322825
Grant,Louisiana,31.597787,-92.561716,3.835408541349269,3.8504287724599062,3.865058382453917,3.8790663953666846,3.8923976147360824,3.9050528897384456,3.916977873087986,3.928395048985912,3.9393256468407354,3.9497586273600294,3.9595818992668503,3.968813295264347,3.977444323589116,3.985535275761332,3.99314899083019,4.000433225478938,4.007399018999999,4.014348678170593,4.021407031912769,4.028760899021437,4.036299886572331,4.044115705610228,4.051600345875332,4.058739371369855,4.065537877151839,4.072061249799505,4.078282315669955
Grant,Minnesota,45.930743,-96.010699,12.49045095973284,12.607726916261356,12.726447656049901,12.845650802390695,12.965497157467825,13.085974539297649,13.206819817033482,13.328020808691685,13.449353365773225,13.570313154155302,13.6907710448113,13.81001073710302,13.927856810466015,14.043722093288705,14.157440910593545,14.26849187348063,14.376614287499999,14.482422124627254,14.586027459111904,14.68729141634042,14.786345561736146,14.883428662178481,14.980002555704548,15.07612327943911,15.17198818151717,15.268052868126972,15.364234501779743
Grant,Nebraska,41.915867,-101.756875,1.0069198693767567,1.0100449015279325,1.0131566159582488,1.0161392063993653,1.018996147039332,1.0217199104707066,1.024304706380073,1.026769642801706,1.029139039051958,1.0314181064129044,1.0335732610667263,1.0356021868880567,1.037512990315679,1.0392842471899515,1.040917115573556,1.0424127535291772,1.0438070609999999,1.0450988799233412,1.0463223731483613,1.0474775406750607,1.0485973872899157,1.049660488833284,1.0506963759035923,1.0516291953950772,1.0524844246867737,1.053275960530883,1.0539800626423945
Grant,New Mexico,32.732087,-108.381504,11.350658193657667,11.457002737130358,11.559859685549482,11.65871704309544,11.753189307033455,11.843101796436844,11.92784613980231,12.008699314938754,12.086480515157552,12.160725932480936,12.231092228535767,12.29716980666635,12.35910925387845,12.416344363030392,12.467604179793495,12.514057259332516,12.554986807499999,12.590862655753943,12.62255218524756,12.649441000997326,12.671505009082313,12.68896707827106,12.698026392538006,12.698544411837842,12.690045281232353,12.673173513106214,12.64754962820489
Grant,North Dakota,46.357827,-101.639049,2.428065041901379,2.4295981936504107,2.4311695786101413,2.432370101426092,2.4333603415831973,2.4339720729543823,2.434014129486151,2.43366620726879,2.432974186155137,2.4319610060716115,2.4303284479747624,2.428317381091993,2.4257557559751564,2.4225823994871347,2.418736138490811,2.4143125560129306,2.409120486,2.4031905150205772,2.3966870458806686,2.389491555627107,2.3818143269187377,2.373429783812436,2.364292046455363,2.3541755389043946,2.343233194002326,2.3316064746287446,2.319096568088016
Grant,Oklahoma,36.788254,-97.788151,2.225504947405631,2.2344838007983787,2.243529281725135,2.252515115145254,2.261443204702565,2.2702640556575164,2.278989089873084,2.2877439478419688,2.296602237125555,2.3054947919980604,2.314431130678629,2.3235203954134493,2.3326718458466784,2.3419254584987224,2.3512774260819236,2.3607696287605178,2.370474405,2.3804704387452955,2.390868141338479,2.4016795691904664,2.4129269314792605,2.4246038827254317,2.4363265214234957,2.4480491601215597,2.45976037695665,2.471507128476546,2.483145372298198
Grant,Oregon,44.496326,-119.014057,10.276742668291773,10.379169662603774,10.485403611534167,10.594818200335274,10.70732106922863,10.822984374291162,10.941735959445944,11.063324721545294,11.188391406552274,11.316641617673037,11.447841569218367,11.58227411300979,11.719494767613472,11.859474670598642,12.002554398648371,12.148148044418056,12.296529801,12.448069107508037,12.60335764377293,12.762528176976216,12.925826037779428,13.093205046293335,13.262220554631831,13.432465602521072,13.60411047830259,13.77735721899178,13.951862361662483
Grant,South Dakota,45.172637,-96.772261,7.667272458544012,7.698593382693905,7.73001405500988,7.760467170114853,7.789803105759704,7.817812390795658,7.844185805907858,7.869053023712216,7.892274396776213,7.91333123463622,7.932712303306041,7.9494699952078935,7.964043202272542,7.975973082936004,7.985898025461207,7.9937482061318965,7.999194455999999,8.00248614548072,8.003752947189968,8.003294105625988,8.001368966020596,7.998256823238825,7.995254403439741,7.992371681439957,7.989439085357135,7.986935406388465,7.98446165186962
Grant,Washington,47.213633,-119.467788,128.51217415343228,129.75952892698226,131.06259681696872,132.41686054368057,133.8251434069373,135.29097975984607,136.81424412241498,138.39719513449953,140.04351354253097,141.75319934650926,143.52547875315068,145.3604145024511,147.25591526121102,149.21193920276636,151.22583033395378,153.29865523470502,155.430727605,157.63166757755673,159.9093176518736,162.26455618789436,164.70426367184567,167.23136797020695,169.79078336650153,172.38280264737736,175.0101027193299,177.67326915565496,180.37332670962041
Grant,West Virginia,39.105988,-79.195064,2.983998303648599,2.9908238567640084,2.9966266457170985,3.001219218555291,3.004535802663646,3.0066931444336817,3.0076846666039043,3.007615605358217,3.0065073367964756,3.0044108346952596,3.001301434323967,2.997189001574837,2.9919419912179896,2.985784030144223,2.9786065935388844,2.9705297164242395,2.9615961509999997,2.951639821413442,2.9409616373779155,2.929576397731784,2.9175005456287804,2.9045762267930506,2.8909284091929783,2.8763416875146377,2.8610331113873277,2.8449303309346172,2.8281550254941443
Grant,Wisconsin,42.870062,-90.695368,126.86422100612495,127.68224261615079,128.49906885948496,129.3058264372244,130.1027912032209,130.8887448029619,131.66104363703323,132.4168142278108,133.15699907595527,133.87490872555782,134.5675087842474,135.23183382311595,135.86553908442218,136.46556718797405,137.02867685101162,137.55394856069526,138.0408076215,138.4904953757595,138.9065979235487,139.28966697257135,139.64036916963622,139.95845164871247,140.26678729168776,140.5620198766972,140.84693093008096,141.12285374545655,141.39266180044805
Granville,North Carolina,36.299884,-78.657634,78.52261498274713,79.68024053373368,80.84757156342855,82.01937993188598,83.1972588025921,84.38142792223464,85.57140201687817,86.76820657106543,87.97532090735226,89.19284574297052,90.42080854625618,91.65973121559259,92.91104210445008,94.17566598013947,95.45522347448286,96.74802986287425,98.05544940599998,99.37791244112357,100.71763474734631,102.07412189462086,103.44509401106185,104.82972704659039,106.22936694966882,107.641623975068,109.06714820673916,110.50669044586542,111.95854765561683
Gratiot,Michigan,43.292326,-84.60469,67.65472043212738,67.97807413838828,68.29439523119177,68.59974784448353,68.89452489890184,69.17883294919602,69.45160644787255,69.70991513932415,69.9543051166413,70.18286505400741,70.39411650427516,70.586674255703,70.75951271882838,70.91120006420681,71.04109030367034,71.14815118808463,71.23180332599999,71.29410455601338,71.33669981706798,71.35990877341183,71.36410436666769,71.34992592533166,71.33145199566225,71.30915541435976,71.28266323980142,71.25232843459446,71.21967606358905
Graves,Kentucky,36.723344,-88.649897,19.659755655198232,19.76604056694552,19.869932679500398,19.97000770762927,20.066560003613763,20.159632296010866,20.249143875324016,20.33578314608277,20.42012456999802,20.501878542405596,20.58106880139273,20.657776056455976,20.731948083803452,20.80361811675727,20.873090002833926,20.94032576109386,21.005505800999995,21.069176098558533,21.132020310681586,21.19382479458414,21.254736726406968,21.315197634572502,21.376066837838327,21.437344336204447,21.49922003436867,21.5618411084718,21.62538796797676
Gray,Kansas,37.744513,-100.451716,7.547484941577901,7.578711388962468,7.6098166434666545,7.640236056443205,7.670209259269251,7.699221182203156,7.727340684836044,7.754727521419335,7.781557972506313,7.807697073298371,7.833070455437088,7.857402680557957,7.880622134686203,7.902819712482114,7.9236125546190195,7.943234783706758,7.961727715499999,7.979176735891747,7.995664476391352,8.011364463168457,8.026144485808098,8.04005136883224,8.05320355073762,8.06548534741115,8.076993162280402,8.0879418372697,8.098119284838369
Gray,Texas,35.402542,-100.812374,19.193751879024365,19.512708436690573,19.83326541889865,20.154195947734276,20.47538007703264,20.796793817560776,21.118139874181633,21.44195853531417,21.770042996122278,22.10216107510122,22.438067739371466,22.777606202160435,23.12069335791108,23.467527117795342,23.818346517384516,24.173448851815657,24.533185391999996,24.899125719179874,25.27279314964836,25.654568940857878,26.04481036102789,26.44396035420986,26.849925003069576,27.26263319666647,27.68249189520257,28.110092261918712,28.54525437756769
Grays Harbor,Washington,47.142786,-123.827043,101.30839417741183,102.29170575789297,103.31893696231617,104.38652674009157,105.49670074783783,106.65224517791468,107.85306111225012,109.10092907613912,110.3987506663587,111.74652588290878,113.14364473101239,114.59015666970554,116.08441306445584,117.62638094257267,119.21396653819991,120.84801065494906,122.52876058799998,124.26380005620156,126.05931143905012,127.91598716304922,129.8392512358104,131.8314117456789,133.8490436590724,135.89237778482536,137.9635243751393,140.0629450476832,142.19144763337792
Grayson,Kentucky,37.458577,-86.344011,14.497611526926775,14.575988765622444,14.652601492400361,14.726399402547585,14.79759955903813,14.866233471013377,14.932241621206257,14.996131656894706,15.0583272009796,15.118614691502643,15.177011633542385,15.233577544365895,15.28827391280036,15.341125245955755,15.392355608837502,15.441936993319926,15.490002438,15.536954559684348,15.583297504635192,15.628873727145585,15.673791758702535,15.718377193767054,15.76326371618261,15.808451325949216,15.854080063695257,15.900258460907736,15.947119556183633
Grayson,Texas,33.624508,-96.675699,114.8312027242287,116.73943647469292,118.6572451470469,120.5772886512766,122.49884938081647,124.42178381435332,126.34431331275675,128.28163575793417,130.24447936804128,132.23145506179767,134.241096871505,136.27246678286676,138.32506759704816,140.40008336488253,142.4989441737399,144.62342866275068,146.77563839399997,148.96496376197484,151.20051837005857,153.4845831819775,155.81929564014493,158.20730576309248,160.63608619048904,163.10521148415646,165.61711638065657,168.1753376552056,170.77879889795526
Grayson,Virginia,36.656303,-81.225337,17.529862591535334,17.74557266329747,17.961578785132502,18.176924668312907,18.39189226528906,18.606561462588566,18.820901715362634,19.03528896021177,19.249960507115034,19.464843518356073,19.67945397556175,19.893775431505794,20.107340315041345,20.320155674979645,20.531897266002765,20.742642625034577,20.95234476,21.161861276268926,21.371730233100823,21.581777759817953,21.7920602469104,22.002403823700426,22.214690522794275,22.428795815193034,22.644992254932063,22.863606436933047,23.084901516816338
Greeley,Kansas,38.480408,-101.805984,1.3248066443148883,1.3302878086091727,1.3357476999715572,1.341087205878418,1.3463483887178291,1.3514408385292158,1.3563766422057046,1.3611838413393438,1.365893378376534,1.3704815630067502,1.3749353413854168,1.3792063659400353,1.3832820663017553,1.3871783971695013,1.3908281554174993,1.3942724364823738,1.3975184925,1.4005813112178518,1.4034753969076808,1.4062312085401603,1.4088255392804911,1.4112666082159981,1.413575204802856,1.4157310230606148,1.4177509846396499,1.4196728006465107,1.4214592434503726
Greeley,Nebraska,41.5676,-98.530566,2.503822734463618,2.5115934884074114,2.5193311262977103,2.526747682451959,2.5338517958406337,2.540624748694368,2.5470521427290342,2.553181492282254,2.5590732701473646,2.564740434780082,2.570099476132462,2.5751446348908558,2.5798960686530417,2.584300503767747,2.588360819891797,2.592079896682017,2.5955470034999997,2.5987592606889205,2.601801618125132,2.6046740758086355,2.607458703958959,2.6101022289248292,2.6126780819552997,2.6149976455282946,2.6171242720939762,2.6190925175342508,2.620843348884196
Green,Kentucky,37.269637,-85.561403,4.933406073046556,4.960077138459756,4.986147756427194,5.011260517754967,5.035489287009812,5.05884478646755,5.081306762940523,5.103047964205787,5.124212545304884,5.144727833035056,5.164599784216194,5.18384865203596,5.202461331490571,5.220446162127891,5.237879391242616,5.254751487922908,5.271107723999999,5.287085106331549,5.302855191330634,5.318364367618167,5.333649567477522,5.348821587758805,5.364096065342343,5.379473000228132,5.395000046975362,5.410714137867403,5.426660544735481
Green,Wisconsin,42.677728,-89.605639,81.99565715258265,82.52436586924948,83.05230198922479,83.57373046783718,84.0888295966308,84.59681192128551,85.09596881450283,85.58444307269741,86.06284385864527,86.52684760239978,86.97449309697487,87.40386370827045,87.81344395816096,88.2012577820316,88.56521025423815,88.90470706963328,89.21937678750001,89.51002171978708,89.77895965656903,90.02654718093423,90.25321516411448,90.45880017219426,90.65808554571264,90.848902070882,91.0330475207729,91.21138363784897,91.3857676256955
Green Lake,Wisconsin,43.76141,-88.987228,45.46284946749648,45.75599431970796,46.04871080231664,46.33781909480959,46.623418051710516,46.90507106553966,47.18183078044472,47.45266746180362,47.71791886257239,47.975187760550874,48.22338675597814,48.461453162724226,48.68854671733751,48.90357178218011,49.10536681659832,49.29360230551308,49.468072302,49.62922165141578,49.77833546256879,49.91561144450647,50.041288495661114,50.155275999385985,50.265770643272816,50.371569697282965,50.47366994453068,50.572549181880525,50.6692371439546
Greenbrier,West Virginia,37.924418,-80.45059,10.46839912149319,10.492344381163644,10.51270160144238,10.528813167392649,10.540448336931389,10.54801667725604,10.5514951141583,10.551252834971077,10.547364830871372,10.540009926973559,10.529101594996487,10.514674446252618,10.496266996575812,10.474663769048508,10.449484039233637,10.421148911432804,10.389808368,10.354879785175477,10.317418807989277,10.277477353410088,10.235113106958678,10.189772287635682,10.141893305398929,10.090720479926373,10.03701526009214,9.980523829604847,9.921673061318181
Greene,Alabama,32.844497,-87.964201,3.381397662097568,3.3918560633996186,3.4024178574504096,3.4128238131552715,3.4231863139367493,3.433461904871459,3.4436753103123605,3.4537823261132523,3.463872859012171,3.4738892188522095,3.4838351517474533,3.4937091592522687,3.503567433077928,3.513412970115698,3.523234532023325,3.5330785706154617,3.5430110175,3.55308656594258,3.5634071102463065,3.574049820361331,3.585000461054128,3.596338449943298,3.6075722968609094,3.6187282246055554,3.6298242145248447,3.64086176506441,3.651894071044257
Greene,Arkansas,36.119922,-90.565241,25.13890733633859,25.32316320451263,25.50635216500695,25.687270527105973,25.86640159086975,26.043125273202364,26.217104175948702,26.389697010598308,26.561450909294646,26.73299507400265,26.903280834780738,27.073128889844064,27.24141761829858,27.408821816454516,27.575359722050013,27.74086719544201,27.905736347999998,28.070651094903265,28.235684387104286,28.401146266151002,28.56746531888911,28.733601994246076,28.899246250673936,29.063504439005076,29.22634008376326,29.38792644346058,29.54703247077427
Greene,Georgia,33.576836,-83.167103,16.364890898594304,16.614353882891177,16.8636809859923,17.111829831601565,17.358966083094593,17.604724908767743,17.848981595742735,18.0914439063794,18.33236312782056,18.571424685791133,18.808399629783214,19.04305714790267,19.2755573193664,19.505771708523636,19.733789661914045,19.960011377579885,20.184412657499998,20.40754074922985,20.630050860727,20.85176057613963,21.07236090535138,21.2916936305316,21.510229682399782,21.72747951637401,21.943217904718846,22.157420649413158,22.369838324700357
Greene,Illinois,39.355444,-90.387757,21.043184647086953,21.12456338135642,21.203734732845636,21.279341335805775,21.351647676945245,21.42079514852956,21.486457716628845,21.54998110292299,21.61228518885699,21.672629744334973,21.730913299613448,21.786415585857572,21.839156564328363,21.888627222869996,21.935103692259826,21.97840133083347,22.018468571999993,22.05603732866317,22.092122298257788,22.126592069148835,22.15961464861651,22.191111855055176,22.222289681317648,22.253331105629872,22.283998256298116,22.314387612750615,22.344788613272033
Greene,Indiana,39.0486,-87.005245,49.04741201763234,49.28737342827593,49.52419602663318,49.754946048456596,49.97970235837645,50.19857536687519,50.41136791237706,50.61845854510753,50.821282601338254,51.01962714656736,51.21295590130877,51.40105593106065,51.58469222273698,51.76275278505041,51.9354032337246,52.102343883164366,52.263653598000005,52.42014468392371,52.572739857110115,52.721746689617426,52.86673931244198,53.00745747230372,53.14811254046123,53.28814457803928,53.42819238854341,53.56794839991538,53.7076649789722
Greene,Iowa,42.042494,-94.388703,7.1891923559823825,7.21104348853617,7.231973143965284,7.251372662379477,7.26901894931699,7.2849144297176185,7.298843283939012,7.3107715628239385,7.320864162278924,7.328948911578039,7.334885164212784,7.33878931729364,7.340433426479243,7.3398829651442385,7.336973037382109,7.331822465243142,7.324520971499999,7.315020057356647,7.303620415348506,7.290387518850224,7.275326217741403,7.258383163346408,7.240938146412445,7.2229572177822865,7.204396728539506,7.185562221099126,7.166114203888895
Greene,Mississippi,31.212846,-88.634811,3.01380265670606,3.0267788847005965,3.03940319739192,3.0515105371599427,3.0630666467627568,3.0741338120947366,3.0846175662160826,3.094610299870115,3.104143156004021,3.1130884485343353,3.121450329854014,3.1292526762225688,3.136532859176623,3.1433022977968132,3.149504934778201,3.155290256267285,3.160813976999999,3.1661082780217704,3.1712935787283874,3.1763999839687966,3.1814025793852503,3.1863594984791637,3.1912562078751816,3.1960335359736507,3.2008305879386705,3.205548744437483,3.210225377006715
Greene,Missouri,37.258196,-93.340641,386.35246525646676,388.5038994901248,390.6609943287954,392.7984118262322,394.91655631136473,397.0119909882926,399.0779096533699,401.1217923917915,403.1484237625563,405.14405658206226,407.0997282257067,409.01617996319345,410.8816862555682,412.6959101620565,414.45332585395556,416.1531246734065,417.79860864,419.39995336512743,420.98168813717604,422.53390689737404,424.0662461518735,425.5808623216316,427.1039693989085,428.6318610351839,430.17552149970834,431.73609639111515,433.3174942223892
Greene,New York,42.286951,-74.149495,60.1295581189473,60.28980534742618,60.43603364357596,60.56608600775962,60.681217820027165,60.782574888603776,60.87081777506195,60.949493475902045,61.02203315455256,61.08699672417306,61.14451567095335,61.19335652920836,61.232864998612754,61.26238364821768,61.28188430241102,61.290596827795525,61.287967104,61.27700679089504,61.260765115834005,61.238334197982766,61.20921626819431,61.17294486355727,61.13509562464291,61.09647312170771,61.057180665329376,61.01648882021697,60.97649823478339
Greene,North Carolina,35.481933,-77.681667,15.241963744500024,15.46666954017075,15.693259258767721,15.92071807011085,16.14935522192578,16.379213369071206,16.610198315400815,16.84250911692192,17.07682114223071,17.31315394147077,17.55151284649943,17.791999162606125,18.034890146372444,18.28036530366213,18.528739214058135,18.77968485697705,19.033467048,19.29016931955863,19.550221774811575,19.813528440326746,20.079646771945036,20.348416813946315,20.62009982734015,20.894231940538106,21.170939340830525,21.45036776565132,21.73218663984551
Greene,Ohio,39.687479,-83.894894,129.49577489230302,129.76460760990557,130.02269968146044,130.26221608832438,130.48504492301313,130.69107312609458,130.87964495286275,131.05140484208044,131.206533688839,131.3424876559166,131.45741256862706,131.54969167709172,131.6185335652859,131.66277372105927,131.68261565138954,131.67706443327432,131.64705846,131.5945536597415,131.52399326817965,131.4360895597366,131.33257234372306,131.21381471626503,131.09218537923215,130.96752604941943,130.84113691029592,130.71395635514781,130.58961359174498
Greene,Pennsylvania,39.848983,-80.225694,106.92371205332233,107.22634904430298,107.52180689530424,107.80474439521171,108.07641271625735,108.33830463634555,108.58869440067356,108.82937679423618,109.06102486140655,109.28136060584502,109.48824409159619,109.67981150347318,109.85394016306857,110.00804143817831,110.14139914055919,110.25220985644242,110.33918789849999,110.4046371493935,110.45017981863754,110.47541898262743,110.48048407297345,110.46509034013312,110.43564033442452,110.391676730825,110.33292340856609,110.25963060209416,110.17377430065838
Greene,Tennessee,36.178998,-82.847746,26.695207937433505,26.9326496319476,27.171581234605483,27.410797274272635,27.650622821816786,27.890931460789368,28.131506477278574,28.373363717746063,28.617035937225072,28.862040044287156,29.108123206035188,29.3557820585171,29.604429668221705,29.854472373733675,30.105770213984947,30.358941726598864,30.61386501,30.871172146431196,31.131535851993725,31.395448247862355,31.663126047948907,31.934262240878294,32.20777777196458,32.48335208521317,32.7608497344292,33.040537097129274,33.32262637235205
Greene,Virginia,38.297981,-78.470163,26.476953872667067,26.802760512057027,27.12901430293394,27.454270875018505,27.77895608686974,28.103190598412688,28.426928274970138,28.75073692795408,29.074974988318353,29.399532442601892,29.723678233611714,30.04738751959856,30.369954085118728,30.691388576636207,31.01120125680813,31.329509236738232,31.64624154,31.96269348637709,32.279677755952946,32.5969317359495,32.914540598078574,33.23224172956207,33.55287773628142,33.87626053070635,34.2028017761106,34.53299475865832,34.867236946337954
Greenlee,Arizona,33.238872,-109.242323,4.092252231673505,4.1958938862197925,4.301800807086886,4.409706997093173,4.5197168529819765,4.631844675677035,4.746033976529568,4.862812459625672,4.982489024918184,5.105199531182658,5.230823135613467,5.359441353475947,5.491017717414552,5.625495023734313,5.762905449513651,5.903332655156459,6.046750899,6.193464075673803,6.34359016779874,6.497317232522026,6.654563039532144,6.81548918926738,6.9790474240174145,7.145256334983113,7.314024396252524,7.485589003159769,7.659858629792899
Greensville,Virginia,36.680225,-77.560261,0.7772159375533505,0.7867798063394791,0.79635680100345,0.8059045228763602,0.8154354727942498,0.8249531926606637,0.834456328218364,0.843961547248738,0.8534793712887856,0.8630065709558632,0.8725216864814354,0.8820239886500665,0.8914927469086568,0.9009282737781067,0.9103161932969704,0.9196599431951595,0.92895744,0.9382467070877807,0.9475516002206115,0.956864410549601,0.9661876382419573,0.975513574448789,0.984925662250664,0.9944183804449976,1.0040038131732956,1.0136964405706375,1.0235079300839942
Greenup,Kentucky,38.563596,-82.933833,16.600575206143645,16.69032152352846,16.778047376180975,16.86255010652244,16.94407826378581,17.02266792769843,17.098250947664177,17.17140860817945,17.242625981134346,17.31165852615451,17.378526287532935,17.443297415865732,17.50592781370836,17.566445543070987,17.625107170903746,17.68188062633787,17.736918246,17.790681048628656,17.843746309861633,17.89593363106213,17.94736728684661,17.998420101064486,18.049817677121602,18.10156001501796,18.15380746909739,18.20668431397637,18.260342886281535
Greenville,South Carolina,34.892645,-82.372077,297.7055749555141,300.72014668384327,303.71982182975614,306.6962299326567,309.6400074264547,312.55463018038057,315.43186960605215,318.2754143810199,321.08987535222224,323.8659598896759,326.6026039517794,329.2951257554877,331.9413262814917,334.5490085015333,337.1112916132584,339.62604753346443,342.09483685649997,344.5245403847193,346.92402513146516,349.2927945439907,351.63084862229584,353.93925140798154,356.2311260807959,358.5029967715081,360.7581974771354,362.9972956865316,365.2194401664159
Greenwood,Kansas,37.878659,-96.242232,7.231096519349112,7.2610139629401935,7.290815294021968,7.319959533857895,7.348676268545922,7.3764720199214935,7.403412761001263,7.429651549183862,7.455357275391916,7.480400632512793,7.504710369688503,7.5280225948524455,7.5502686960673016,7.571535757715051,7.59145696982311,7.610256640648095,7.627974354,7.644691916419466,7.660488495526479,7.675530343323002,7.68969079161706,7.7030147020599795,7.715615548240398,7.727382495490344,7.738407906033128,7.748897615680701,7.758648427541779
Greenwood,South Carolina,34.155796,-82.127876,40.51495305743865,40.925208162939406,41.33343598246339,41.73849737436651,42.1391180446062,42.53577102657705,42.92733648612046,43.31431641785926,43.69733831507195,44.075137537458765,44.44756927887849,44.813996392309846,45.1741196117277,45.529000848834166,45.87770369058283,46.2199385246913,46.555917733499996,46.88657773005532,47.21312523220063,47.53549266373666,47.85368002466345,48.16783212112215,48.479734895520906,48.788915314465136,49.095827103863925,49.40054749365924,49.70296063893813
Greer,Oklahoma,34.935263,-99.552968,2.9695543626576635,2.9815351013638067,2.9936047430780164,3.0055947954326223,3.0175077985135714,3.0292777100862986,3.0409197706664726,3.0526016259264477,3.0644214925227558,3.0762870806660687,3.0882110907861113,3.10033915447705,3.1125501943088514,3.124897552086356,3.137376147637672,3.1500418628535867,3.1629912209999995,3.1763292122959617,3.1902031617262696,3.2046291565019063,3.2196368309588936,3.2352177181440838,3.2508595673919483,3.2665014166398123,3.2821280253720078,3.2978020490418394,3.313331287812819
Gregg,Texas,32.486397,-94.816276,128.48213701234562,130.61721828261255,132.76301272488269,134.91130767196728,137.06130020947631,139.21282975453192,141.3639062264674,143.53153420504168,145.7277172603846,147.95090117964125,150.1994457234151,152.47230136789634,154.7689118081148,157.09060185281396,159.438971595671,161.81601111735228,164.22407180999997,166.67366038191693,169.17497384585567,171.7305643225557,174.3428233498785,177.01471597596415,179.7322256096051,182.49487623727015,185.30539203278238,188.16773021706368,191.08068641852918
Gregory,South Dakota,43.179094,-99.202158,4.576572809359559,4.595268178619415,4.6140230872718195,4.632200463816513,4.64971099916468,4.666429660591964,4.682171875981474,4.697015046543519,4.710875817128533,4.723444582895271,4.735013086867215,4.745015704815163,4.753714410066326,4.760835321414984,4.766759490973443,4.771445241166916,4.774696091999999,4.7766608919540605,4.777417042239411,4.777143161033693,4.7759940507575305,4.774136421710054,4.77234428599438,4.770623597549763,4.768873139408872,4.767378700655935,4.76590212372076
Grenada,Mississippi,33.770031,-89.80274,5.538712235640962,5.562559713711859,5.585760448177472,5.608011099116738,5.6292487091875545,5.649587746284662,5.668854600767699,5.687219066680535,5.704738377970537,5.721177875453492,5.736545190322376,5.750884201936843,5.764263591033738,5.776704343393764,5.788103437911651,5.798735597534779,5.808886991999999,5.818616763052924,5.828146215290054,5.8375306748605125,5.846724354606405,5.855834091229487,5.86483317555432,5.873612863080901,5.88242879877415,5.891099741800726,5.899694372897478
Griggs,North Dakota,47.463463,-98.232444,2.429162224477927,2.4306960690203385,2.4322681640500927,2.433469229352629,2.434459916974785,2.4350719247722563,2.4351140003083325,2.4347659208735206,2.434073587052632,2.4330599491380704,2.43142665332857,2.429414677694384,2.426851895042475,2.4236771045930943,2.4198291055664956,2.415403524181034,2.4102091079999997,2.404276457413266,2.397770049516403,2.3905713077986515,2.3828906099403913,2.3745022780663048,2.3653604115915834,2.3552393326409087,2.344292043163647,2.332660069962965,2.3201445105046847
Grimes,Texas,30.543231,-95.988082,25.381301018228836,25.80308058758501,26.22697651529103,26.651366411005917,27.076091661148812,27.50112054300358,27.92605992148059,28.354269005630886,28.78811906848776,29.22730307947691,29.6714970137118,30.120493540583205,30.5741827635387,31.032826394986643,31.49674052913454,31.966318301071997,32.44202422199999,32.92593386391904,33.42006161930559,33.92491165275584,34.44095640614981,34.9687816167824,35.50561834471408,36.05137255475051,36.60658240011234,37.17202961916221,37.747476291528876
Grundy,Illinois,41.29241,-88.401055,80.43665255711626,80.74771920808905,81.0503482349696,81.3393511665753,81.61573899177634,81.88005217632089,82.13104446977782,82.37385983438571,82.61201447671812,82.84267889962274,83.06546523944499,83.27762030007943,83.47922038257286,83.6683198102318,83.84597408087036,84.01147740980561,84.16463268599999,84.30823761450291,84.4461708318602,84.57793002284704,84.70415738794071,84.82455408137452,84.9437299580595,85.06238444425802,85.17960828582898,85.29577027116525,85.4119767654455
Grundy,Iowa,42.403323,-92.790261,8.745474995076997,8.772056358309577,8.797516767371883,8.821115802535642,8.842582074896479,8.861918534333784,8.878862641581367,8.893373098327684,8.905650496371631,8.915485394276129,8.92270669903624,8.927456004862947,8.929456023093074,8.928786400470303,8.925246545195737,8.918981001359759,8.910098914499999,8.898541287028547,8.884673903990443,8.868576412129359,8.850254711204098,8.829643903867945,8.808422471496936,8.786549115779524,8.763970738886593,8.74105902562198,8.717400992870306
Grundy,Missouri,40.112541,-93.565054,13.049328332488084,13.121994548509567,13.194851955477173,13.267044746298739,13.338586577470425,13.409361368774945,13.479139235860414,13.548172823905631,13.616623734781722,13.68402764761954,13.750081843421068,13.81481135909591,13.877820156255677,13.939096854486912,13.998454815008875,14.055866724829277,14.111444112,14.16553066500753,14.218954877951724,14.271382166676865,14.323138011007899,14.37429524559096,14.425739266593206,14.477344889466574,14.529483115689844,14.58219263866878,14.635605471199511
Grundy,Tennessee,35.387273,-85.722188,5.472573001575445,5.521249041480872,5.570230515646321,5.619270299988682,5.668435034710144,5.71769880417652,5.767017181586357,5.816598417571483,5.866551728018817,5.9167780781834445,5.967225636796996,6.01799621527948,6.068969491043613,6.120228764342131,6.171745342865758,6.223646028110319,6.275905829999998,6.3286543267057125,6.382029426423652,6.436132015015461,6.491006519282596,6.546590001256328,6.602661252487729,6.659154558332979,6.716042152041165,6.773378641555748,6.83120752811982
Guadalupe,New Mexico,34.869782,-104.784968,1.9167230173473004,1.9346808336048014,1.9520497189298127,1.9687432154134208,1.9846962253359723,1.9998792512932482,2.0141895609464213,2.0278427904918437,2.0409772725837785,2.0535146865282674,2.0653970546687437,2.076555210678078,2.0870145833530067,2.0966795604177912,2.1053355228279487,2.1131797980461786,2.1200913449999996,2.126149501535241,2.13150073752112,2.1360413034669423,2.1397671307652275,2.1427158540351505,2.144245650447005,2.1443331255077887,2.142897924219806,2.1400488818331023,2.135721917779893
Guadalupe,Texas,29.583208,-97.949027,120.52732504260437,122.53021540727131,124.54315565119997,126.55844158429248,128.5753200036064,130.5936402685531,132.6115355118394,134.64495749578384,136.70516660437715,138.79070485192358,140.90003355241183,143.03216816199563,145.18658681863624,147.36453230718885,149.56750565351746,151.79737372491536,154.05634232999998,156.35426766727636,158.70071541411465,161.09807967986782,163.54860393330054,166.055069645279,168.60432804443514,171.1959325890245,173.8324387890305,176.5175588589557,179.25016299438636
Guernsey,Ohio,40.056665,-81.497875,35.474896186971904,35.548541931449236,35.6192453150361,35.684859962893455,35.74590311109363,35.802343787416724,35.854002352987315,35.901055349458815,35.943552332383106,35.9807964268124,36.01227968834037,36.03755921422244,36.056418198919324,36.06853762856605,36.07397325315843,36.072452517161366,36.064232489999995,36.049848991078605,36.03051922863926,36.006438327667304,35.9780801631272,35.94554694334463,35.91222702917661,35.878077059515284,35.84345321488949,35.808612564724406,35.7745493172788
Guilford,North Carolina,36.079065,-79.788665,489.9937406698198,497.21751020611845,504.5018434897947,511.8141160871199,519.1642695943617,526.5536752661776,533.9793049151987,541.4475577298274,548.9801452421423,556.5776959438614,564.2403812418172,571.9714578658214,579.7798389711484,587.6712952544824,595.6559397189233,603.7232594120959,611.8817675399999,620.1341494763393,628.4942320389123,636.9589299047387,645.514016306746,654.1543490399682,662.8883270391831,671.7010379099894,680.5965382807487,689.5795132715416,698.6393356587715
Gulf,Florida,29.907257,-85.256537,30.896610086492103,31.485055586021733,32.08707701463818,32.700703614953476,33.32662227503533,33.965332876775946,34.617164479118735,35.284353963624525,35.96888827090798,36.671094661776245,37.39070521392017,38.1279195204694,38.8830360720502,39.655916412167244,40.44714493511898,41.25776815623368,42.088122327,42.94026990975733,43.8161439010313,44.71628374171277,45.64191216448771,46.59413142690978,47.56092278593048,48.54219273846204,49.53874505143187,50.55144462840164,51.580922615213666
Gunnison,Colorado,38.669679,-107.078108,20.815488011528167,21.011380479933727,21.207354846988224,21.40208708453385,21.59634612988562,21.78986353747203,21.983208047910683,22.17738519461352,22.37359615776494,22.571786338265657,22.772215081837288,22.97481413960574,23.17961536104558,23.386177403437557,23.594978008900444,23.8056986826884,24.018448622999998,24.23370557195403,24.452493262662202,24.67460239857723,24.899832783001724,25.12833911338366,25.36245550121773,25.601745153709597,25.84666761327831,26.097909918589927,26.354789580903322
Guthrie,Iowa,41.683573,-94.501272,8.641295415734927,8.667560131187775,8.692717245722623,8.716035159785744,8.737245717365411,8.756351833200881,8.773094095498202,8.787431697907763,8.7995628426991,8.809280583384908,8.816415865088223,8.821108595293424,8.823084788510272,8.822423142698733,8.818925455589266,8.812734549405507,8.803958269499999,8.792538321087585,8.778836131836243,8.762930399705937,8.744826954175185,8.724461670980306,8.703493036759044,8.68188024516179,8.659570830881897,8.636932051065866,8.613555842217586
Gwinnett,Georgia,33.959101,-84.022938,922.1556260581896,936.2127741252376,950.262265336526,964.2453621684199,978.17139969164,992.0198197729142,1005.7835948870927,1019.4462575498715,1033.0219676999834,1046.4929991919032,1059.8464507481183,1073.0693162026807,1086.1706159610064,1099.143112721075,1111.9918411277704,1124.7393521946308,1137.384282372,1149.9574688597868,1162.4958323871326,1174.989093887402,1187.4198418803742,1199.7791608490686,1212.0935875675564,1224.3355363774167,1236.4923157780058,1248.5625622196692,1260.5322206521073
Haakon,South Dakota,44.284312,-101.59179,2.1578551230632845,2.166669993931817,2.1755129376375106,2.184083574822743,2.1923397962317726,2.200222648906562,2.2076451070519125,2.214643665356132,2.221179021847197,2.22710519777187,2.2325597500322387,2.2372759866752756,2.241377428184488,2.244734939508935,2.247528186806447,2.2497375190910125,2.2512702959999995,2.25219669962631,2.252553224658254,2.2524240896073136,2.2518822838501085,2.251006411330687,2.2501614189321426,2.249350113938192,2.2485247725256605,2.247820144312921,2.24712393795133
Habersham,Georgia,34.635108,-83.526406,43.82520651160802,44.49326882082584,45.160967239963256,45.82551028347217,46.48734159816288,47.14548416409353,47.79960399995748,48.448918492842154,49.094100590156444,49.7343078614403,50.36892717683224,50.9973404216752,51.619976288392614,52.23649082608661,52.84712330494702,53.4529454560325,54.053892476999984,54.65142989776224,55.2473123663781,55.84105137287663,56.43181944118464,57.019192863674284,57.60443279363784,58.18622822982683,58.763976011971,59.337611337727296,59.90646624448239
Haines,Alaska,59.099905,-135.578102,0.7953369068469736,0.8023285035692472,0.8096550561490714,0.8173845266444996,0.8253530779512953,0.833706343051002,0.8423763598855661,0.85120171856711,0.8603438289835116,0.8697735645384618,0.8793234473031851,0.8890213902658114,0.8989244330107783,0.9089257780182872,0.919103096211828,0.9294187657378353,0.93984366,0.9504918581671986,0.9614434583792796,0.9726280713618303,0.9842265247336011,0.9962278960209757,1.0079938273215214,1.0195595132724447,1.0309176722246687,1.0420501000554998,1.0530162635657352
Hale,Alabama,32.752796,-87.623061,8.374489536970614,8.400391185055131,8.426548899293069,8.452320658749036,8.477984796198493,8.503433689634925,8.528728572268928,8.553759966542168,8.578750538675001,8.603557411176032,8.62818986180444,8.652644179456555,8.6770595305201,8.701443337202432,8.725767766225994,8.750147861804646,8.7747469125,8.799700373596107,8.825260600142723,8.851618713978999,8.87873945962004,8.906819525560502,8.93464166979571,8.962270836639929,8.989751559337233,9.017087548991293,9.044410549782503
Hale,Texas,34.068436,-101.822888,29.36637223947285,29.854374640446,30.3448256852869,30.835848255141908,31.32725883280465,31.819020714833847,32.31067904072518,32.80612044274195,33.308088503119286,33.81622798497915,34.330163988885694,34.84965663163346,35.374578762015176,35.905233183421345,36.4419856194275,36.98529093053798,37.535686559999995,38.09557396154253,38.667283803686345,39.25139940898029,39.84846739653184,40.45916546916737,41.08028994079868,41.711732011939105,42.35411433025313,43.008341373400654,43.67413786557215
Halifax,North Carolina,36.251438,-77.644842,47.735312786409736,48.439054221638614,49.148695792286894,49.86105921785974,50.57711301115247,51.296990760136794,52.02039745804178,52.74795651540227,53.48178307510449,54.22193836496881,54.96843908349172,55.721602502106116,56.48229694262846,57.25108458777322,58.028950648832144,58.81487095135506,59.609674853999984,60.41362396654493,61.22806530103851,62.052698284544235,62.886136941855085,63.727880318077005,64.57874663953697,65.43728313704214,66.3038850083423,67.17900867900762,68.06161884225693
Halifax,Virginia,36.766461,-78.939614,50.734591923648594,51.35889587398061,51.98405664675254,52.6073065694799,53.22946166353402,53.85075313497013,54.47109258147299,55.09156803153774,55.712866303151934,56.33477659079465,56.95589805777838,57.57618310285649,58.194278490588125,58.81020462150757,59.4230230710378,60.032958245055895,60.63987414000001,61.24625282087462,61.85365152846344,62.46156704958743,63.07016258852089,63.67893493208482,64.29333102293299,64.9129904516264,65.53870203882398,66.17141100928094,66.81187898294387
Hall,Georgia,34.317588,-83.818497,189.65584252674742,192.54691664140122,195.43641600295572,198.3122603136628,201.17636947798596,204.0245153917133,206.85525273350723,209.6651947056061,212.45725352264563,215.2277835233412,217.97413135658024,220.6936220992899,223.38811094005294,226.05610941361115,228.69865297405718,231.32037959284796,233.9210088345,236.50688285533107,239.0855949853543,241.65503117246385,244.21161047125568,246.7534992651074,249.28615525996588,251.80390503028153,254.3041383688624,256.78657484022494,259.24832380169386
Hall,Nebraska,40.866023,-98.498004,59.720167166725844,59.90551204683543,60.090067056231206,60.26696375392334,60.436408193141574,60.597953925221525,60.75125752811373,60.897452294581505,61.037980597232696,61.17315151591183,61.300973202731896,61.42130828887309,61.5346375652047,61.639690370143605,61.736535388099696,61.825241303482876,61.90793733299999,61.984554792241155,62.05711987129833,62.12563257017153,62.19205039454283,62.25510268282913,62.316540887482844,62.37186617965565,62.42258961636527,62.46953541053051,62.51129553174846
Hall,Texas,34.453189,-100.576343,2.5908498942133527,2.633903934345613,2.6771740062251372,2.7204945009321833,2.7638492276505717,2.80723494821707,2.8506115325372967,2.8943218789681264,2.938608040211394,2.983438675472929,3.0287807092282564,3.0746129777676625,3.1209242631685084,3.1677412802774865,3.215096295078261,3.2630294376652125,3.311588124,3.360984222477156,3.411423356462119,3.462956989620592,3.515633347455042,3.5695122203366347,3.6243109628744072,3.6800199762273427,3.7366941935217524,3.7944134123516475,3.8531533464927628
Hamblen,Tennessee,36.218397,-83.266071,26.923429578219068,27.162901200098403,27.403875467586687,27.64513660378213,27.887012458635787,28.129375534944458,28.37200726607413,28.615932183121803,28.861687595729464,29.1087862824421,29.356973248853336,29.606749376832813,29.85752271508006,30.109703076033856,30.363149302076415,30.618485218809006,30.8755878825,31.135094779165307,31.397684376064728,31.66385300159637,31.933819222394263,32.20727340239354,32.48312726189559,32.761057504420904,33.04092752582322,33.323005980923554,33.60750688288435
Hamilton,Florida,30.491102,-82.951049,29.2608163158171,29.818107087374372,30.388255022426748,30.969393703597962,31.56217365227281,32.167068284537585,32.784389237600195,33.41625496330012,34.06454720543362,34.72957589827303,35.41108730441959,36.10927044972071,36.82440802147973,37.55636889365832,38.30570652031427,39.07341200994478,39.859803811499994,40.66683519206985,41.49633680738376,42.34881953811041,43.225441380432144,44.12724623384862,45.042851677061684,45.97216915742208,46.915959887126164,47.87504297817935,48.850016160964024
Hamilton,Illinois,38.085226,-88.539005,12.600316882273809,12.649045145436945,12.696451663675147,12.741723668443774,12.785019530084247,12.826423911986627,12.865741590333824,12.9037783613913,12.94108503521443,12.977218374055218,13.012117619480792,13.04535148622175,13.07693192675669,13.10655415288137,13.134383507216391,13.160309429334728,13.184301042,13.206796602760791,13.228403695945817,13.249043634404313,13.268817018164471,13.28767703335179,13.306345808881542,13.324932909140879,13.343295900426508,13.361492553051653,13.379696177955976
Hamilton,Indiana,40.04987,-86.020586,480.7783451392815,483.1305232698021,485.4519337631602,487.71381892833926,489.9169518215497,492.06241472148525,494.1482749876208,496.178243289765,498.16638925094196,500.1106256193843,502.00569561286335,503.8495119796115,505.64957336486725,507.3949796760676,509.0873543312541,510.7237597168282,512.304968889,513.8389443267336,515.3347307876876,516.7953431910811,518.2166070333799,519.5959712290902,520.9747169798326,522.3473555865149,523.7201488044394,525.0900817143863,526.4596280962284
Hamilton,Iowa,42.390768,-93.709198,11.801142195317865,11.837011081505256,11.87136735236125,11.903211885653795,11.932178469250026,11.958271083716607,11.981135458620654,12.00071586602891,12.017282984474354,12.030554193724022,12.040298620911543,12.046707333236666,12.04940615743321,12.048502568801034,12.043725888807153,12.03527116521798,12.023285678999999,12.007689818819976,11.988977174943944,11.967255222671765,11.942531923136766,11.91471970387239,11.886083507309067,11.856567605513542,11.8261003482859,11.795183287025496,11.76325914239972
Hamilton,Kansas,37.995244,-101.793689,3.020782745096058,3.033280724778046,3.045730198584935,3.0579051732350075,3.069901558072214,3.0815132031273773,3.092767668556805,3.1037288939231287,3.1144674332264937,3.1249292685605385,3.1350846349564536,3.144823291789009,3.1541165764956482,3.1630008684826945,3.1713229332810835,3.1791764754222567,3.1865780309999994,3.1935617746081317,3.2001607784342223,3.2064444940721626,3.2123600060218456,3.217926055189558,3.223190045044149,3.2281056745230226,3.2327115278450074,3.237093592697782,3.2411669837999213
Hamilton,Nebraska,40.877145,-98.021943,8.596361791141907,8.623041080922022,8.64960667352501,8.67506989784544,8.699460414016476,8.722713958416263,8.744781097489533,8.765824961968676,8.786053172785838,8.80551022014076,8.823909389412874,8.84123090718006,8.857543980419708,8.87266570497731,8.886605967563915,8.899374654890586,8.911278255,8.922306881181104,8.932752191410007,8.942614185686702,8.95217463527624,8.961250636024117,8.970094299062218,8.978058044816482,8.985359380930106,8.99211694793574,8.998128068256772
Hamilton,New York,43.657879,-74.502456,4.116960792958428,4.127932627401693,4.137944611206378,4.14684905855516,4.154731923022418,4.161671656000227,4.167713484930468,4.173100266171676,4.178066925203947,4.1825148619170225,4.186453078929664,4.189797123103954,4.192502195694143,4.194523283606416,4.195858457708181,4.196454988375258,4.196274936,4.195524503421692,4.194412465656406,4.192876661765066,4.190883010405214,4.188399573715046,4.185808105599721,4.1831636935121495,4.1804734109385,4.177687314779444,4.1749492325871245
Hamilton,Ohio,39.196927,-84.544187,736.8300310823661,738.3596873188865,739.8282293563702,741.1910759948885,742.4589704673242,743.6312694663196,744.7042418091964,745.6815543478968,746.564236374194,747.3378134725268,747.9917354022194,748.5168028680483,748.9085127185056,749.1602388878009,749.2731393291793,749.2415529378876,749.0708191649999,748.7720672278142,748.3705791055111,747.8704076344477,747.2813954172058,746.6056653680673,745.9135953120287,745.2042846187882,744.4851313229659,743.7614748756357,743.0539654429983
Hamilton,Tennessee,35.159186,-85.202296,143.4398721880845,144.71570440460246,145.99954226146676,147.28490846785166,148.5735497089237,149.8647867182292,151.1574550389906,152.45701306235298,153.76632341122811,155.08279031738252,156.4050552479089,157.73578674958938,159.07183108531783,160.41537161155233,161.7656562832907,163.1260086542524,164.49577371750001,165.87834780530167,167.27734558557128,168.69541134557474,170.13370954208972,171.59059052801453,173.06025627897714,174.54098436932736,176.03204701357916,177.53487552318833,179.05061009541637
Hamilton,Texas,31.706982,-98.111794,7.755515824032476,7.884394880391568,8.013920611665386,8.143597279910734,8.273376419127583,8.40324833611592,8.533092904432815,8.663936564721814,8.796503883683416,8.930701044988984,9.066429039524165,9.203624515303197,9.342253892311783,9.482397139449965,9.6241508425321,9.767635128001128,9.912991931999999,10.060855466757719,10.211841250474707,10.366103335793921,10.523786082158322,10.685068467582312,10.849104414179603,11.015865188535892,11.185515228865574,11.35829340331167,11.534127012874128
Hamlin,South Dakota,44.680619,-97.178598,6.2669622191093275,6.2925628547168735,6.318245021011069,6.343136339644775,6.367114514588022,6.390008331398846,6.41156504494864,6.431890645130045,6.450870988981755,6.468082116933196,6.483923529348949,6.497620684705854,6.509532318025161,6.519283388148289,6.527395691469789,6.533812156509005,6.538263731999999,6.540954244659391,6.541989684379823,6.541614643221242,6.5400411009689305,6.537497343545506,6.535043269877394,6.532687033033261,6.530290030845801,6.5282436106109305,6.5262216495820535
Hampden,Massachusetts,42.136198,-72.635648,842.541210887902,846.469537542048,850.2369810862715,853.7919914038338,857.164823349143,860.3688513857362,863.4243319826592,866.3812570667241,869.27481576044,872.1065662537337,874.8798846247796,877.5959395160226,880.2505757543249,882.8465201720581,885.3813056351722,887.8302608031619,890.186893218,892.4699011588057,894.704735061047,896.8830845784487,898.9791097280612,900.9760599681732,902.9475597728174,904.8917912537459,906.8082350143164,908.6719600157033,910.5034824252738
Hampshire,Massachusetts,42.339459,-72.663694,293.00732506673694,294.3734641588613,295.6836535489678,296.9199658506959,298.0929226787105,299.2071752188939,300.2697679857856,301.2980864800128,302.30436828773094,303.289155294674,304.2536215865984,305.19817357780465,306.1213662396692,307.02414787222625,307.9056604897307,308.75732423472994,309.57688125,310.37083416434655,311.148033778089,311.9055900339803,312.6345166602676,313.32898838531236,314.01460931003794,314.6907472344215,315.3572215298852,316.0053620246877,316.6423035476577
Hampshire,West Virginia,39.31214,-78.611989,6.053277205756554,6.067123381553526,6.078894799136644,6.08821119735417,6.094939151240581,6.099315490109679,6.101326871464912,6.101186775251114,6.09893856458208,6.09468564380609,6.088377978561071,6.080035582591852,6.06939160596739,6.056899693570458,6.042339694207946,6.025955108441931,6.007832662499999,5.9876354583442115,5.965973915191829,5.942878053660093,5.918381229990382,5.892163224265447,5.864477543919777,5.83488722219129,5.803832561466206,5.771166794282455,5.7371367568262475
Hampton,South Carolina,32.778323,-81.143362,14.101456183305306,14.24424776906858,14.386333746600444,14.52731763127563,14.666755897920101,14.804813188454524,14.94109973833202,15.075790269590861,15.209103184778844,15.34059831876114,15.4702252709498,15.597762278757797,15.723105180970029,15.846623581898184,15.96799155774013,16.08710830731996,16.2040477515,16.319135814082387,16.432792499966766,16.54499428887876,16.655741180818367,16.765083576373545,16.873643082795784,16.981255058164404,17.08807742432169,17.194137061581205,17.29939364947259
Hancock,Georgia,33.26922,-83.000465,8.279496949513765,8.405707874493409,8.531850053035779,8.657396115211098,8.782429875168921,8.906766753433823,9.030343653960639,9.153012724822627,9.27490109984214,9.395849626308232,9.515742471182755,9.634462859695542,9.752091780800098,9.868564254987213,9.983925485393732,10.098377944403401,10.211909389499999,10.324796689896655,10.437371335263515,10.54954103586287,10.66114946417982,10.77211657299288,10.882680620502468,10.992593931187994,11.101742555475344,11.210114250848294,11.317582825216501
Hancock,Illinois,40.405792,-91.167988,29.00850758084042,29.1206900128043,29.22982951751222,29.334054935475958,29.433730867625208,29.529052226406662,29.61956956664913,29.707137996227573,29.793025592589277,29.876211931748617,29.95655713536152,30.033068296493667,30.105772932196345,30.17396935766149,30.23803822543204,30.297725002783487,30.352958603999994,30.404747987629122,30.454491937111825,30.502009298527035,30.547531673723203,30.59095128758274,30.633930628621506,30.67672193647642,30.718997299619506,30.76088971713203,30.802798186257828
Hancock,Indiana,39.822604,-85.772904,124.08507923176045,124.69215775899389,125.29129540300387,125.87507003173238,126.44368116485838,126.99740812993248,127.53575212775716,128.05967085279158,128.57279556319315,129.07458755582866,129.56369009688103,130.03956448321696,130.50414605572263,130.95462158692442,131.3914100681481,131.81375332461366,132.221850876,132.61775777500065,133.00380840185966,133.3807808833251,133.74759781313037,134.10360077633496,134.45944412379637,134.81371126579378,135.16801831172708,135.5215871348481,135.87505619812964
Hancock,Iowa,43.075411,-93.743697,8.12841133282012,8.153117166895818,8.176781139141664,8.198715072401631,8.218666726443232,8.236638843008118,8.252387407088772,8.265874034301998,8.277285163080496,8.286426129766589,8.293137913344136,8.297552117412707,8.299411018256489,8.298788642900238,8.295498552911242,8.289675093630718,8.2814197095,8.270677565685927,8.25778863815404,8.242826953929086,8.225797996494379,8.206641447533453,8.186917358049428,8.166587343659096,8.145602053012622,8.12430694555885,8.102318177465733
Hancock,Kentucky,37.843389,-86.792773,5.269635731060883,5.29812452707845,5.325971952961887,5.352796240774203,5.378676289222378,5.403623551344522,5.427616393624202,5.450839337230967,5.473446361899393,5.495359841482303,5.516586138778638,5.537146887304827,5.557028088903188,5.576238651492246,5.594860018898556,5.612882010643801,5.630352983999999,5.647419283342995,5.664264157282537,5.6808303406280825,5.697157282733117,5.713363331658106,5.729678820725031,5.74610374993389,5.762689021676285,5.779474085305701,5.7965072980941565
Hancock,Maine,44.564906,-68.370703,35.705053520357566,35.92673519017332,36.14719074455867,36.36260560217462,36.57327948012636,36.77763205185917,36.97784307813821,37.17061567080616,37.355159666585664,37.52970400985505,37.69261388004045,37.84277214974972,37.98094173525066,38.10467040568249,38.212977268700875,38.30490867897108,38.381908728,38.443841180739824,38.48926194568363,38.52010556051051,38.53667174232564,38.53822482187082,38.53258469089099,38.520786735749624,38.501959052140634,38.47860836494396,38.44817345526056
Hancock,Mississippi,30.391437,-89.47985,10.92847297094188,10.975526601539597,11.021304137675509,11.065207057168402,11.107111138433506,11.147242238897688,11.185257808130196,11.221492867980887,11.256060347163197,11.288497237952038,11.318818597509209,11.347111004515003,11.373509973425548,11.398056911435766,11.420548546861477,11.441526937527161,11.461556726999998,11.48075460828387,11.499557239070716,11.518073783783532,11.536213899451562,11.554188386339893,11.571944544382246,11.589267809023102,11.606662595182467,11.623771295267794,11.640729423735214
Hancock,Ohio,41.000471,-83.666034,61.835223031142306,61.96359271011328,62.0868336484407,62.201204564791965,62.30760703778544,62.40598708067752,62.49603157035526,62.57804823125722,62.65212344217322,62.7170425013719,62.771920026257924,62.815984006397606,62.848856534585586,62.86998154736268,62.87945622086735,62.87680547175578,62.862477389999995,62.83740594626457,62.8037128195736,62.76173812641187,62.71230786395674,62.65560018846212,62.59752124967965,62.53799546616824,62.477643685479514,62.416913997585475,62.357539376956204
Hancock,Tennessee,36.52142,-83.227453,2.1240038319210863,2.14289587689739,2.16190646639352,2.1809396871161626,2.2000214033241887,2.219141556694704,2.23828290438846,2.257526272214431,2.276914048819099,2.296407797039975,2.315987400231272,2.3356923732329293,2.355476016688653,2.3753706609220324,2.3953651699327208,2.415508757657735,2.435791725,2.456264363573987,2.4769801980265265,2.497978383971743,2.5192761642488835,2.540849111502348,2.562611370761717,2.5845374369939367,2.6066165334244773,2.628869854376581,2.651314283463677
Hancock,West Virginia,40.516931,-80.570057,9.060583711556422,9.081308755301997,9.098928287794926,9.112873131731662,9.122943575777631,9.12949410755171,9.132504755920436,9.132295059019134,9.128929923031533,9.122564124241938,9.11312277089988,9.100635819705547,9.084703847989783,9.066005874290147,9.044212374904594,9.01968782301872,8.992562031,8.962330727728627,8.92990759256029,8.895337560545267,8.858670559517199,8.819427282273109,8.777987180348687,8.733696199123198,8.687213386000744,8.638319058513291,8.587382682629801
Hand,South Dakota,44.546713,-99.004575,2.8538364417689,2.8654944068682404,2.877189499244967,2.8885244570310458,2.899443589310396,2.9098689288005066,2.91968538094148,2.928941211193919,2.9375844413694803,2.9454220096257573,2.9526358396219403,2.958873222222862,2.9642975174490203,2.9687379398244373,2.972432103924388,2.9753540206547,2.9773811699999997,2.978606370153752,2.979077886576559,2.9789071011005817,2.9781905446470236,2.9770321735925673,2.9759146425432355,2.9748416642267674,2.973750122271606,2.9728182276092068,2.971897471130023
Hanover,Virginia,37.760166,-77.490992,213.06798088071452,215.68984452659305,218.3153065344634,220.93274362392344,223.54558280639395,226.15479506844417,228.76000915050352,231.36579440113306,233.97503522161176,236.5868463006561,239.1953446019936,241.80033021662496,244.39612001727727,246.98279967923597,249.55642813936737,252.11794782581208,254.66678756999997,257.2133711983359,259.76423859094774,262.3172764241261,264.873170100155,267.42980629532525,270.0100603108701,272.6124185500787,275.2401937906581,277.8973556541704,280.58710268460845
Hansford,Texas,36.272847,-101.35693,5.1612591580976055,5.247027561516902,5.333226324038242,5.41952553440139,5.5058929387121855,5.592322086191796,5.678733033259703,5.765808871317176,5.854031796081869,5.943339373230095,6.033665712663787,6.124968653935579,6.217225849704523,6.310490518895978,6.404826938913302,6.500315053337011,6.597049319999999,6.695451804145814,6.795932130230257,6.898592819559759,7.003529942661918,7.110862608560159,7.2200277564164725,7.3310062642793214,7.443907565003886,7.558890624211367,7.675907061060534
Hanson,South Dakota,43.680612,-97.796845,2.8600971432864912,2.871780683446379,2.8835014323328902,2.8948612565711507,2.9058043430712233,2.9162525535071993,2.926090540826544,2.935366676373868,2.9440288679318996,2.951883630122193,2.959113285705206,2.9653643517780126,2.970800546737757,2.9752507104419688,2.978952978741041,2.981881305526337,2.9839129019999997,2.9851407899785865,2.985613340806709,2.98544218066424,2.9847240522403995,2.983563139969736,2.9824431572983574,2.981367825098929,2.9802738885361877,2.979339949497929,2.9784171730776574
Haralson,Georgia,33.795165,-85.220062,28.156409131808733,28.5856195611742,29.014596201841385,29.441545606261833,29.866752804492343,30.289590089890957,30.70984288926884,31.127008396795453,31.541518961433365,31.952833346333122,32.36055763355105,32.764294702558566,33.16431997565775,33.560412474489944,33.95272592313075,34.34194887733537,34.72803970349999,35.111939961587574,35.494776961485705,35.876236849873415,36.255787997655986,36.633158185116216,37.00915766623584,37.382944161184064,37.75413015718703,38.122674020640915,38.48814660516806
Hardee,Florida,27.492846,-81.82158,52.94989115772935,53.958355357041995,54.99008566760439,56.04170465128014,57.11438948085035,58.20899684226567,59.32609066908355,60.46950447685296,61.64264343814752,62.84606840492058,64.07932021815537,65.34274093591135,66.63684210447556,67.96138644032936,69.31737546481791,70.70660267155012,72.1296443205,73.590035011615,75.09108746934463,76.63372617493056,78.2200466191874,79.85193782545228,81.50880235165997,83.19047995439519,84.89834811070804,86.63388907218952,88.39818448189233
Hardeman,Tennessee,35.218131,-88.989037,10.40010367905643,10.492607856078209,10.585692481815869,10.678887920490201,10.772320815457395,10.865941916523377,10.959666794784019,11.053891210727421,11.148822718742903,11.244273112731676,11.340143892305596,11.43662854036995,11.533498395309396,11.630911761319169,11.728814111398687,11.827446419711823,11.926761195,12.027004688233596,12.128438980802509,12.231255796676535,12.335539564759802,12.441170677438125,12.547728749126366,12.65508889540383,12.763198348205439,12.87216088472585,12.98205917493369
Hardeman,Texas,34.289904,-99.745697,3.426360658915292,3.483298990096121,3.540523020066972,3.597813733481319,3.6551497182242776,3.7125266918728705,3.7698915829709216,3.827697869522937,3.8862656626464296,3.9455535146047316,4.0055176835060085,4.066130180657233,4.127376170521667,4.189290983088866,4.251917289644919,4.315308161646006,4.379526306,4.444851915524523,4.511556924078601,4.579709391598831,4.649373095598827,4.720627107959987,4.793097634333906,4.866771980395331,4.941722794391194,5.0180556074591305,5.095738301426819
Hardin,Illinois,37.517852,-88.266148,5.338826362925278,5.359472806854073,5.3795592198950555,5.398741227365139,5.417085931684197,5.434629205215043,5.451288330509291,5.467404728055441,5.483211779225733,5.498521681650098,5.5133086916328695,5.527390071137553,5.540770884497725,5.553321991207228,5.565113447880515,5.576098409432016,5.586263792999999,5.595795290815539,5.604950339835353,5.613695599863407,5.622073695707289,5.630064792060499,5.637974859076512,5.645850319813096,5.653630824295155,5.661340850134964,5.669053830169358
Hardin,Iowa,42.389955,-93.241081,15.015482908710505,15.061121596778758,15.104835670324103,15.145353870806405,15.182210238920124,15.21540983944031,15.244501907386608,15.269415535908161,15.290495129709084,15.307381089760083,15.31977965910767,15.327933946954733,15.331367864445605,15.330218160506925,15.324140430434579,15.313382848206524,15.298132810499997,15.27828902181379,15.254479514255369,15.226841036751383,15.195383718851934,15.1599961355057,15.123560143721987,15.086004836649952,15.04723904833851,15.007900940445248,14.96728144446174
Hardin,Kentucky,37.695836,-85.963183,61.09802324996071,61.42833244214741,61.751205361816,62.062215656277225,62.36227810508682,62.651525498825514,62.92970701084086,63.19896204493274,63.46107589668582,63.715148541053296,63.961253750579985,64.19964235191829,64.43015204546955,64.6528861127966,64.86878884247308,65.07774219842734,65.280306852,65.47817957172195,65.6734850068841,65.86555920458304,66.05485955459666,66.2427582262587,66.43192578569165,66.62236223289554,66.81465774822895,67.00926972146978,67.20675882395867
Hardin,Ohio,40.660415,-83.664077,29.231942679801417,29.29262807743659,29.350888917592,29.40495654939035,29.455257184514895,29.501765301307966,29.544332874155003,29.583105376504804,29.618123643009643,29.648813436371693,29.674756201404982,29.695586978404656,29.71112711576695,29.721113740417728,29.72559279134084,29.72433967794868,29.71756623,29.70571397217269,29.689785905613636,29.669942816766245,29.646575186993026,29.619767237764336,29.592311038430534,29.56417085867087,29.535640197548673,29.506930884822708,29.478862165704548
Hardin,Tennessee,35.201893,-88.185696,9.002295570674844,9.0823668823435,9.162940628513319,9.243610293996992,9.32448550086751,9.405523618318707,9.486651564968593,9.568211909795242,9.65038431119603,9.733005858590284,9.815991290365686,9.899508084689288,9.983358312818202,10.067679002343663,10.152422954873131,10.237798756851035,10.323765300000002,10.410535738350825,10.498336928693432,10.587334826666082,10.677602513650763,10.769036457689655,10.861272774401614,10.954203364242458,11.047782551348437,11.142100164918247,11.23722776380508
Hardin,Texas,30.329612,-94.393149,48.65466203376929,49.463191997817816,50.2757789130912,51.08931273989244,51.90348942406121,52.71824815476546,53.53283531205066,54.35369032866935,55.185358814318306,56.02725220701576,56.878749367548515,57.739452853692704,58.60915199935153,59.488348493889525,60.37764827381189,61.27780495907317,62.189708993999986,63.117339144461695,64.06455689829437,65.03232871336473,66.02156023670749,67.03337429690035,68.06246297703032,69.10864601641663,70.17295502738894,71.25688856259451,72.35999054079294
Harding,New Mexico,35.863152,-103.829931,0.1812562202968564,0.18295441344743732,0.18459691394244274,0.1861755458307086,0.18768415310194683,0.18911994631399565,0.190473210513119,0.1917643374833964,0.19300640874669017,0.19419201785312243,0.19531568210603015,0.19637086074448232,0.19735995845999768,0.19827393361246554,0.19909249060546713,0.1998342898451885,0.20048788499999998,0.20106077870744035,0.20156682199065798,0.20199620370825597,0.20234853910959144,0.20262738713811224,0.20277205337988366,0.2027803255187083,0.2026446047293869,0.2023751830916198,0.2019660007827798
Harding,South Dakota,45.596612,-103.473867,1.303269365912013,1.3085932410158798,1.3139340711360015,1.3191104375984555,1.324096907878861,1.3288578764430832,1.3333407827407346,1.3375676682929447,1.3415147960769584,1.345094000008252,1.3483883596664734,1.3512368023972043,1.3537139302719658,1.3557417502159865,1.3574287743332942,1.358763134112512,1.3596888779999998,1.3602483935363936,1.3604637222428237,1.360385729168054,1.3600584973543448,1.359529500847209,1.3590191548579529,1.358529154888202,1.358030677410324,1.3576051065023398,1.357184622099232
Hardy,West Virginia,39.010818,-78.843641,3.725747560344928,3.7342697796225495,3.741515000492393,3.747249175014772,3.751390181105584,3.754083785464109,3.7553217758819373,3.7552355476936308,3.7538517905765225,3.751234149145791,3.7473518276198976,3.7422171443114594,3.7356658550522726,3.7279771749282813,3.719015602500718,3.708931010573069,3.6977767784999993,3.6853455480191544,3.6720130276652947,3.657797694907346,3.6427200802663333,3.626583090740413,3.6095427582893778,3.591330133087794,3.572216218013198,3.5521106787730785,3.5311654412230222
Harford,Maryland,39.537429,-76.299789,1417.2971522227208,1432.9236607548564,1448.5478666054676,1464.1242278510701,1479.6888198355477,1495.2526442595172,1510.8072579573884,1526.363406776276,1541.9438616779223,1557.5058951273722,1573.020851532322,1588.4388394597413,1603.7015243110086,1618.7825531753451,1633.6174509700643,1648.1798647843868,1662.4403714655,1676.4360697712975,1690.218897962832,1703.785018237562,1717.1288018184289,1730.2686701576272,1743.429518484049,1756.6151846002344,1769.8550916589966,1783.1970842653443,1796.667515330057
Harlan,Kentucky,36.859223,-83.221497,13.681999886804148,13.755967751715582,13.828270373230602,13.897916535041837,13.965111088519471,14.029883770152725,14.09217841101752,14.152474098995752,14.211170624664739,14.26806644070864,14.32317806739925,14.376561673660651,14.42818091489491,14.478058919482525,14.526407146902407,14.573199164719702,14.618560527,14.662871199994468,14.706606967530654,14.749619147162454,14.792010164574954,14.83408729682345,14.876448577746729,14.91909400734479,14.962155747791956,15.00573622477332,15.049960992354483
Harlan,Nebraska,40.178766,-99.403418,2.8571110633940857,2.8659782674329857,2.8748076827572486,2.8832707118482945,2.8913772126316797,2.899105826268698,2.906440122883419,2.913434321066408,2.9201574262965697,2.926624225462238,2.9327394252830237,2.9384964538085576,2.943918312865139,2.948944211911831,2.953577436923819,2.957821273876289,2.961777588,2.965443093319767,2.968914726103572,2.9721924863514153,2.9753700243560903,2.9783865495766606,2.9813258543803647,2.9839727073925326,2.9863994000672514,2.98864536410675,2.9906432370197207
Harmon,Oklahoma,34.745971,-99.844194,1.3634092306953445,1.3689099381240124,1.374451463522999,1.3799564471199859,1.3854260551426962,1.3908299656703227,1.3961751760692047,1.4015386573690867,1.4069655037086062,1.412413342147147,1.4178880038233255,1.42345635245995,1.4290627978688721,1.4347318308322832,1.4404611188947358,1.446276319066145,1.4522217479999997,1.4583456097755334,1.4647155456007033,1.4713389415844236,1.4782294037168007,1.4853830445720904,1.492564674892741,1.4997463052133917,1.5069209381677025,1.5141173407061823,1.5212472682644296
Harnett,North Carolina,35.368635,-78.87161,72.87879930659219,73.95322048093882,75.03664955237488,76.12423415369464,77.21745293970334,78.3165098627879,79.42095452809384,80.53173871342688,81.65209166491337,82.78210686073065,83.92180979492711,85.0716848544217,86.23305772972947,87.40678672047873,88.5943759755231,89.79426185989614,91.00771057799999,92.23512153659244,93.47855125557497,94.73754084207705,96.00997429008426,97.29508677814563,98.59412751463104,99.90487851733272,101.22794314539527,102.56401823614074,103.91152315857039
Harney,Oregon,43.064355,-118.985949,10.341566528688903,10.44463961421818,10.551543667956798,10.661648424475318,10.774860941406272,10.891253829974245,11.010754478954647,11.13311020128591,11.258965784642383,11.388024975227747,11.52005251267433,11.655333032982519,11.793419251008851,11.934282122263479,12.078264371726474,12.22477639625417,12.374094118499999,12.526589307933868,12.682857376597406,12.843031929143857,13.007359843736829,13.175794649192584,13.345876277222024,13.51719520051847,13.689922781571957,13.864262331811323,14.03986822180754
Harper,Kansas,37.188184,-98.06659,6.257335686270405,6.283224358468811,6.30901255421165,6.334232144558231,6.359081798863871,6.383134492192424,6.406447313439095,6.429152708840767,6.451396825969166,6.4730677705896875,6.49410388669551,6.514276818705804,6.533527194169556,6.551930370428439,6.569168933225101,6.585436984803246,6.600768778499999,6.615235104545416,6.628904469613746,6.641920737720908,6.654174298188109,6.665703971464084,6.676607950448595,6.6867903257976895,6.696331021964659,6.705408156302548,6.713845895014122
Harper,Oklahoma,36.800456,-99.662842,2.0650437410944105,2.073375209879735,2.081768502285022,2.090106447830533,2.098390812905411,2.106575671391969,2.1146716216250585,2.1227952452880356,2.1310148427610485,2.1392662352386136,2.147558254666439,2.155992174021986,2.1644837954228313,2.1730702130409503,2.181747894098062,2.1905556991552815,2.199560751,2.2088360603834074,2.2184840778757278,2.2285159906081917,2.2389524064541195,2.249787437449706,2.260664861784695,2.271542286119684,2.2824091121198222,2.293308910717273,2.3041080251336434
Harris,Georgia,32.731549,-84.912432,26.00024033389287,26.396582575727543,26.792708931995495,27.186963294239547,27.579608865410936,27.970066007549665,28.35813657910818,28.743356278251166,29.12612434541027,29.5059409907118,29.8824424617625,30.255262048832567,30.62465408286364,30.990414507635098,31.35268527530042,31.712102213213686,32.068626875999996,32.42312872059936,32.77664872947056,33.128897083633575,33.47938286522435,33.827854700637765,34.17506079601606,34.520223371851706,34.86298459042448,35.20330600635948,35.540791336561625
Harris,Texas,29.857273,-95.393037,4131.927781536355,4200.591035601053,4269.598820462463,4338.687020434884,4407.829814152396,4477.022037341811,4546.199689903315,4615.9096314794415,4686.537891490704,4758.034487150216,4830.346669096164,4903.440685114526,4977.298644687487,5051.963153068812,5127.485668552015,5203.930191236919,5281.372340837999,5360.150008372165,5440.591125186608,5522.777766337291,5606.78684260699,5692.713708611288,5780.107597076536,5868.953199621513,5959.338124452019,6051.389634014378,6145.068996259711
Harrison,Indiana,38.18644,-86.103681,61.92760629396176,62.2305832534543,62.52959712654732,62.82094372193273,63.104722614645716,63.38107320973548,63.64974656961412,63.91122065445044,64.16730772988441,64.41773894332107,64.6618371845213,64.89933360089019,65.13119407026883,65.3560145846614,65.57400425164171,65.78478468607622,65.988455463,66.1860422052753,66.3787099408135,66.56684701225176,66.74991571440019,66.92758744964274,67.10517952485718,67.2819849572938,67.45881030473745,67.63526722455103,67.811674356847
Harrison,Iowa,41.688584,-95.827149,11.755463456683264,11.791193504998004,11.825416792868884,11.857138065371148,11.885992527871021,11.911984145527565,11.934760019184191,11.95426463661402,11.970767628633327,11.983987468948643,11.993694178334334,12.000078084425414,12.002766462269983,12.00186637116273,11.99710818028739,11.98868618243804,11.976747088499998,11.961211595292015,11.94257138253787,11.920933509532265,11.896305906593321,11.868601340221653,11.840075985923994,11.810674331473457,11.780325004006919,11.74952761356628,11.717727037882758
Harrison,Kentucky,38.443489,-84.332796,9.360429903568507,9.411034421939238,9.460499677467295,9.508147537508238,9.554118149475249,9.598431857347663,9.641050233608961,9.682301042370627,9.722457797132588,9.761382610923802,9.799086785955014,9.835608749742741,9.87092363742335,9.905047272091894,9.938124322045832,9.970136703747988,10.001170313999998,10.031485103648896,10.06140657636401,10.090833012248684,10.119834485009502,10.148621215766246,10.177602344547731,10.206777871353955,10.23623821387085,10.266053445805005,10.296309463958046
Harrison,Mississippi,30.416536,-89.083376,55.66712003736243,55.906800376019206,56.13998058389162,56.36361192707195,56.57706164946614,56.78148021669974,56.97512275590734,57.159695791100155,57.33577455509098,57.50100059334741,57.65545060357785,57.79956559760539,57.93403585480541,58.05907229387588,58.17363949575382,58.28049857794058,58.3825257045,58.48031528267195,58.576091545999205,58.67041055286743,58.762812117026385,58.85437000639328,58.944815778988804,59.03305649246869,59.121661520063334,59.20880929119894,59.295190085250866
Harrison,Missouri,40.34562,-93.992582,10.211817522481931,10.268682835328203,10.325697765611018,10.382192597185849,10.438178017012447,10.493563185932913,10.548168206791404,10.602190788343348,10.65575739294583,10.708504663967238,10.760195707133049,10.810850115202808,10.860157966343674,10.908110354755857,10.954561225322728,10.99948920412478,11.042981568,11.085307272102172,11.12711465865632,11.16814189714849,11.2086436934528,11.248677044687929,11.288934822077875,11.3293190618249,11.370120093002297,11.411368195329363,11.453166676083718
Harrison,Ohio,40.292318,-81.091565,14.80425938878764,14.834992972851607,14.864498661177468,14.891880736137306,14.917355048876676,14.940908674177278,14.96246664577299,14.982102637408106,14.999837329431893,15.015379904432702,15.028518388830475,15.03906795200358,15.046938117423949,15.051995755343127,15.054264131154058,15.053629502935728,15.05019915,15.044196678623386,15.036130049884923,15.026080692659871,15.014246362788153,15.000669713490149,14.986764763647434,14.972513417954383,14.958064316421408,14.943524738360363,14.929309583278544
Harrison,Texas,32.547993,-94.374425,45.465923702429784,46.22146407862322,46.98079552081411,47.741011815668216,48.501828836183584,49.26318975695985,50.024390348927845,50.7914480160932,51.56861045713505,52.35532768335678,53.151019263882986,53.95531380413251,54.768014444682606,55.58958999508647,56.42060667986943,57.26176872810061,58.113908225999985,58.980743178335956,59.8658819980333,60.77022780306249,61.69462688599358,62.64012848725528,63.60177256118491,64.57939066105992,65.57394678920832,66.58684128585404,67.61764796049414
Harrison,West Virginia,39.279199,-80.386487,19.593697370787265,19.638515701269572,19.67661830022694,19.706774310113016,19.72855185108695,19.742717509866228,19.749228098466762,19.74877462463389,19.74149744931588,19.727731279389367,19.707314159914056,19.680310872866055,19.645857658563706,19.605422908465844,19.55829402083509,19.505259176380957,19.446599097,19.381223286094105,19.31110759393508,19.236349193487122,19.15705605471043,19.07219166598701,18.982576599014436,18.886796447313994,18.786276414360426,18.680541432328816,18.5703904789247
Hart,Georgia,34.348733,-82.96329,16.624969795726507,16.87839736849716,17.131686900581254,17.38377944972576,17.63484331211018,17.88450785794594,18.132646392356353,18.378962033316895,18.62371006154929,18.866570903409315,19.10731196979496,19.34569878063592,19.581893959206756,19.815767028694157,20.04740875557695,20.27722569804157,20.505193273499998,20.73186742663508,20.957913778291577,21.18314701357521,21.407253231746683,21.630071700499734,21.85208083481654,22.072783310031834,22.291950318980234,22.509557279073714,22.72535080055887
Hart,Kentucky,37.313856,-85.881995,9.023690806678404,9.072474840307482,9.120160595786338,9.166094336120793,9.2104111669563,9.253130700402696,9.294215891363642,9.333982712719655,9.372694838391725,9.410219341857697,9.446567118734144,9.481775214117404,9.515819657651022,9.548715703198194,9.580602814651018,9.611463559022976,9.641380742999997,9.67060496576319,9.699450021069758,9.727817848370576,9.75577600048837,9.783527135891342,9.811465675899312,9.83959162051228,9.867992134662803,9.896734771173618,9.925902336730646
Hartley,Texas,35.840244,-102.610047,0.811663362651323,0.8251513640471297,0.8387070440277963,0.8522785205089974,0.8658607212199193,0.8794526317063994,0.8930416799829203,0.9067352894992191,0.9206092907039638,0.934653865130079,0.9488586508529022,0.9632170176898692,0.9777254512819159,0.9923923208758856,1.0072277347829004,1.0222442649884769,1.0374567659999998,1.0529316121041188,1.0687332211401708,1.0848777156832425,1.1013802038542586,1.1182594168247244,1.1354268072384321,1.1528793679633982,1.1706343084898847,1.188716627866903,1.2071187176882325
Harvey,Kansas,38.050144,-97.436707,40.45188085337182,40.619243695279074,40.78595698571381,40.94899440531544,41.109640294495534,41.26513405949589,41.41584476365317,41.562628633908425,41.70643047240349,41.84652691499851,41.98251937328991,42.11293159393105,42.237379751051826,42.356351008256595,42.46779337339356,42.57296166180737,42.6720773115,42.76559796100891,42.853966486338074,42.93811292709589,43.017328681675956,43.091864713147224,43.16235581044871,43.228181947174875,43.28985981199701,43.348540882525484,43.4030884436834
Haskell,Kansas,37.55855,-100.876869,4.133173134204339,4.150273441711486,4.167307381261475,4.183965738508449,4.200379741004062,4.21626732493039,4.231666199354001,4.2466638493093285,4.261356810006791,4.275671171675912,4.2895662085248,4.302891084287183,4.315606581533832,4.327762476232614,4.339149105973413,4.349894681582563,4.3600218285,4.369577305968271,4.378606364867253,4.387204032044703,4.395297906092806,4.402913629176831,4.410116060891275,4.416841850004298,4.423143789209103,4.4291395307933765,4.43471293083209
Haskell,Oklahoma,35.232294,-95.109578,6.820112291176937,6.847628198726786,6.875348287922767,6.902885585930783,6.9302459265121525,6.95727763187261,6.984015704580061,7.0108451728814964,7.037991608881206,7.065243052584641,7.092628672798388,7.120482938504683,7.148527773747365,7.176885687514112,7.205545012282287,7.234634090800888,7.264374606,7.295007686680761,7.326871690999619,7.360003566111589,7.394471372565375,7.4302556644899225,7.466179966686102,7.502104268882281,7.537993568510552,7.573991765016758,7.60965743712784
Haskell,Texas,33.175965,-99.730773,4.7609634808194095,4.840079879353049,4.919593259302603,4.999199296584782,5.078868238845069,5.158594135612564,5.238303243551442,5.318625675026899,5.400006227738886,5.482387309629741,5.565708140889532,5.649929830940575,5.735031765651533,5.821063036407346,5.908082935400223,5.996165205965989,6.085396979999999,6.1761675883127225,6.268854885806458,6.363553442465191,6.460351877802001,6.5593600630117646,6.660058606991432,6.762429870845118,6.866574800061341,6.972640031244479,7.080580935862771
Hawkins,Tennessee,36.452206,-82.931386,21.413676621299008,21.604141504534038,21.795801524037014,21.98768970591842,22.18006680718217,22.37283142232673,22.565809713349502,22.759816545887723,22.955279271697805,23.151810376898922,23.349207050488047,23.547867671221145,23.747321427841154,23.947894266602965,24.149473917129896,24.352556542054398,24.5570443575,24.763444390974314,24.972296264610446,25.183994735539322,25.398713641763557,25.61620671277944,25.835608380198988,26.056661508643334,26.279257449360852,26.50360987822974,26.72988901162756
Hayes,Nebraska,40.535786,-101.05558,0.5063478501837229,0.5079193290666276,0.5094841108929625,0.5109839603882086,0.512420624610601,0.5137903182672964,0.5150901295945681,0.5163296674127127,0.5175211611293787,0.5186672313319195,0.5197509897907249,0.5207712718003038,0.5217321538298731,0.5226228623536467,0.5234439797243696,0.5241960882947869,0.524897241,0.5255468554872634,0.5261621111625603,0.526743008025891,0.5273061431304932,0.5278407429505808,0.5283616574811564,0.5288307426174098,0.5292608101197352,0.5296588482210751,0.5300129186901527
Hays,Texas,30.061225,-98.029267,183.50320370069903,186.55261011910014,189.61731750797156,192.68559621543238,195.75629948780715,198.82919797436065,201.90144936419736,204.99734026194466,208.13401463505136,211.30925269604563,214.52071179099033,217.7668929490096,221.04700163362824,224.36292998841105,227.71696332961108,231.1119439681242,234.55123025399993,238.04982827819217,241.6223018123796,245.27229589503088,249.0032262138794,252.8193275664268,256.7005809099379,260.64630638330533,264.66039475792775,268.7484978912061,272.908895652627
Haywood,North Carolina,35.557097,-82.972807,53.19344221928063,53.97765053775674,54.76843362225399,55.56224978277418,56.36017827336232,57.1623679566453,57.968490094322064,58.77923937865144,59.59697280122589,60.42175859074945,61.25361535505045,62.09289664286778,62.94057006127624,63.79726207383068,64.66407054240443,65.539854186858,66.425537196,67.32141109247475,68.2289769077701,69.14789970097559,70.07663502233714,71.0146246370039,71.96278032856563,72.91948321595481,73.88517368444273,74.86036034800459,75.84388952128192
Haywood,Tennessee,35.58669,-89.282536,6.169894930006893,6.22477333030212,6.279996083663411,6.335284577155496,6.3907139423564265,6.446254961430292,6.501857546658396,6.557756484222142,6.614074906430004,6.670701159409045,6.727576807487448,6.78481663502057,6.8422849877702605,6.900075780209085,6.958156664018715,7.016670597896276,7.075589407499999,7.135059182009427,7.195235402051356,7.256231808487002,7.31809848903507,7.380764486094063,7.443980404564621,7.507672156362833,7.571808436664509,7.636450811623887,7.70164832546553
Heard,Georgia,33.290968,-85.139594,9.11901633069786,9.258024714059783,9.396957380275117,9.535233485479646,9.672945342358933,9.8098896555605,9.945996931264883,10.081104325745859,10.215351863863553,10.348564255237513,10.480613921661849,10.611372247709479,10.740928434402418,10.869210913478813,10.996269471555609,11.12232711118781,11.247370348499999,11.371704126520893,11.495693547107997,11.619236962585079,11.742162194235238,11.864381078257665,11.986156031612431,12.107214265127602,12.227430275039653,12.34679057747317,12.465156184789208
Hemphill,Texas,35.816237,-100.284807,3.376110776022922,3.4322140682925735,3.488598869387392,3.54504937596817,3.6015444899430857,3.6580799916937754,3.714603588092651,3.77156210658437,3.8292709636416715,3.8876893193868147,3.94677407343222,4.006497647557861,4.066845423800121,4.127852214010505,4.189560063672001,4.252021265912196,4.315297607999999,4.379665173536965,4.445391908289231,4.512544874048661,4.581186912988753,4.651395937348593,4.722803634725231,4.795397496964229,4.869249106877129,4.94446244791648,5.0210058729445475
Hempstead,Arkansas,33.728611,-93.665809,11.535156734251123,11.619703778804674,11.703761265592576,11.786776873033066,11.868972366609722,11.950063217022858,12.029894606859404,12.109089990026042,12.18790042178721,12.26661461569701,12.344751382498607,12.422687305088653,12.499907720175049,12.576722262583948,12.653139300824149,12.72908351831633,12.804734838,12.880407078955704,12.956133715218707,13.032057011438848,13.108373627573277,13.184606558619558,13.260613539927846,13.335984514566228,13.410702745517076,13.48484773361412,13.557854604512391
Henderson,Illinois,40.815141,-90.93848,9.440093735555395,9.476600704080761,9.512117427987485,9.54603498518905,9.578472025944958,9.609491979639227,9.638948585574598,9.667445542241264,9.695395513749329,9.722466428617786,9.748612766935757,9.7735114119588,9.797171318423484,9.81936414054736,9.840213752186271,9.859637322026972,9.877611717,9.894465277446127,9.910653202474144,9.926116540068326,9.940930659261442,9.95506048733527,9.969047039624032,9.982972401212926,9.9967298614912,10.010362701685589,10.024000765476309
Henderson,Kentucky,37.792542,-87.572577,23.261997945833524,23.387757362283082,23.510685548737978,23.629097249249,23.74334075004565,23.85346660880641,23.959379327694155,24.061893447084337,24.161688686876467,24.258422378360873,24.352122609136707,24.442884877041095,24.530647389355895,24.61544946871992,24.697650636402344,24.777205952244508,24.854328881999997,24.929665440449323,25.004024550448108,25.077153423603978,25.149226203031667,25.220765318075447,25.292787539824666,25.365292868279326,25.438506004232654,25.512601090799393,25.58779159373312
Henderson,North Carolina,35.336424,-82.479634,97.43384350650821,98.87026926485495,100.31873794986461,101.77276228689139,103.23431913370833,104.70368116035301,106.1802462204923,107.66528677430195,109.16312009737804,110.67387116348787,112.19757405638612,113.73487636741226,115.28755045181094,116.85674379599071,118.44446734147915,120.04863061798768,121.67092645199997,123.31188882233985,124.97426715188689,126.65744793305643,128.35860221420782,130.07670748269982,131.81343384251312,133.56581600698823,135.33466062498653,137.12089931913667,138.9224188966468
Henderson,Tennessee,35.653995,-88.387674,10.179001604187922,10.269539179134885,10.360644862688499,10.451859003339747,10.543305552057355,10.634936305686812,10.726668630248982,10.818889872521114,10.911803174368623,11.005224330879658,11.099056935745208,11.193490358500823,11.288300798786311,11.38364319531257,11.479464180301408,11.575999604901643,11.673202987499998,11.771315343869002,11.870593183652263,11.971224154844096,12.07329089142365,12.176676328587135,12.280969017980032,12.38604673017485,12.491857818934623,12.59850385519205,12.706065751385053
Henderson,Texas,32.211633,-95.853418,60.1167454908118,61.115749245820204,62.11976569013851,63.124952119756124,64.13093285132005,65.13763274815972,66.1441206522502,67.15835300031729,68.18594625848826,69.22617321112975,70.27826639082068,71.34173472574965,72.41631792102208,73.50263585417039,74.60143720844809,75.71365314188003,76.84038387,77.98654547782711,79.15690914394435,80.3526690047237,81.57494405986658,82.82512165432652,84.09664343014137,85.38928666075182,86.7043259861055,88.04361298844215,89.40658414273231
Hendricks,Indiana,39.768749,-86.510287,227.7901818209385,228.90463110810705,230.0045028550549,231.076171823184,232.12000428234913,233.13651301034693,234.12478233254043,235.0865703442326,236.02854315678064,236.94971184157674,237.8475857636081,238.72117599426699,239.57403535114472,240.40099942928885,241.20283739539443,241.97815742401312,242.72732578499998,243.45411505785913,244.16281059989166,244.85484086353128,245.52822799156206,246.1817632934633,246.83500557948068,247.48535433364523,248.1357763417807,248.78484315145352,249.43372682619892
Hendry,Florida,26.53934,-81.151584,85.37028080155625,86.99621184676239,88.6596544790015,90.35516330762617,92.08463626988758,93.84945458713612,95.65052748062038,97.4940356674621,99.38546925410779,101.32573249338398,103.31408509039424,105.35107853999433,107.4375376002567,109.57307970267787,111.75931958444801,113.99914886724298,116.29349664599998,118.64806170089469,121.06818508570994,123.55535732708287,126.11295695205743,128.74402960339546,131.4153663476229,134.12670882678938,136.88027792558407,139.6784634550485,142.52300933134796
Hennepin,Minnesota,45.006064,-93.475185,2461.895666993211,2485.011018884894,2508.4111407707974,2531.9063460611774,2555.5283292241966,2579.27468916378,2603.0935622047577,2626.982547251059,2650.8974641349437,2674.7389074790053,2698.4814256648724,2721.9838342434714,2745.211557431356,2768.0488623978226,2790.463094236284,2812.3514860348278,2833.6626543374996,2854.5176143863628,2874.9384562652854,2894.8978074790393,2914.421599865209,2933.5568949068183,2952.5918241325912,2971.537432584459,2990.4326180188013,3009.3671814287354,3028.3247953609675
Henrico,Virginia,37.437521,-77.300333,444.04987832210685,449.51404158172545,454.98570410143003,460.44064208078413,465.8859976722506,471.32379448569395,476.75325878793075,482.1839134489112,487.6217697802918,493.06498272601954,498.501291591033,503.93027974977224,509.34010313273626,514.7309402937367,520.0945777574408,525.4329796157766,530.7449555099998,536.0522294871853,541.368431154949,546.6891561859393,552.0158330106485,557.3440573017249,562.7215029268573,568.145015435375,573.6214989079921,579.1592263379777,584.7648637342973
Henry,Alabama,31.516978,-85.239971,7.436390864103447,7.459391045586819,7.4826186090491795,7.505503451847555,7.528292728306935,7.550890872088328,7.573352257143223,7.595579669437132,7.617770832430045,7.639798873568461,7.661672031329888,7.683387010323323,7.705067387711257,7.7267197542756945,7.748319394584135,7.769968465757571,7.791811965,7.813970174082912,7.836667179594297,7.860072694170649,7.884155411597467,7.909089987597742,7.93379553392353,7.958329719917325,7.982732090271128,8.007005940375935,8.031268256612245
Henry,Georgia,33.452881,-84.15444,230.40408620390164,233.9163180479622,237.42663679752474,240.92036665918033,244.39984003581003,247.85992039972072,251.29885189705806,254.7125200643128,258.1044628159674,261.4702512072252,264.8066618048912,268.11044496899603,271.383854482099,274.62508207679804,277.83538567824235,281.02039974283014,284.1797835825,287.3212419887917,290.45399974613395,293.57548859067975,296.6813581979547,299.76938099217335,302.84618728714366,305.9048847013183,308.94230221504984,311.958099140277,314.94876376929136
Henry,Illinois,41.350021,-90.130838,74.52040270565477,74.80858988602422,75.08896004361554,75.3567063279488,75.61276536797781,75.8576378772942,76.09016926926313,76.31512515912756,76.5357631306074,76.7494618007816,76.95586183401377,77.1524125363605,77.33918459679944,77.51437544640058,77.67896294935471,77.8322932326186,77.97418368299998,78.10722622967927,78.23501422902017,78.35708231191977,78.47402544394001,78.58556675991842,78.69597705225448,78.80590430324327,78.9145061359012,79.02212421362019,79.12978352657615
Henry,Indiana,39.929576,-85.397338,75.76711069723733,76.13779657066857,76.50363369208266,76.86009006210682,77.20728750868112,77.54539659092181,77.87411273897852,78.19402072696391,78.50733782338828,78.81373509281332,79.11238410524615,79.4029559252484,79.68663228383932,79.96169540706313,80.22840113359406,80.48628651725963,80.735473386,80.97721656759846,81.21294144895452,81.4431231590347,81.6671038269623,81.88448142053493,82.10176155175542,82.3180792422489,82.53442129833039,82.75031259103343,82.9661429697664
Henry,Iowa,40.985864,-91.54427,16.586991794016644,16.63740699205458,16.685696146894823,16.73045495105679,16.771168678292614,16.807842923452824,16.839979744841116,16.86750081455021,16.89078658241547,16.909439814049968,16.923136008123524,16.93214371746112,16.93593702611385,16.93466699504576,16.927953174421454,16.916069711916457,16.899223617,16.877302992661676,16.851001600366,16.82047050107702,16.785720884495777,16.746629663910824,16.70638030926817,16.664894492660547,16.622071506778585,16.57861630278784,16.533745601615472
Henry,Kentucky,38.451561,-85.120079,9.28910846095941,9.339327400111028,9.388415756990238,9.435700565958701,9.481320906581676,9.525296967828304,9.567590614979093,9.608527114759227,9.648377896642844,9.687006124283478,9.724423013775104,9.760666699837223,9.795712507063103,9.8295761379843,9.862401158603662,9.89416962317083,9.924966773999998,9.95505058125253,9.984744068434821,10.013946290701128,10.042726787834074,10.071294179181548,10.100054487345341,10.129007712325466,10.158243582873684,10.187831638772638,10.21785712233651
Henry,Missouri,38.386491,-93.792628,31.90924526313919,32.08693441696337,32.26509108594515,32.44162258318864,32.61656230263367,32.789626395791686,32.96025273134227,33.12905909717224,33.296440654902895,33.461262010580064,33.62278293187092,33.78106464099846,33.935138713707694,34.08497732171543,34.23012408117734,34.370512204213775,34.506414408,34.63867110668834,34.76930819929505,34.89750753429429,35.02406500058535,35.14915869918062,35.27495367051227,35.40114380346522,35.52863630007145,35.65752577649382,35.788135040817316
Henry,Ohio,41.335072,-84.065882,24.61397749975464,24.665076019901502,24.71413300610356,24.759659213072652,24.80201352098646,24.841174440013972,24.87701732913541,24.90966468038745,24.939150877499703,24.9649923992747,24.986836812484086,25.004376812544592,25.01746197063923,25.02587094150871,25.029642406848847,25.02858725614685,25.022883855000003,25.012903977484566,24.999492173958767,24.982783830357878,24.96310774109618,24.940534822615962,24.917416062428398,24.89372137477009,24.869697892697513,24.84552398180795,24.82188946567644
Henry,Tennessee,36.325398,-88.300384,12.582250632633457,12.694164011169992,12.806779628015692,12.919529308538593,13.032566268369786,13.145830923652738,13.25922113063339,13.373215688158892,13.488065699624645,13.603543469578891,13.71952983030856,13.836258861250037,13.95345392306941,14.071306535305544,14.189750730117277,14.309078042802645,14.429231017499998,14.550507573492009,14.673224782015236,14.79761459451119,14.923779154733934,15.051573759031877,15.180489816629603,15.310376239890894,15.441169188969464,15.57299421556302,15.705951335430727
Henry,Virginia,36.620593,-79.980584,58.98188526100671,59.70767456117277,60.434459966775485,61.159023899142525,61.88231503011832,62.60460215005877,63.32578248618075,64.04712093427678,64.76941595981596,65.49242248923842,66.21451196921127,66.93562906054363,67.65420054909349,68.3702501516569,69.0826868956129,69.7917716657186,70.49734635,71.20229649198383,71.90843247377316,72.61516928106397,73.3226966482251,74.03042956095254,74.74470040380773,75.46509018005936,76.19251593915702,76.92807655932056,77.6726574676047
Herkimer,New York,43.461635,-74.894694,74.11526270132183,74.31278228748567,74.49302223806156,74.65332385074484,74.79523449799437,74.9201664948225,75.02893404469258,75.12590915008816,75.21532103847785,75.29539466913576,75.36629211099772,75.4264930030942,75.47519085953014,75.5115753356264,75.53561170232526,75.54635069871682,75.54310932,75.52959971656242,75.50958034420188,75.4819321555043,75.44604160378393,75.401333730197,75.35468102937998,75.30707520886885,75.25864360854175,75.20848713168321,75.1591950224825
Hernando,Florida,28.567911,-82.464835,348.8972366411625,355.5422053974461,362.3404791321712,369.2698032418449,376.33793434921756,383.5505173263429,390.911268042235,398.4454462840701,406.17548940299747,414.1050929627359,422.23123147430704,430.5561588254732,439.08324569523074,447.8109285758523,456.7458066882644,465.8996977142488,475.27639874399995,484.8991999510639,494.78992952773547,504.9546790625618,515.4072561562505,526.1601079547328,537.0775138651743,548.1584180122264,559.4118968628252,570.8477172639408,582.4730063741745
Hertford,North Carolina,36.363517,-76.981616,20.192725132341227,20.490417899735473,20.790606509427857,21.091946502972867,21.39484757523832,21.69936623586114,22.00537769272644,22.31314565747325,22.623564866019784,22.9366612186163,23.252441778967412,23.57104075746085,23.89282546673672,24.21803371818381,24.547082270374535,24.87953788275905,25.215751385999997,25.555833444803042,25.900353864674017,26.24918549892978,26.6017420600871,26.95781163700746,27.3177403512171,27.680913660414323,28.047498738941744,28.417688661392216,28.791045478079464
Hettinger,North Dakota,46.434939,-102.458385,3.1017351439020326,3.103693670786133,3.1057010387396615,3.10723464831973,3.1084996320179394,3.109281089128802,3.109334814305174,3.108890360573371,3.1080063372167075,3.1067120488768407,3.1046265352122253,3.1020574949602637,3.0987851433085254,3.0947313345459246,3.089817922961375,3.084167011228448,3.0775343939999997,3.069959144131573,3.0616512782217122,3.0524593889551883,3.04265210221386,3.0319412556880967,3.0202682400945826,3.007344893123689,2.9933665790531294,2.9785140098397926,2.962533211922649
Hickman,Kentucky,36.675916,-88.97202,1.5853737814251223,1.5939446566384512,1.6023225751756949,1.6103926818725172,1.6181787134628807,1.625684115601716,1.63290237982971,1.6398890194762923,1.6466903594577451,1.6532830458906538,1.6596689930277568,1.6658547093283669,1.671835983436458,1.677615495305865,1.683217747371646,1.688639676829419,1.6938958319999997,1.699030240696384,1.7040980333974534,1.7090819818285568,1.713993954356676,1.7188695560827556,1.7237780829559448,1.728719534976244,1.7337092261655647,1.7387590248908877,1.7438834794730296
Hickman,Tennessee,35.802396,-87.467114,10.334049928603765,10.425966587653278,10.51846000883864,10.611063539159028,10.703903017625896,10.796929506845906,10.89005911414475,10.983685086433228,11.078013659869013,11.172857823698966,11.268119703136394,11.36399155222658,11.460246161643285,11.557040830150829,11.654321377063724,11.752327246056545,11.851011247499999,11.950618068360809,12.051408125482132,12.153571925145199,12.257193360024315,12.362153582164217,12.468034875957425,12.574713150156532,12.682135971840099,12.79040645908695,12.899606756807351
Hickory,Missouri,37.9367,-93.322835,10.507111930334982,10.565621613426545,10.624285240431524,10.68241372907082,10.740018075338254,10.797004813286387,10.853188843686002,10.908773592422678,10.963889178756565,11.01816173889794,11.071347528317231,11.12346670633643,11.174200389134894,11.223539413384442,11.271333500502932,11.31756065850273,11.362310687999997,11.405860321505758,11.448876649311469,11.49109026956866,11.532763253463264,11.573954246295623,11.615376154998108,11.65692818296074,11.698909054682172,11.741349925478213,11.784357089955748
Hidalgo,New Mexico,31.899658,-108.745729,1.758021304100958,1.7744922408352122,1.7904230092109772,1.8057343099010132,1.8203664351765751,1.8342923299730753,1.8474177680310888,1.8599405312020827,1.87198749840964,1.8834868337926147,1.8943853601550935,1.9046196380352844,1.914212990764729,1.9230777226168319,1.9310169846733884,1.9382117659871563,1.9445510474999999,1.950107598006328,1.9550157598958162,1.959180373975777,1.9625977085131647,1.9653022820386588,1.9667054136641653,1.9667856459246666,1.9654692770924924,1.9628561310266388,1.9588874329316222
Hidalgo,Texas,26.396384,-98.18099,675.0177489012935,686.2350105867715,697.508556993358,708.7952405190042,720.0908428227275,731.3945202363315,742.6958173003811,754.0840724506832,765.622349884925,777.3024841002052,789.1158576285164,801.0569564955747,813.1228579936993,825.3205223855109,837.658356221968,850.1468149625051,862.7982523199998,875.6678682993079,888.8092358309062,902.2357632129178,915.9600150752689,929.9975691485872,944.2747852517225,958.7891625110923,973.5550131550297,988.5931275783765,1003.8971782696595
Highland,Ohio,39.184488,-83.603668,37.636193127275924,37.71432571567146,37.789336680760755,37.85894888048987,37.9237110633769,37.9835903702291,38.038396217728845,38.08831590327452,38.133402001574424,38.17291518079286,38.206316550169625,38.233136223249126,38.25314418568248,38.26600198778491,38.27176877610329,38.27015538974186,38.261434560000005,38.2461747509114,38.22566732874904,38.20011930642693,38.17003342959332,38.13551813358412,38.10016821408042,38.06393766821242,38.02720437669616,37.99024107083102,37.95410253070259
Highland,Virginia,38.356672,-79.567958,3.195389743261334,3.2347099459855544,3.2740841135005114,3.3133379309662847,3.3525227934216724,3.3916532627943305,3.4307237712883922,3.469802845622253,3.5089337432869017,3.5481031872306485,3.5872229493035586,3.6262900314616995,3.6652192035990665,3.704011750591631,3.7426085681447723,3.781023789894162,3.81924885,3.85744007503863,3.8956955438757563,3.933983562904121,3.972314411131486,4.010656394950588,4.049352576245407,4.088380255540469,4.127789114706616,4.167638686330453,4.207976939114859
Highlands,Florida,27.342627,-81.340921,203.14163845153595,207.01059956342644,210.96882083914974,215.0033447767772,219.11868758592271,223.3181359322214,227.60385334017414,231.9905470473713,236.49128095858592,241.10820677578036,245.83956294075475,250.6866617552553,255.65146576063262,260.7330646214409,265.93530066261343,271.2650546014151,276.72453725249994,282.3273090672475,288.0860792742829,294.0043946350831,300.09029447566206,306.3510260119706,312.70756739830586,319.15930386267854,325.71152007968874,332.3699026902379,339.1386014052539
Hill,Montana,48.628331,-110.106372,10.09872126101628,10.177984756107815,10.257008257132187,10.335824490553101,10.414138918197217,10.490915202047235,10.566262430315506,10.63896972384497,10.709549797233663,10.777020856570457,10.841699257671163,10.903246827077503,10.961161759012677,11.01578222693496,11.066802783849788,11.113776168086526,11.1568332855,11.195875956699092,11.231024178717387,11.26300884257761,11.291568136570131,11.31666933423124,11.338737879589097,11.357381055079246,11.373657016361461,11.387140319407587,11.398605490525286
Hill,Texas,31.98224,-97.129886,30.08945953736474,30.589478006737718,31.09200541286255,31.595118416644677,32.09862898213907,32.60249950215675,33.106263916176914,33.61390455689183,34.12823256167927,34.64888394667426,35.17547458130345,35.707758675724435,36.24560594788962,36.789326657108255,37.339295532156434,37.895978633555,38.459926638,39.03360013014315,39.619387166485936,40.21788543271068,40.829655007310706,41.45539028016862,42.091808680930285,42.7387987311426,43.39699840990467,44.06733446580254,44.74952484491874
Hillsborough,Florida,27.90659,-82.349568,2660.6060146858918,2711.278940647043,2763.120933327236,2815.9622844981177,2869.8621442903736,2924.863559134187,2980.99486534871,3038.448687966854,3097.396128806438,3157.8653693433403,3219.833337929727,3283.317222169018,3348.3427260447033,3414.8979266246824,3483.0331479730194,3552.8385088752098,3624.3429650234993,3697.7241216532184,3773.148435283965,3850.6623588979523,3930.3711859215327,4012.3698352816955,4095.623334534721,4180.12363183036,4265.93994211211,4353.146744994787,4441.79839046758
Hillsborough,New Hampshire,42.911643,-71.723101,479.5017645358993,484.6955326299772,489.91031320055214,495.1125600132165,500.32402282434435,505.547650753444,510.7727532422979,516.035088364944,521.2963175677748,526.5538603712201,531.7815433396437,536.9900570312633,542.171291367431,547.2821154753378,552.3280589540616,557.2611986115924,562.0841149275,566.8215067776665,571.4586285645504,575.9888447692581,580.4386974673641,584.7912292216959,589.1621929729544,593.5438472824306,597.9656833452077,602.4277011612855,606.9549682464848
Hillsdale,Michigan,41.864475,-84.642409,65.9099228417798,66.22493734031195,66.53310059465306,66.8305782437077,67.11775307479324,67.39472889463994,67.66046763594608,67.91211461363208,68.15020183719005,68.37286727339766,68.57867060387377,68.76626234112629,68.93464334537732,69.08241871369029,69.2089591177635,69.31325892989851,69.394753701,69.45544819854435,69.49694493892846,69.51955534234293,69.52364273234323,69.50982994931044,69.49183245746777,69.4701108991804,69.44430195089271,69.41474947239836,69.38293919752289
Hinds,Mississippi,32.267924,-90.4659,62.33620289230868,62.604597632503214,62.86571350734368,63.116136535734825,63.35515815556246,63.584066661579605,63.80090814007759,64.0075935616066,64.20476707354312,64.38978767164365,64.562741242225,64.7241216316092,64.87470181664794,65.01471798471262,65.14301067052563,65.26267178149396,65.37692205449999,65.48642710849936,65.5936776466811,65.69929634484247,65.80276788508228,65.90529467583657,66.00657611499639,66.10538832254643,66.20460849010155,66.30219681763629,66.3989262820024
Hinsdale,Colorado,37.811625,-107.383405,1.062560226606196,1.0725598742485754,1.0825637025398507,1.0925041243228721,1.1024203912456059,1.1122988000700056,1.1221683830800688,1.132080469353907,1.1420963750753264,1.152213313145062,1.1624445222846185,1.1727865186199153,1.183240927958857,1.1937852212490596,1.2044437856090828,1.2152003629598869,1.2260605274999998,1.237048666347981,1.2482170376150281,1.2595549574206304,1.2710522064008198,1.282716681336844,1.2946675307222353,1.3068824577628826,1.3193849205442567,1.3322099900654292,1.3453228275856006
Hitchcock,Nebraska,40.176896,-101.044217,2.9764782372016554,2.985715903942989,2.994914203195894,3.0037308089740318,3.0121759910569925,3.020227498255665,3.0278682142707316,3.0351546228899378,3.042158612570416,3.04889558798155,3.055266274587302,3.061263825867945,3.066912204642524,3.072148080603565,3.0769748770109326,3.081396017124489,3.085517622,3.0893362683776013,3.0929529424232634,3.0963676441369863,3.0996779364248757,3.102820488979459,3.1058825949272544,3.1086400307472073,3.1111681081563143,3.1135079062729347,3.1155892482698704
Hocking,Ohio,39.490343,-82.483445,23.471756160535342,23.520483433689925,23.56726391108806,23.610677456456877,23.651066295997786,23.68840993712386,23.72258952283104,23.753721860864704,23.781839739363903,23.80648207512317,23.827312789717176,23.844038839153114,23.856516775322607,23.86453552458049,23.86813197358319,23.867125787565918,23.861687054999997,23.852170297639,23.83938087414847,23.823447887825953,23.80468487525117,23.78315946196091,23.76111353696314,23.738518410636182,23.7156097477295,23.692557636714447,23.670019889630833
Hockley,Texas,33.605932,-102.343398,18.739799547132282,19.05121244819412,19.36418792208143,19.677528107827353,19.991115896119503,20.304927865095394,20.61867375095928,20.934833761648814,21.255158681384383,21.57942181999699,21.907383939891297,22.2388919624661,22.573864747697794,22.912495525951854,23.255017679357984,23.601721471711922,23.952949865999994,24.31023532122448,24.675065125652864,25.047811519599566,25.428823321516532,25.81853299936455,26.214896159147138,26.617843371771936,27.027771972406022,27.445259142660518,27.870129218566824
Hodgeman,Kansas,38.087493,-99.898407,1.9005664939538487,1.9084297676249737,1.9162625231659471,1.923922573834017,1.9314702622956192,1.9387758864976101,1.9458567862866654,1.9527531901070758,1.959509487966336,1.9660916937649582,1.9724810804685313,1.9786082886903467,1.98445528498986,1.990044957964686,1.995280898067299,2.0002220607764016,2.0048788500000003,2.009272767147974,2.0134246200363353,2.0173781050787114,2.021099929769481,2.0246018852043854,2.0279137959197095,2.0310065309730345,2.033904366149709,2.0366614017713656,2.0392242311102393
Hoke,North Carolina,35.017233,-79.241964,39.20071972654613,39.77863928236434,40.36140408882452,40.946404109967666,41.53443469825763,42.125605557482544,42.7196744251103,43.31715325215213,43.91977901525328,44.52760199531663,45.1406359053157,45.75914129174728,46.38383122923414,47.01516738788463,47.65395883313614,48.29936450261305,48.95206547399999,49.61227658388201,50.28110401212264,50.95830092519862,51.6427291463082,52.33397728624593,53.032717280714074,53.73775610101676,54.44941828752724,55.16807866152155,55.89288701864179
Holmes,Florida,30.866222,-85.812959,42.553813392034435,43.364277708613756,44.19344011379782,45.038586289028935,45.900662283293435,46.780356582502876,47.67812239860623,48.59704058222919,49.53984774104179,50.506994610424925,51.498112181742535,52.51347535404568,53.553495237626834,54.61798113674791,55.707737936017715,56.82420699802807,57.96785144099999,59.14151188846062,60.347850651039124,61.5876106991436,62.86247609903252,64.1739649869065,65.50552398207228,66.8570243029924,68.22957297557505,69.62436122904124,71.04225833876848
Holmes,Mississippi,33.125942,-90.091197,4.957178590585143,4.978522217533621,4.999287005319259,5.019201463007265,5.038209243422504,5.05641279597432,5.073656739058535,5.09009303929902,5.105772921400448,5.120486364073651,5.134240197279252,5.147073693290833,5.159048321754008,5.170182865060489,5.180385118741861,5.189900961380571,5.198986516499999,5.207694716294978,5.216223629623591,5.224622773700355,5.232851168761534,5.24100443425585,5.2490586653211295,5.2569165350184806,5.264806847028795,5.272567389787261,5.280259632939493
Holmes,Ohio,40.565309,-81.929869,27.5409196815041,27.598094522068667,27.65298506208078,27.70392496440058,27.751315785019948,27.795133478669875,27.835238582790346,27.87176815541449,27.90476066897267,27.93367510491299,27.958117120824287,27.97774286936024,27.992384033638054,28.00179294738728,28.006012892092084,28.004832269385496,27.998450654999996,27.98728403208883,27.97227737972263,27.953582183095936,27.931566334824037,27.906309184294546,27.88044128393313,27.85392897036324,27.827048764178056,27.80000024111006,27.773555254293296
Holt,Missouri,40.095724,-95.219072,5.912599393603169,5.945524170560033,5.978535575383351,6.011245845242333,6.043661167841723,6.0757289476911795,6.10734502509413,6.138623872588388,6.16963871134679,6.20017915940795,6.230108055983317,6.2594367451982595,6.2879857836151265,6.315750014813295,6.34264487349456,6.368657984249428,6.39383988,6.418346284649063,6.442552585617912,6.46630718414026,6.489757553845897,6.512936695826805,6.536245779607392,6.559628084560815,6.583251709999359,6.607134187753134,6.631335332301362
Holt,Nebraska,42.459287,-98.784766,9.812174214681912,9.84262684634246,9.872949700250887,9.902014274214848,9.929854423300107,9.956396794864162,9.9815849637974,10.00560513296156,10.028694287817027,10.050903210962458,10.071904636762087,10.091675995172045,10.11029628134581,10.127556722377799,10.143468603289922,10.158043209104115,10.171630375500001,10.184218817455658,10.196141443117828,10.207398252486513,10.218310868686535,10.228670518812295,10.238764970922865,10.247855056082239,10.25618904477274,10.263902357257447,10.27076365058693
Honolulu,Hawaii,21.461364,-158.201976,159.6099411222183,161.50170502628015,163.3275551341796,165.06332727112394,166.69573746667731,168.1977117239516,169.61403600041606,170.96204271463924,172.22300779400686,173.38377378208733,174.42877945637014,175.34233708034066,176.10180064725589,176.77270441126575,177.42361896261988,178.06479193565445,178.684963584,179.30640037238706,179.95718840973706,180.6235376695975,181.30848448806813,182.0182280513522,182.72885721266536,183.42278652543067,184.11026362398428,184.79280667637596,185.47534972876775
Hood,Texas,32.430149,-97.831677,53.75970945846188,54.65307371460533,55.55092059399635,56.449813738770644,57.349417192153766,58.2496637627908,59.14972075781942,60.056703261784065,60.97563382846265,61.90586214152752,62.84670188928231,63.797713928228994,64.7586654883167,65.73011089822327,66.71271967180634,67.70732450192831,68.71490926199999,69.73987018638412,70.78647392611617,71.85578834380058,72.94881411068694,74.06679186714946,75.20385676778287,76.3598096382137,77.53579033178386,78.73345463545309,79.95229861405973
Hood River,Oregon,45.511775,-121.655976,33.51969794624071,33.853784535902335,34.20028828662581,34.55716634477172,34.92411746003378,35.30137698421377,35.68870956550991,36.08529617965201,36.49322675063986,36.91154104312222,37.3394765172613,37.77795575212011,38.22552898059965,38.68210206197923,39.14878585676324,39.62366930832125,40.1076467535,40.601923193524605,41.10842851316966,41.62759575975044,42.16022512939299,42.706165996944165,43.257444643359705,43.81273368447755,44.37258855054992,44.937668226621774,45.506852438116674
Hooker,Nebraska,41.9187,-101.11681,0.77203607575541,0.7744321329114741,0.7768179789660761,0.7791048217325918,0.7812953249766198,0.7833837172060296,0.78536555881149,0.7872555005037939,0.7890721886421325,0.7908196188749039,0.7924720414679871,0.7940276805776495,0.7954927516569549,0.7968508281513776,0.7981027979827839,0.7992495490730402,0.800318607,0.801309083841797,0.8022471732934856,0.8031328753550656,0.8039914957997253,0.8048066080729387,0.8056008541822955,0.8063160752455564,0.8069718055437788,0.8075787001393577,0.808118556634035
Hopkins,Kentucky,37.31107,-87.542196,23.518245700350505,23.64539044785157,23.76967277730911,23.889388868459115,24.004890844156137,24.116229819008094,24.22330924320005,24.326952629859584,24.427847186493192,24.52564646964718,24.62037887632596,24.71214095634449,24.800870236293083,24.886606471977913,24.969713145055284,25.050144820318163,25.128117314999997,25.204283760201978,25.279461989650844,25.353396430306983,25.42626314359767,25.49859031380476,25.57140591248753,25.64470993964599,25.718729571315325,25.79364086892282,25.869659649701926
Hopkins,Texas,33.148959,-95.565194,30.071573985826774,30.57129523796019,31.07352393550202,31.576337882614567,32.07954915512373,32.583120168194704,33.08658513833888,33.59392403110014,34.10794631288097,34.62828821617296,35.15456583873481,35.686533536824655,36.224061105836185,36.76745862065663,37.31710058731861,37.87345278931076,38.437065575999995,39.0103980694357,39.59583690662869,40.193979417989425,40.805385349093555,41.43074867706965,42.06678878276448,42.71339425398915,43.37120269061999,44.04114029037212,44.722925166984375
Horry,South Carolina,33.909269,-78.976675,171.91265003561543,173.6534404612464,175.38562872697472,177.1043812381884,178.80429092294875,180.4873649518996,182.1488516557615,183.79088109317684,185.41611583744904,187.01918977930535,188.59948847875276,190.15430839982187,191.68237969986038,193.18820827215072,194.667820738071,196.1199882176353,197.5456118895,198.9486651322868,200.33426827927113,201.70213459178956,203.05226406984204,204.38527115342166,205.70873393577594,207.02064524626095,208.3229303301883,209.61591688888757,210.89911337036423
Hot Spring,Arkansas,34.315177,-92.944147,33.56259226551175,33.808589615090824,34.053162551629185,34.29470404502959,34.53385934222504,34.76980057922605,35.00207730062658,35.23250350252121,35.46180965313598,35.69083579093076,35.91818185180573,36.14494353809988,36.36962338994992,36.5931223181679,36.815464671694706,37.036431310062525,37.25654573549999,37.476721033289635,37.697054599194914,37.91796036521056,38.14001053144696,38.36181720827469,38.582966463699016,38.80226519961744,39.019664718148235,39.23539633422966,39.44781649435318
Hot Springs,Wyoming,43.720871,-108.435652,2.3712133431556515,2.385400624204773,2.3988872407274386,2.4116355731517567,2.4236785386031325,2.4347716098642787,2.444736093968716,2.45388235238454,2.4624596147755238,2.470176329459517,2.477051306222466,2.482915256990863,2.4878434209084905,2.491572460972114,2.494219938343892,2.495983355776249,2.4967545569999996,2.4966464007308153,2.495607160057346,2.4937732059276954,2.491139835895375,2.4877399670857914,2.483521872587594,2.47856549399105,2.4728614264031856,2.4664896114142705,2.4592807609507954
Houghton,Michigan,46.998305,-88.652066,56.51903447773111,56.78916550710986,57.05342146199373,57.308514303531915,57.554772279257726,57.79228440545141,58.020160519310714,58.2359526731294,58.44011707534368,58.63105699642698,58.80753733549116,58.96840088089335,59.11279085093633,59.239511089354565,59.34802193494923,59.43746104250561,59.507344386,59.559391092344235,59.594975350364294,59.61436420890089,59.61786922493475,59.60602449614727,59.59059129856321,59.571964641926066,59.54983296925506,59.5244911469784,59.49721322060685
Houston,Alabama,31.158193,-85.296398,44.5066564639932,44.6443121083235,44.78332862942985,44.92029397394616,45.056687355759465,45.19193681216677,45.32636777022325,45.45939840579995,45.59221209000657,45.72404949304772,45.85495992205297,45.98492365417049,46.11468029634384,46.24426929427665,46.37354272658022,46.50311200166119,46.633844925,46.766461380688334,46.90230252265047,47.04238407775552,47.18651867891114,47.335751637264174,47.483613857415186,47.63045048927118,47.77649820705406,47.92177673361567,48.066986230195894
Houston,Georgia,32.458381,-83.662856,141.84435321313885,144.0065989547984,146.16766693239933,148.31852224357382,150.4606007924482,152.5907403631937,154.70785999427707,156.80942668628447,158.89761849603676,160.96970881906933,163.0237132036121,165.0576310641408,167.07284990351903,169.06825649270507,171.0446252519019,173.0054249382685,174.95044581299996,176.88443119983938,178.81306018027504,180.73475164639257,182.6468273949901,184.5479160569583,186.4420994721168,188.32513446310364,190.1950688456572,192.05169288097252,193.89284464598302
Houston,Minnesota,43.66699,-91.501556,38.37774307346845,38.73808126644935,39.102858652292774,39.469118264420814,39.837354178261684,40.2075289638587,40.57883413414753,40.95123225917147,41.32403462772758,41.695691639609215,42.065806537275535,42.43217843927363,42.794268354227256,43.15027215822434,43.49968080385399,43.84089228897022,44.1731056125,44.498207244260136,44.81654153985212,45.12768179776974,45.43203226154519,45.73032655832942,46.02705628292436,46.322393613130714,46.616944914246716,46.91211006665232,47.20763454664207
Houston,Tennessee,36.285777,-87.705605,3.0531071840966217,3.0802631794731754,3.10758957431873,3.134948499972003,3.162377134498959,3.189861019762833,3.2173753703863173,3.2450363678255476,3.2729049427997436,3.300925844571987,3.3290701568687493,3.3573946795130314,3.3858322854412872,3.4144294472359724,3.4431701576742397,3.472125158353828,3.5012805075,3.5307084957965733,3.5604860611856153,3.5906694871280966,3.6212835590013275,3.652293164187453,3.6835748921619538,3.7150920812208925,3.7468292405034522,3.7788168353692413,3.8110791348335415
Houston,Texas,31.323036,-95.4216,20.382715209833645,20.721429637330438,21.061843628198556,21.402654305164038,21.743734291957097,22.085058113323772,22.42631005808106,22.770187773657202,23.118595535285696,23.47128677890142,23.828001292981796,24.18857257854559,24.552912382034425,24.921230874293492,25.293781898031867,25.670881164432572,26.052901703999996,26.441510326207524,26.838324709681597,27.243749728994086,27.658164783462876,28.082040255455727,28.51315251923416,28.95142605886679,29.397293043840424,29.85138125719909,30.31349963453807
Howard,Arkansas,34.083179,-93.990988,8.669101624223442,8.732641889704722,8.795814234218899,8.858203567444109,8.919976554433829,8.980919360779826,9.040915635407034,9.100433927239369,9.159662913695861,9.218819573808396,9.277542275857163,9.336114035970711,9.39414806544003,9.451877066415252,9.509307328143677,9.566382247399606,9.623237043,9.680107561718645,9.737018960544745,9.794078156682419,9.851432947443236,9.908724845731046,9.965846934341727,10.02249104015754,10.078644584683877,10.134367315770104,10.189234709223404
Howard,Indiana,40.483537,-86.114118,131.72584647290006,132.3703069783085,133.00633762598684,133.62605925242866,134.22968366310448,134.81750738567325,135.38900090645842,135.94518089171882,136.48990220101962,137.02259295958996,137.54181289022992,138.04699011816882,138.54017915647145,139.01839354800234,139.4820780842498,139.93042790442547,140.363654814,140.7839404093206,141.1937628143933,141.5939480705535,141.9833524282599,142.36127692945956,142.73903198628275,143.11511377988816,143.4912379345877,143.86657840904596,144.24181298076897
Howard,Iowa,43.365313,-92.321908,8.580390430888793,8.606470029178105,8.631449833066135,8.654603399408881,8.675664462193403,8.69463591561549,8.71126017624958,8.725496725354576,8.737542368244391,8.747191617017732,8.75427660831861,8.758936263545088,8.760898528292639,8.760241545847663,8.756768510896249,8.75062123903225,8.7419068155,8.73056735638364,8.716961741961484,8.701168115519938,8.683192265450588,8.66297051944599,8.642149674912277,8.62068921310834,8.598537038509921,8.576057819786907,8.552846369528302
Howard,Maryland,39.252264,-76.924406,1744.3305474820668,1763.562785506637,1782.7921895187937,1801.9627090507843,1821.1187436304347,1840.27383353928,1859.4175873984684,1878.563230599266,1897.7387883755491,1916.8916740525167,1935.9866199201233,1954.9622223760584,1973.7466864391554,1992.3075784117846,2010.5655459463424,2028.4881553451978,2046.0391942275,2063.2643216821475,2080.2274604335985,2096.923887127829,2113.3466741789366,2129.518493686237,2145.716134195535,2161.944319060855,2178.239260663047,2194.6598434822768,2211.238501216176
Howard,Missouri,39.143365,-92.695926,12.759402913868723,12.830454657285738,12.901693343835218,12.972282180448039,13.042234520205088,13.111436861918806,13.179664428727536,13.247164252627742,13.314094345076633,13.380000701323944,13.444587328076596,13.507878705982899,13.569487595697025,13.629402869651575,13.687442035741041,13.743578387803652,13.797920975999999,13.85080585286583,13.903043105308488,13.954305582846153,14.004911533906716,14.054932174921591,14.105233230635157,14.155692297805928,14.206672135131418,14.258210576340819,14.310436701216064
Howard,Nebraska,41.219403,-98.513303,5.870169563536771,5.888387963209685,5.90652872286176,5.923916711876988,5.94057218417385,5.956451256262305,5.9715201716115525,5.9858903267732355,5.999703499176713,6.012990069699706,6.025554250463572,6.037382538855994,6.048522194020088,6.058848316791896,6.068367658477577,6.077086970383291,6.085215543,6.092746625021544,6.099879379979644,6.106613807874302,6.113142320931077,6.11934001998601,6.125379063346181,6.130817240458107,6.135803080057309,6.140417597817709,6.144522391963024
Howard,Texas,32.303583,-101.43853,31.235838221655065,31.754906900764414,32.27658010463739,32.79886121685989,33.321555037503195,33.84462252658154,34.36757986712865,34.89456111477844,35.428484508465765,35.96897219689995,36.515625414512265,37.06818900711013,37.626527729028616,38.19096366015016,38.76188580604708,39.33977798368563,39.92521184999999,40.520741735486425,41.12884667924005,41.75014713817725,42.38522452922868,43.034799697845514,43.695465010985835,44.36710474297758,45.05038117929331,45.74625637672475,46.45443753537873
Howell,Missouri,36.774369,-91.887368,56.02137591164937,56.33333537041183,56.64611562083427,56.95604264310537,57.263175065200905,57.56701454932729,57.86657419122671,58.16293860844984,58.456801565375926,58.7461697108308,59.02974345801945,59.30763029156408,59.578130000169025,59.84119372718786,60.096020223619156,60.34249223351155,60.581088552000004,60.81328464980656,61.04263729079113,61.26771008954869,61.48990034616712,61.70952074318351,61.930372327689845,62.15191767657542,62.37574951651378,62.60203396010272,62.83133774444086
Hubbard,Minnesota,47.095551,-94.91329,36.13738296284908,36.47668585648103,36.820168798226085,37.165047439003835,37.5117870118252,37.86035227176509,38.20998192844204,38.560640736930985,38.91168019061065,39.261641149583255,39.610150017643036,39.955134393196,40.29608674932115,40.6313082806302,40.96031965614223,41.28161239306432,41.59443225,41.90055557117273,42.20030660989309,42.49328357401535,42.77986710873023,43.06074801456907,43.34015568254005,43.61825223929852,43.89560865263053,44.173543082733666,44.45181586411746
Hudson,New Jersey,40.731384,-74.078627,2956.8822110610367,2977.719796241612,2997.8682204625893,3017.1487240877086,3035.677415756903,3053.510136575594,3070.65846335832,3087.4026231158277,3103.897881360754,3120.114274573115,3136.0157103311144,3151.5388566493343,3166.614593135088,3181.2194256647517,3195.2801479110967,3208.749771626878,3221.635106703,3234.0948235975516,3246.3185777722415,3258.233162899838,3269.895441569401,3281.224716573702,3292.553651083459,3303.8720302623133,3315.1631698775464,3326.405959267354,3337.6773501989624
Hudspeth,Texas,31.450868,-105.377549,3.5702967641493664,3.6296269864486552,3.6892549093017024,3.748952316866439,3.8086968975381983,3.86848418899604,3.9282588903341042,3.9884935294656105,4.0495216648803956,4.11130010768656,4.173783278463134,4.236942012755437,4.300760851808805,4.365276609770947,4.4305337504826,4.496587574849629,4.563503423999999,4.631573261217697,4.701080443882051,4.772095891022195,4.844686059346329,4.9189333424231325,4.994448243382483,5.0712175346301835,5.149316916253513,5.228856352589778,5.309802376231974
Huerfano,Colorado,37.687815,-104.959928,8.505828027826203,8.585875521657778,8.665956481715233,8.7455298706802,8.824909899228977,8.90398687251008,8.982993194869886,9.062339757192785,9.142517397458334,9.223503804849274,9.305404955747562,9.388192961631622,9.47188083714486,9.556288236514483,9.641610379391448,9.727717119341786,9.814653078,9.902613475017045,9.992016638216404,10.082777042798607,10.174812882433732,10.268187371103995,10.363854296246924,10.46163517132451,10.561717779048617,10.664382863869674,10.769351540572028
Hughes,Oklahoma,35.052934,-96.251183,7.05824898589359,7.08672566168248,7.115413648493127,7.143912461627151,7.172228138542325,7.200203705336767,7.2278753867570655,7.255641655015676,7.283735958479487,7.311938936183057,7.340280775415207,7.369107623754437,7.398131695713966,7.427479777906857,7.457139795417574,7.48724457231694,7.518023531999998,7.549726222721015,7.582702817030327,7.616991552160442,7.652662865118609,7.689696631045619,7.726875295958971,7.764053960872326,7.8011964010390935,7.838451540417465,7.875362544703262
Hughes,South Dakota,44.392258,-99.985846,18.596370407753323,18.67233686259809,18.748545248827714,18.822406900624234,18.893558920910376,18.96149325377793,19.02545991193384,19.085773406178433,19.142095032572897,19.19316674791599,19.240174015993503,19.280818488649302,19.316164663976757,19.34509965760553,19.3691718303987,19.388211830386858,19.401421283999998,19.409405019700245,19.412477548287917,19.411364663917578,19.406695388189856,19.39914712898235,19.391864994298185,19.384873177275846,19.377760394561083,19.371687916801203,19.365688018456773
Humboldt,California,40.706673,-123.925818,166.68435862265227,168.60670906408743,170.52731911480237,172.434679739389,174.33058747020365,176.21784938905327,178.09593215039442,179.98018113477136,181.88890319403427,183.81785963465487,185.7619883524415,187.71532429855463,189.67291765207474,191.6298513413703,193.58212995333616,195.5282236283876,197.462967336,199.4012620020981,201.35384939306266,203.31944760820204,205.29483786037758,207.28042717645138,209.27167276236594,211.2662728110397,213.26590689308708,215.27297038498327,217.2908738911235
Humboldt,Iowa,42.782221,-94.202775,8.18130250387071,8.206169097588425,8.229987050132825,8.252063706413118,8.27214518488208,8.290234245121747,8.306085284330997,8.319659668361341,8.331145048791164,8.340345495295976,8.347100952117747,8.351543879194153,8.353414875813911,8.352788450691955,8.349476952249914,8.343615600007496,8.3353064985,8.324494456086724,8.311521660940016,8.296462621774825,8.279322857755213,8.260041658076409,8.240189224916355,8.21972692412656,8.19860508323039,8.177171409564258,8.155039561643266
Humboldt,Nevada,41.407914,-118.127592,7.423211052089095,7.632016291512797,7.844741232716174,8.060792079817043,8.28033431691371,8.503572365539394,8.730197971001155,8.960516143205684,9.194916256501967,9.433635180285618,9.676497696099606,9.9231728357473,10.173280959238449,10.426679295978435,10.68271888871896,10.941218029430505,11.201920379999999,11.464615029321743,11.729817898408129,11.997000087101803,12.2657105701152,12.535576197030556,12.806272489223723,13.077666410458798,13.349436726897888,13.621768391356746,13.894505654095784
Humphreys,Mississippi,33.132978,-90.523911,2.157461278444479,2.16675044320654,2.1757876858202536,2.184454848109847,2.192727406680348,2.2006499495226146,2.2081548515171785,2.2153082515171465,2.2221324435179466,2.228536022138321,2.2345219599109933,2.2401073488991248,2.2453189418972315,2.250164913370303,2.2546051341265683,2.258746615344086,2.2627008269999997,2.266490806222921,2.2702027564618397,2.2738582285790065,2.277439387378076,2.2809878483171833,2.2844932075317943,2.2879131064305946,2.2913471248598336,2.2947246651673185,2.2980724801475656
Humphreys,Tennessee,36.04044,-87.790625,7.454185515155453,7.5204870942287165,7.587204704963181,7.654001739923874,7.720968969655057,7.788071094500629,7.855247600764416,7.922782146397237,7.990823494235518,8.059236749164874,8.127951311873097,8.197105859580594,8.266536501026883,8.336356699392297,8.406527372914722,8.477221237768653,8.548404255,8.620252922889266,8.69295508603499,8.766648160955578,8.841392661347196,8.917102859473603,8.993477447555925,9.070426915751904,9.147913443001435,9.226011410722727,9.304780071909956
Hunt,Texas,33.123438,-96.083807,71.51410028514549,72.70250218777056,73.8968671205477,75.0926238526537,76.2893254760472,77.48688260911987,78.68418755836922,79.89070519767148,81.11311680224524,82.35055728581044,83.6021136790825,84.86720180940739,86.14551203335637,87.4377817491978,88.74490158081404,90.06797922170772,91.40832347399999,92.77178244863225,94.16403187773003,95.58649229042479,97.04049483423981,98.52768987672785,100.04027568036663,101.57798729253165,103.14234100836322,104.73553944606533,106.35691224357589
Hunterdon,New Jersey,40.565283,-74.91197,544.9203923107353,548.7605267093703,552.4736564342768,556.0268380794728,559.4414691715103,562.7278406029249,565.8880858514373,568.9738476277579,572.0137396330827,575.0022399250757,577.9326970731959,580.7934396993236,583.5717296864794,586.2632373298771,588.8544715204001,591.3367728484764,593.711396301,596.0075830726141,598.2602845483324,600.4560096190378,602.6052374253002,604.6930963724192,606.7808925701933,608.866743538281,610.9475745587902,613.0194951723483,615.0966867308636
Huntingdon,Pennsylvania,40.422321,-77.968584,131.49263837341314,131.86481528019306,132.22816342449357,132.57611429192193,132.91020654901598,133.2322759841278,133.5402002985845,133.8361866830059,134.1210628338745,134.392027316942,134.64644848185392,134.88203424604347,135.09617418214305,135.28568484214313,135.44968547209444,135.5859582698839,135.69292212299996,135.77341030017118,135.82941776215006,135.86045638024177,135.86668532684686,135.84775442268423,135.81153739583056,135.75747183713742,135.68521817881722,135.59508415417753,135.48949979519878
Huntington,Indiana,40.826394,-85.478598,64.4193607131541,64.7345284260587,65.04557359156341,65.34864297441008,65.64384015619167,65.93131015113832,66.2107940052676,66.48278891022576,66.74918005100469,67.00968775730338,67.26360767428972,67.51066013166269,67.75184987087405,67.98571639146299,68.21247721477476,68.43173873075612,68.643604521,68.84914147591391,69.04956150013555,69.2452685618774,69.43570332053748,69.62052395685907,69.80526172790628,69.98918120436912,70.17312139715052,70.35667833803797,70.54018348812893
Huron,Michigan,43.907616,-82.857045,48.70699406654809,48.939787683189316,49.167518275997836,49.38735227765819,49.59957256544891,49.8042558518523,50.00063501204525,50.18660045276409,50.36254532548071,50.52709360004361,50.67918089076067,50.81780993536182,50.94224237620479,51.05144738930849,51.1449599052489,51.222036771853595,51.282260865,51.32711369450279,51.35777950930769,51.37448844686165,51.377509000852754,51.367301446174885,51.35400141955374,51.337949332629606,51.31887669171435,51.297037606905675,51.27353002560667
Huron,Ohio,41.14508,-82.594641,62.31709765862544,62.446467707421284,62.57066904790036,62.68593124336423,62.79316289832752,62.89230960533429,62.9830558011399,63.06571160824337,63.14036407857425,63.20578904437332,63.26109422336269,63.30550158892211,63.338630288859775,63.35991992637926,63.3694684349013,63.36679702881336,63.35235729,63.32709046744941,63.293134774181055,63.250832977167526,63.2010175104851,63.14386791873846,63.0853363776103,63.02534671666223,62.96452462163789,62.9033216744218,62.84348435435044
Hutchinson,South Dakota,43.33671,-97.749383,7.824833446736736,7.856798009910396,7.888864371055943,7.919943291874152,7.949882075407188,7.978466945914076,8.00538232968196,8.030760564074292,8.054459131930432,8.075948683796543,8.095728029734893,8.112830089012519,8.12770277270574,8.13987781014386,8.150006708346979,8.15801820873477,8.163576377999998,8.166935711072389,8.168228545315399,8.167760274644703,8.165795573787216,8.162619477064228,8.159555358110318,8.156613396722678,8.153620536349095,8.15106540725464,8.148540817551753
Hutchinson,Texas,35.837047,-101.362746,18.408490997214795,18.71439830274361,19.0218405557364,19.32964107269829,19.637684814740126,19.945948774084066,20.254147818626272,20.564718307697927,20.879380072691998,21.19791043118734,21.520074375167507,21.84572153237023,22.174772197279466,22.507416184062325,22.843882748790776,23.184457023568672,23.529475908,23.880444768120068,24.238824597821246,24.604981056429807,24.979256795494166,25.3620766371979,25.75143233121875,26.147255675929582,26.54993698184719,26.960043226353882,27.37740185111591
Hyde,North Carolina,35.408157,-76.153687,4.242887070720751,4.30543815213973,4.368513658912289,4.431831093984758,4.495476542273664,4.559461877560601,4.623760878577887,4.688428956306279,4.753654112287627,4.819441788671828,4.885793469681579,4.952737355548158,5.020350625851905,5.088683249423678,5.157822795402708,5.227678231463467,5.2983232739999995,5.369781175834583,5.442171664264924,5.515468023282444,5.58954706240314,5.664364254946049,5.739992327823411,5.8163021536604305,5.893328859060979,5.971113012778825,6.04956259300664
Hyde,South Dakota,44.537301,-99.492148,1.3606591298232704,1.3662174429821514,1.3717934577752968,1.3771977667160815,1.3824038173531101,1.387374436254428,1.3920547483538173,1.3964677657758202,1.400588706232469,1.4043255212255892,1.4077649487630757,1.4107388233194194,1.4133250320853827,1.4154421475433514,1.4172034601526147,1.4185965787691883,1.4195630879999999,1.4201472419307102,1.4203720526858619,1.420290625168248,1.4199489836269539,1.4193966926379185,1.4188638734465735,1.4183522962163453,1.417831868168985,1.41738755714896,1.416948556619214
Iberia,Louisiana,29.606013,-91.842706,12.485785527237523,12.534682374130128,12.582307593389844,12.627909266068523,12.671307705652817,12.712505676550627,12.751326256656514,12.788493720839638,12.82407717929744,12.858040694727254,12.890019365286596,12.92007124354132,12.948168685412446,12.9745079638607,12.99929364507051,13.023006736016056,13.045683174,13.068307088233892,13.091284846678676,13.115224619071823,13.139767032386644,13.16521064267608,13.189576133885458,13.212816511080511,13.234948360708632,13.256184542177934,13.276436594435692
Iberville,Louisiana,30.288394,-91.36315,5.909311027396913,5.932453077684186,5.95499328812907,5.976575788216068,5.997115535358756,6.016613837904618,6.034986961614712,6.052577693529704,6.069418742336678,6.085493099518351,6.100628063206905,6.1148511086994946,6.128149152521286,6.140615087343602,6.152345730880219,6.163568735593255,6.174301109999999,6.185008625804558,6.195883610086998,6.20721389929368,6.218829408251753,6.230871438489431,6.242403213208562,6.25340249050193,6.263877120454435,6.273927845822302,6.28351279948606
Ida,Iowa,42.39186,-95.507421,5.427756083721846,5.444253433045979,5.460055077926304,5.47470148726967,5.488024227368629,5.500025129024351,5.510541250932887,5.5195469618778885,5.527166756338776,5.533270647432623,5.537752448691694,5.540700038572046,5.541941321763896,5.541525729898778,5.539328768497273,5.53544014681661,5.5299276045,5.5227545255240855,5.51414792923369,5.5041572472603475,5.492786141206391,5.479994333446129,5.466823549844107,5.453248159183974,5.439235207044709,5.425015374373468,5.410332349006744
Idaho,Idaho,45.849237,-115.467376,7.715518726927028,7.833540145736078,7.953827459986197,8.075400823000168,8.198332609816651,8.322361156834337,8.447230367762597,8.572845598320102,8.698355049974952,8.824176271027099,8.949780366963273,9.074966914599495,9.199919635187742,9.3244937786507,9.448299633241747,9.571537622144861,9.694541784,9.817718532485788,9.940806204000918,10.064573087417301,10.18871298064831,10.314150057264506,10.440856480712549,10.568999270312428,10.699168560994742,10.831230737303503,10.96550870325734
Imperial,California,33.040816,-115.355395,215.75810794494825,218.2464199706144,220.73247921496383,223.20138825316062,225.65547253688646,228.0983655843941,230.52937702721536,232.96837009846507,235.43904139301443,237.93590429830186,240.452406369745,242.980826381057,245.51475722838555,248.04783419892473,250.57488558502817,253.09393111924828,255.598285128,258.10723553734135,260.6346866104526,263.17897904066507,265.7359463937156,268.3061155297509,270.8836062050654,273.46543893469186,276.05378777371806,278.6517533243864,281.2637503113739
Independence,Arkansas,35.737499,-91.559942,20.41191863890172,20.56152799700108,20.710271063162505,20.857170482379125,21.002618677494617,21.146112162596346,21.287376982114182,21.42751636253319,21.566974556129214,21.70626245301949,21.8445285696753,21.982439284510427,22.119083880359355,22.255010268362323,22.390233256928514,22.52461957037517,22.6584875895,22.792392629647814,22.9263939244554,23.06074321687907,23.195788504534917,23.330685708098816,23.465183084614445,23.598555022031224,23.73077190353079,23.861974409000474,23.99116297081961
Indian River,Florida,27.700638,-80.574803,297.43056817042066,303.09532164248327,308.8907657077998,314.7979285928329,320.8234227223007,326.97206027963705,333.24700899710217,339.6698025300614,346.25956844216313,353.01945715565535,359.94688947869764,367.043786822661,374.31302264959584,381.753264088551,389.370136893541,397.17371549175397,405.1672368555,413.3705555689459,421.8022798953699,430.4676028384774,439.378295206667,448.5449680375106,457.85192120845073,467.298254598845,476.8917057842147,486.6406008805007,496.55101570203846
Indiana,Pennsylvania,40.651432,-79.087545,245.93585178718834,246.6319488897844,247.31153321077184,247.96231939941055,248.58718528422602,249.1895644123557,249.76548736514368,250.31908233799209,250.85189740417667,251.3586929310718,251.8345468395439,252.2751721574447,252.6756864998274,253.03013573870805,253.33687256534458,253.59174893724145,253.79180763749997,253.94234784002592,254.04710079835573,254.10515354619858,254.11680378995376,254.08139657554293,254.01365844617956,253.9125375059199,253.777398647779,253.60881743746194,253.4113388593297
Ingham,Michigan,42.603534,-84.373811,478.3785222687627,480.66491806174207,482.9015870771669,485.06069927191703,487.14503294132953,489.1553415214275,491.08409065197594,492.9105608423268,494.63861345210074,496.2547337226254,497.7484677290738,499.11002080314,500.33214112309696,501.40470439237845,502.32314290509163,503.0801577497581,503.671652118,504.112176743022,504.413362793438,504.57747057731854,504.607137120746,504.5068830398617,504.3762560692779,504.21859958134917,504.03127654999287,503.81678273203715,503.5859016805691
Inyo,California,36.561977,-117.403927,23.613035477361638,23.885361744496834,24.15744146235673,24.427644224443405,24.696224533234577,24.9635800488517,25.2296352158717,25.496563909625134,25.766959536870704,26.040221630825037,26.315633077735768,26.592348849844864,26.869667739804797,27.146893179636212,27.423459166432867,27.69914897542862,27.973230912,28.247815888625002,28.524425618035036,28.802878502107955,29.082718557237868,29.36400344414236,29.646089616191563,29.928650992085895,30.211925505131347,30.496252491964906,30.782115109634102
Ionia,Michigan,42.94465,-85.073766,99.69385698448372,100.17034078253172,100.63646154373954,101.08641950033014,101.520793647733,101.93974100165788,102.34169140500774,102.72232692576581,103.08245226944436,103.4192509667506,103.73054442471248,104.0142914391039,104.26898073371898,104.49250240995862,104.68390456008275,104.84166609440372,104.96493323999998,105.05673836276515,105.11950539271767,105.15370537698668,105.1598878705561,105.13899496768418,105.11177236901496,105.07891683176022,105.03987880093612,104.99517839108093,104.94706288953975
Iosco,Michigan,44.329482,-82.849447,39.813954614945274,40.00424421637169,40.19039521296419,40.37009139690378,40.543563997059024,40.71087571956379,40.87139950307955,41.02341092892555,41.16723136603773,41.30173602314025,41.426054852625924,41.539372674754766,41.64108594298849,41.73035204365351,41.8067908208134,41.869794808796485,41.919023042999996,41.95568653563386,41.980753312639315,41.99441149241794,41.99688054643818,41.988536711503116,41.97766503554734,41.9645437770398,41.948953464512,41.93110181203233,41.9118863011415
Iowa,Iowa,41.683918,-92.059123,12.887013964614054,12.926183294967135,12.96370082801312,12.998475508162345,13.030107426593078,13.058600930140347,13.083569150487486,13.10495123194424,13.123042759291868,13.137535107244057,13.148176159369719,13.155174563749751,13.158121717892396,13.157134986343163,13.151918784320777,13.142686106741161,13.129597786499998,13.112566886896916,13.09213241547423,13.068411736777445,13.041413544476592,13.011042208201268,12.97977107707708,12.947539295413772,12.914268620181007,12.880506752591133,12.845645135741536
Iowa,Wisconsin,43.001021,-90.133692,50.516528267978245,50.84225928543108,51.167514315448,51.48876006667766,51.806106382374516,52.1190681214981,52.426592619526645,52.72753567589301,53.022272588383196,53.30813965807698,53.58392860917537,53.848458626693144,54.100796042967474,54.33972342859495,54.56395012533586,54.773109989008674,54.9669741795,55.14603699145483,55.31172638718094,55.46426205318724,55.60390944400529,55.73056786998521,55.85334516764137,55.970904910711404,56.084354685344266,56.19422540060313,56.30166125705512
Iredell,North Carolina,35.806356,-80.874545,150.0214080775146,152.2331099575866,154.46335464322112,156.70215350991228,158.95255037668642,161.21496508065056,163.4884704815266,165.7750258191476,168.08127851437547,170.40742099255107,172.75350573331278,175.1205298497898,177.5112222831782,179.92734984797025,182.37200884283064,184.84198051660508,187.339871358,189.8665035480168,192.42611044415176,195.01774741291402,197.63705864431768,200.28246974921112,202.95655222987526,205.65474035777066,208.37827615100574,211.12859405302964,213.9024403262625
Irion,Texas,31.303424,-100.981304,1.330344357252221,1.3524516585956106,1.3746698874831245,1.396914007382008,1.419175704664758,1.4414533166058723,1.4637262372857518,1.4861705374583214,1.5089105058547656,1.5319300496675587,1.5552121853433718,1.578746045783395,1.6025258708314298,1.6265653779728577,1.6508811350796333,1.6754937480713554,1.700427564,1.7257913726197627,1.751690756999944,1.7781521425993965,1.8052002921514714,1.8328659066948794,1.861003854046622,1.889609205413251,1.918710167745226,1.9483477153495308,1.9785093777849099
Iron,Michigan,46.170249,-88.540409,17.196725050466014,17.27891628184057,17.359319937725328,17.43693558524674,17.51186309841418,17.584129561704767,17.653464130347317,17.71912198122108,17.7812419222713,17.839338125689647,17.89303479435613,17.9419798300682,17.985912544733598,18.024468990691055,18.057484968298034,18.084698096682462,18.105961104,18.121797059214995,18.132624078942957,18.138523416615246,18.139589867901773,18.135985939665247,18.131290168444895,18.12562274160793,18.118888863484436,18.111178251404876,18.10287855194799
Iron,Missouri,37.62596,-90.699627,14.005008416085234,14.082996412173301,14.161189601259906,14.238669500399205,14.315450766233948,14.391408817300743,14.466296933446568,14.54038626256237,14.61385024158738,14.686190544668003,14.757082282889886,14.826552326764736,14.89417563365272,14.959939989684882,15.023645087410268,15.08526161354337,15.144909264,15.202956897622775,15.260293684072032,15.316560535600335,15.372106768859949,15.427010552612227,15.482222125862325,15.537607136051658,15.593563755308358,15.650133510786882,15.70745808336718
Iron,Utah,37.882727,-113.290059,29.570607008281534,29.996550940636634,30.429069804814883,30.865136651071303,31.30404436409659,31.746487653668293,32.19251614191338,32.64370533136306,33.101916051778616,33.56797947378673,34.04206927483179,34.525091058730965,35.01731774718256,35.519369616773666,36.0322267045119,36.55712956357143,37.09370602799999,37.645442052217064,38.213081968127135,38.796402476158846,39.397599355430515,40.016275628926394,40.64459100058565,41.280932751281874,41.92609483504652,42.578725048919736,43.23783095036219
Iron,Wisconsin,46.32655,-90.261299,12.707357162013155,12.789294312475313,12.871111729009579,12.951920617458908,13.031748608729743,13.110473666318647,13.187830994038938,13.263532769948576,13.337673399644544,13.409582833645755,13.478957131981415,13.545499262407324,13.608974362218769,13.669076188869415,13.72548007920863,13.778093930214961,13.826860177499999,13.871903160142708,13.91358207992676,13.951952198665035,13.987080291048079,14.018941028744997,14.04982547441449,14.079397452028246,14.107935573226165,14.13557338738936,14.162598716459879
Iroquois,Illinois,40.748867,-87.833601,45.098335058700584,45.27274047719058,45.442415181680005,45.604450157380256,45.75941223437881,45.907604435049485,46.04832802544796,46.18446706557911,46.317992983357264,46.44731936753129,46.57222875498586,46.691177514099095,46.804208424500224,46.91023060564353,47.009835842400214,47.10262842319976,47.188497833999996,47.2690126612065,47.34634753597253,47.42022082573889,47.49099259238504,47.55849528236314,47.625313498273314,47.69183938671701,47.75756315711236,47.822691577667406,47.88784495300617
Irwin,Georgia,31.604306,-83.277037,7.329061568082113,7.440784254300956,7.552446085751155,7.663580231330762,7.774260883839909,7.884324652392917,7.993715683982943,8.102303099176051,8.210199437612888,8.317263816335906,8.423393699228065,8.528485716545369,8.632611560207037,8.735713709952302,8.837832179875614,8.93914619977504,9.0396449325,9.13957346437901,9.23922523210473,9.338518540234311,9.43731500669111,9.535543773182862,9.63341574733242,9.730711685247254,9.82733071806427,9.923262008632884,10.018393850939423
Isabella,Michigan,43.645233,-84.839425,104.7855640859159,105.28638354527367,105.77631069196758,106.24924954419423,106.70580866866499,107.14615310042021,107.56863248905627,107.96870837096321,108.34722655072292,108.70122671229889,109.02841899450607,109.32665794181979,109.59435509197657,109.82929278662154,110.03047050082252,110.196289457626,110.325852279,110.4223462041615,110.4883189615461,110.52426565627489,110.53076391098915,110.50880393593101,110.48019098580829,110.44565740361259,110.40462556670266,110.35764215364966,110.3070692284688
Isanti,Minnesota,45.562431,-93.296339,71.2087722406981,71.87736914762094,72.55420284618825,73.23378677198254,73.91703766741277,74.60388608229654,75.29283189269175,75.98380564841598,76.67552946611116,77.36512810822188,78.0518654028136,78.73165767915539,79.40350485461923,80.06405943040866,80.71237688404166,81.34548474770727,81.9618967875,82.5651132926178,83.15577320473972,83.7330847917852,84.2977981157253,84.85127440013694,85.40184766692012,85.94983738691433,86.49636865307603,87.04403890223074,87.59237587313744
Island,Washington,48.158436,-122.670503,88.87099176840391,89.73358441025036,90.634704763147,91.57122895863036,92.54510941449008,93.55879026855182,94.61218474669161,95.7068547831412,96.8453457522042,98.02765765388062,99.25325538107253,100.52218232084196,101.83299223778907,103.18565620720592,104.57833751013473,106.01177372662944,107.48618179199998,109.00821438908538,110.58329490063481,112.21203074551619,113.8991800381948,115.64676750823031,117.41669931519245,119.20917793203725,121.02605454007633,122.86773408522173,124.7349252228193
Isle of Wight,Virginia,36.901418,-76.707569,54.15160964910288,54.81796099911766,55.48522687928921,56.15045321204765,56.81451097849468,57.477646956609114,58.1397667901049,58.80203178711765,59.4651750234079,60.12897149552443,60.79192601924268,61.453987787331684,62.113712422797875,62.77112170016875,63.425213991177415,64.0762288156268,64.72402101,65.37123980848126,66.0195473333396,66.66840647956234,67.31799144336983,67.96776511974934,68.62354130755456,69.28493532346563,69.9527891158808,70.62811157124288,71.31171560524676
Issaquena,Mississippi,32.754977,-90.988552,0.24626302059704247,0.24732333059935127,0.24835488499439745,0.2493441966389517,0.25028846631460794,0.25119278350937707,0.2520494291664424,0.2528659526930204,0.25364489883311664,0.25437583413630827,0.25505909790179604,0.25569664109998436,0.2562915174236796,0.2568446599456842,0.2573514881267877,0.25782421673821715,0.25827556949999997,0.25870817598094203,0.2591318758578646,0.2595491290499731,0.2599578997620633,0.26036293818294526,0.26076305676541656,0.26115342049586654,0.2615453958975201,0.2619309246143596,0.2623130603391917
Itasca,Minnesota,47.490843,-93.613128,87.18685503490435,88.0054741427248,88.83417824339739,89.66624967726509,90.50281088872633,91.34377684411459,92.18731081623245,93.03332777141341,93.88026309019305,94.72459637877645,95.5654262802982,96.39775281516555,97.22035149858026,98.0291237078149,98.82291298500444,99.59807988922081,100.3528047,101.09137311413579,101.81456744136037,102.52141829787521,103.21284404727892,103.89051134943578,104.56462424433111,105.235573886831,105.90473782233347,106.57529630996723,107.24667112079985
Itawamba,Mississippi,34.281075,-88.363127,7.161868393527687,7.1927045323619545,7.222704395111038,7.251475746088966,7.278937177889212,7.305236703978184,7.330149837265168,7.353896131058662,7.3765495920918704,7.397806792758661,7.417677600623465,7.436218754181736,7.453519061513313,7.4696056584203765,7.484345332783157,7.498093316921026,7.5112196445,7.52380078914438,7.536122910222555,7.548257547576617,7.560145495820004,7.571924900854695,7.5835612262051955,7.59491385907842,7.606313362882672,7.617525382962812,7.628638727398683
Izard,Arkansas,36.094879,-91.913625,7.9322794721843914,7.990419192467051,8.04822226287972,8.105308873312659,8.161831523279627,8.217594553027126,8.272491500630455,8.326951091137726,8.381145965507908,8.435274660843818,8.489006281974095,8.542599790337198,8.595701271967233,8.6485236507136,8.70107268127493,8.75329657136353,8.805319047,8.857355909383049,8.90943017730721,8.961639680649231,9.014119654826972,9.066542082018389,9.118809132346735,9.170638825579017,9.22201965231798,9.273006282200628,9.323210273069272
Jack,Texas,33.232277,-98.171902,7.1244113626215295,7.242802896384304,7.361788481943878,7.480912721991357,7.60013109444347,7.719434694883559,7.838713172148088,7.958909440357784,8.080689104657562,8.20396598301481,8.328649123173689,8.454680328411076,8.582028751283554,8.710767853228525,8.840986360397652,8.972794623954472,9.106323029999997,9.242154181795334,9.380853509798037,9.52256253062993,9.667413856496196,9.815571901090054,9.96625943604353,10.119450066121539,10.275294848392326,10.434013213123446,10.595538377189994
Jackson,Alabama,34.763522,-85.9774,24.378444238044096,24.453844879565494,24.529990938991464,24.605013469981554,24.679722709388564,24.753805365629407,24.82743969081171,24.900306991773355,24.973055457996587,25.04526916789698,25.116975129369617,25.188162539256464,25.25923651598392,25.330218665868056,25.401027965223598,25.4719993119497,25.543608044999996,25.616248479642863,25.690655230624827,25.767384660584813,25.846334139521463,25.928076234810764,26.009067510616465,26.089497022204224,26.169494407470502,26.249070469573315,26.328608720623002
Jackson,Arkansas,35.596605,-91.223178,8.687407764646775,8.751082205164042,8.814387947792543,8.8769090256834,8.938812455828964,8.999883952276784,9.060006918258624,9.119650892111459,9.179004949675685,9.238286528167764,9.29713323222693,9.35582867561378,9.413985252855502,9.471836157488584,9.52938769204104,9.586583133760751,9.643557986999998,9.700548596559278,9.757580172550648,9.814759857950325,9.872235762166621,9.929648641102787,9.986891351782594,10.0436550703334,10.099927191699182,10.155767589896055,10.210750844283135
Jackson,Colorado,40.663432,-106.329248,1.6853942713841672,1.701255347707489,1.7171230552235872,1.732890189649235,1.7486190105166157,1.764287782249405,1.7799425547974423,1.7956647444720466,1.8115516087672783,1.8275987268879537,1.8438270976112001,1.8602311949430352,1.8768135976806521,1.8935385710629735,1.9104447970478653,1.927506487663418,1.9447324844999998,1.962161469515476,1.9798763326195605,1.9978601274307106,2.0160966443665838,2.034598409013535,2.053554410365709,2.0729292820616294,2.092760232460765,2.1131028899025237,2.1339019944470974
Jackson,Florida,30.787812,-85.210374,96.26462868866102,98.09804948651414,99.97376883326915,101.88564643626428,103.83582243400025,105.82585430946973,107.85676731226864,109.93553089866636,112.06833578343597,114.25620161371653,116.49829362344363,118.795233685323,121.14795180718477,123.55601659985474,126.02124886179557,128.5469092228696,131.1340453425,133.78908323864576,136.51804555237564,139.32261302073215,142.20659531434495,145.1734267392373,148.1856604741033,151.24300519118896,154.3479651886874,157.5032352483235,160.7107818324369
Jackson,Georgia,34.134157,-83.565133,85.78205212249428,87.08969583696752,88.39662728468092,89.69738250144918,90.99282986729467,92.28105699475252,93.56141015953631,94.83235750025837,96.0952162225705,97.34833738013823,98.59052085225659,99.8205567611417,101.03928421557917,102.24602997712472,103.44126238556568,104.62707921286602,105.803353617,106.97295417916489,108.13931539113419,109.30148105917561,110.45783150819129,111.60753738647456,112.75306723498771,113.89185494197942,115.02271990090257,116.14553526973137,117.25899359989296
Jackson,Illinois,37.786096,-89.381212,94.71461876419121,95.08090152609779,95.43724893734313,95.77755154341358,96.10299978949008,96.41423007708451,96.70977493918134,96.99569142075791,97.27611987517948,97.54772855335463,97.8100607436102,98.05987454177411,98.2972597927657,98.51992545114236,98.72911437162125,98.92399548869878,99.10433670299999,99.27343232823324,99.4358494811305,99.5909966826396,99.73963012749813,99.88139792310544,100.0217282000037,100.16144453661991,100.2994762809989,100.43625768358407,100.57309149570551
Jackson,Indiana,38.911957,-86.042516,70.35604990131594,70.70026249658115,71.03997262321926,71.37097194371962,71.69337358543463,72.00733592665772,72.3125761490078,72.60963726377653,72.90057818877835,73.18509348016165,73.46241387192985,73.73223392023137,73.99565096038485,74.25106989672092,74.49872829667969,74.7381962763219,74.969586963,75.19406556844409,75.41295568267769,75.62669850237535,75.8346831398339,76.03653627479024,76.23829890786462,76.43916783485476,76.64005938731539,76.840532368572,77.04094878615236
Jackson,Iowa,42.164281,-90.574597,15.661396300631335,15.70899820493394,15.754592704549497,15.796853855855774,15.835295655612747,15.869923386464322,15.90026689310223,15.926252218511678,15.948238582478766,15.965850917285657,15.978782829585374,15.987287886285761,15.990869518858972,15.989670358690653,15.983331185994714,15.972110850322897,15.956204809499999,15.935507410647753,15.9106737016114,15.881846313776606,15.849035812431195,15.812125979409076,15.77412263909691,15.73495183447991,15.694518477967625,15.653488182693147,15.611121378508608
Jackson,Kansas,39.410989,-95.794509,14.887025549111437,14.94861810923185,15.009971622633973,15.069972348925749,15.129092948663803,15.186317473295391,15.241781744819548,15.295800870274011,15.348722553976305,15.400280584808343,15.450328275011149,15.498322336588615,15.544121514661752,15.587905094269265,15.628917905096555,15.667621741940334,15.704098098,15.73851539255436,15.771036612002257,15.802004027781246,15.831156861653183,15.858587472577408,15.884529474392261,15.908754686139368,15.931453258617367,15.95304895646324,15.973123447919967
Jackson,Kentucky,37.40332,-84.020686,6.8534811958586666,6.890532604677726,6.926749872698789,6.961636487542087,6.995295061766111,7.027740490742252,7.0589446387689865,7.089147486829871,7.118549294918075,7.147049105516377,7.17465519383111,7.201395695563791,7.227252405260498,7.252236908210092,7.276455127053585,7.299893821460854,7.322615882999999,7.3448116414166,7.366719422652937,7.388264749852049,7.409498929293177,7.430575879814047,7.451795163883782,7.473156781502383,7.494726934320481,7.516556928617324,7.538709655961012
Jackson,Louisiana,32.30448,-92.556672,3.019600630485012,3.031425993765803,3.042943822723373,3.0539722709752923,3.064467882584585,3.0744313261041256,3.083819814149816,3.0928085075753167,3.1014141202025423,3.1096279608440964,3.117361780520273,3.1246296188414786,3.1314247902789494,3.1377947620869198,3.143789007178257,3.1495238537534855,3.1550079930000003,3.1604794297418595,3.1660364412519195,3.1718261091630264,3.177761521601226,3.183914882277187,3.1898075073312873,3.1954280313646213,3.2007804656944505,3.2059162888922716,3.210814107266032
Jackson,Michigan,42.248474,-84.420868,246.3700725506564,247.54759091984315,248.69949946496047,249.81146541515162,250.8849196223294,251.92025011413125,252.91357661418314,253.85422836245607,254.74419400059185,255.5765132828444,256.34580232574444,257.04701677000577,257.67642184961824,258.228803443204,258.7018091332114,259.09167990190286,259.396305849,259.6231807582504,259.77829480630646,259.8628120760807,259.87809066430384,259.8264587368005,259.75918444516384,259.67798966203503,259.58151629068306,259.4710496726568,259.3521434535168
Jackson,Minnesota,43.673025,-95.149704,17.21944327766293,17.381120921471524,17.544790355926818,17.709124840210173,17.87434605759762,18.040437213901587,18.20703555467039,18.37412428571646,18.541394393988366,18.708150600120398,18.87421488572424,19.03859975257033,19.20106336435755,19.36079624124467,19.517569982280644,19.670665796237138,19.819724287499998,19.96559188312314,20.10842308963226,20.248026453288997,20.38458335131917,20.5184229497993,20.65156055123869,20.7840734089002,20.916233588622585,21.048669193021237,21.181266021620637
Jackson,Mississippi,30.458491,-88.619991,33.79616123656166,33.94167398026102,34.08324041835126,34.219009628732515,34.34859745776143,34.472702366607734,34.590265022497334,34.70232147616534,34.80922095819664,34.90953162319323,35.0033000352331,35.09079393776465,35.172432407489744,35.24834349562282,35.317898587111124,35.382773988762054,35.44471585349999,35.50408505292934,35.56223194531161,35.619494120212174,35.675592193163155,35.731178061256315,35.78608875021871,35.83966072193906,35.89345387302984,35.94636230663894,35.998805099468186
Jackson,Missouri,39.007233,-94.342507,941.0710638922767,946.3114924781768,951.5657090738873,956.7719959212083,961.9313378779837,967.0353636525422,972.0674948045166,977.0459512040137,981.982387002183,986.8433170323415,991.6069102789556,996.2749723147386,1000.8189422622256,1005.2379994065466,1009.5186840238392,1013.6590263984161,1017.667069536,1021.5675990256553,1025.4203629098954,1029.2012321715508,1032.9336792558954,1036.6229567380944,1040.3329162350094,1044.0545298830739,1047.8145529870396,1051.6157759774635,1055.4677191468338
Jackson,North Carolina,35.286463,-83.130641,34.86106658538157,35.375008478717,35.89325923695162,36.413497763993526,36.93643136408087,37.46215759641891,37.99046101776271,38.52179690440348,39.057709943757935,39.59824485046182,40.14341381941579,40.69344855373234,41.248983188245695,41.81042828461134,42.37850334196812,42.952460406408996,43.53290515799999,44.12002865018474,44.71481460494969,45.31704351408293,45.925703200829915,46.54042781817085,47.161814916238015,47.788803538674124,48.4216822981281,49.060784521884614,49.70535412610283
Jackson,Ohio,39.013477,-82.614142,28.127200478275252,28.185592435460077,28.241651464756696,28.29367575666353,28.342075415346162,28.386825883668937,28.427784730245,28.465091930747644,28.49878677659393,28.528316732231392,28.553279060635113,28.57332259476509,28.588275434671658,28.59788464185747,28.60219441916672,28.600988663805555,28.594471199999997,28.583066866197054,28.56774075782838,28.54864758484865,28.526163071433544,28.500368256130773,28.4739496895821,28.446872991797598,28.41942056983742,28.391796247927587,28.364788310122954
Jackson,Oklahoma,34.593949,-99.41221,12.854782308148948,12.90664523744735,12.95889301533772,13.010796262107664,13.06236597343123,13.113316261782971,13.163713101207213,13.21428220619167,13.26544874279985,13.316813201541036,13.368430560785514,13.42093123917918,13.47379110959201,13.527241081179188,13.581259162592607,13.636087258661501,13.692143204999997,13.749881489469097,13.809939861164052,13.87238795935389,13.937354066902595,14.004801531563317,14.072512892401388,14.140224253239458,14.207869640033188,14.275720279409304,14.342944165364216
Jackson,Oregon,42.411782,-122.675797,309.6995943728691,312.7863310573571,315.9877940066906,319.28510861929925,322.6754915437993,326.16111727345907,329.7398113150104,333.4040064318789,337.17301212428833,341.03795645970376,344.9917940799351,349.0430489985947,353.178326337149,357.3967562982902,361.7086024902458,366.0962080276756,370.56783598499993,375.1346197677534,379.8143902207378,384.6111484115668,389.5322876173536,394.57641616240596,399.669862214788,404.80036163246507,409.9730462195507,415.194004557197,420.4528860574457
Jackson,South Dakota,43.677294,-101.626455,3.160610816130895,3.1735219591970383,3.186474220553201,3.1990276344961743,3.211120523590928,3.2226665394284226,3.2335382153095957,3.243789005011473,3.253361342928028,3.2620414139511578,3.2700306977019595,3.2769385704252465,3.282945952597105,3.2878637000834443,3.291954969940392,3.2951909793649317,3.297436038,3.2987929415706447,3.2993151438538932,3.2991259997198035,3.2983324167224257,3.297049526073815,3.2958118655442266,3.2946235469626615,3.293414669236086,3.292382600156595,3.2913628665641097
Jackson,Tennessee,36.354242,-85.674182,3.0016880969178996,3.0283867429747287,3.0552529187077138,3.082151077378875,3.109117770917554,3.136138784684564,3.163189750727007,3.1903848938240813,3.2177841185266556,3.2453331046064013,3.2730034227849383,3.300850916287653,3.3288095885754543,3.3569251295600195,3.385181801605106,3.4136491549095997,3.4423134825000004,3.4712458575722507,3.5005219223134656,3.530197012283343,3.5602954954347816,3.590782850501177,3.6215377453837374,3.652524135818805,3.683726791835821,3.715175665710218,3.7468946177292084
Jackson,Texas,28.959802,-96.58908,12.290780678301411,12.495025534694784,12.70029522808513,12.905804123258493,13.111475412302894,13.317293733635942,13.523068713361516,13.73042703332973,13.940516971824666,14.153189850673844,14.36828876228566,14.58571330774659,14.805410270146204,15.027506382539254,15.252154712121758,15.479545632789842,15.709904082,15.944235146143276,16.18351428570179,16.427985640110048,16.677877987220157,16.933474967678492,17.193435734793084,17.4577147524447,17.726572618906122,18.0003878874578,18.27904534623178
Jackson,West Virginia,38.834234,-81.677717,8.34954643887118,8.368645066587694,8.384881890777423,8.39773240082614,8.407012557921831,8.413049030955813,8.41582341604689,8.415630175294279,8.412529121311884,8.40666288417901,8.397962449341156,8.386455422620125,8.371773726391893,8.3545430926173,8.33445985725652,8.311859891141488,8.286862819499998,8.25900394433173,8.229125243201631,8.197268124842408,8.163478598957061,8.127314972396762,8.089126918904338,8.048311711370445,8.005476677874725,7.960419375723964,7.913480276720381
Jackson,Wisconsin,44.324895,-90.806541,42.340598912365884,42.61361146560641,42.886225068368674,43.155478280564154,43.42146316768782,43.68377310713683,43.94152580458432,44.19376224445754,44.440796983864345,44.68039743455148,44.91155087607412,45.13326760436127,45.34476506270555,45.54502285853762,45.73295922229144,45.908267268983735,46.0707551955,46.22083729656761,46.359710423621344,46.48755870765113,46.60460464026985,46.71076382810711,46.81367003512174,46.91220313112476,47.00729144319061,47.09937995454499,47.189427680760645
James City,Virginia,37.324427,-76.778319,151.94571579168004,153.81545213936818,155.6877545961745,157.5543342223284,159.41763493127584,161.27834916515977,163.13621216669023,164.99448248712827,166.8552170869576,168.71778462187126,170.5779897071206,172.435689781088,174.28683202064238,176.13147752361988,177.96681578955776,179.7935188946537,181.61117952,183.42723123566114,185.24633784312957,187.066992262447,188.88968327630263,190.71290380473826,192.5529669700048,194.4087933769971,196.28274547537927,198.17765413155962,200.09580033142092
Jasper,Georgia,33.314905,-83.687892,13.849201272289802,14.060315608518598,14.271314951861674,14.48131716511347,14.69046244507988,14.898442043738944,15.105150419675011,15.310340259421519,15.514224221054805,15.7165360881682,15.917082105625479,16.11566694304541,16.31242607149886,16.50725079908013,16.700216737549695,16.891662564584692,17.081567802,17.270395571828523,17.45870036031375,17.64632779344472,17.833016380549775,18.018632225803078,18.20357386619214,18.387427012279353,18.570001059418516,18.751275529424493,18.93103933946596
Jasper,Illinois,39.004874,-88.150763,13.65216399382354,13.704959986658706,13.756323898170693,13.805375111660409,13.852285217881718,13.897145947740775,13.939745780559857,13.98095777872815,14.021378732729232,14.0605284042897,14.098340962994545,14.134349120815934,14.168565827999444,14.200660853282908,14.23081334173012,14.258903503569504,14.284897883999998,14.309271325359349,14.332682131797624,14.355045047531448,14.376469070461082,14.396903478791359,14.417130683192436,14.43726939424875,14.457165288200532,14.476880957901393,14.496604181912172
Jasper,Indiana,41.017688,-87.118814,55.932684222694576,56.206331399070265,56.476399136914466,56.73954183036359,56.995849415059105,57.245447800899136,57.488112148779926,57.72427414978067,57.95557063257654,58.1817587709355,58.40222700249544,58.61673250102426,58.826147642244486,59.02920433361105,59.22609143997107,59.416467205886896,59.600421567,59.778880860417786,59.95289733314572,60.12282173418567,60.28816841107354,60.44864057619239,60.60904079279805,60.76873051783592,60.92843823000204,61.08781318029467,61.24714316276653
Jasper,Iowa,41.685686,-93.052971,28.88579182603779,28.973588512349377,29.057682752672907,29.135628984000476,29.206530824671823,29.27039801796585,29.32636341205904,29.37429060104658,29.414842127894754,29.44732621980052,29.471177766586756,29.486864445641427,29.493470388746438,29.49125866443252,29.479566729733378,29.458872005315907,29.4295349925,29.391360825707316,29.34555767152346,29.29238859847914,29.231873093132197,29.16379680334648,29.093703654825163,29.021457241663423,28.94688218484077,28.87120613750061,28.793065040594723
Jasper,Mississippi,32.016989,-89.11943,4.444152255790251,4.463286996674911,4.481902803386777,4.499756282021799,4.516796916864041,4.533116554669749,4.548575894525283,4.56331117578574,4.577368321829248,4.590559046805494,4.60288947383157,4.614394810830697,4.625130165856627,4.635112377481334,4.644258783624202,4.652789816500219,4.660935092999999,4.668742067280942,4.676388309738449,4.683918212971381,4.691295038277235,4.6986045092951745,4.70582519511541,4.712869841319505,4.719943572329747,4.726900964115407,4.7337971247302395
Jasper,Missouri,37.200865,-94.338869,185.0690588853587,186.09963056454427,187.1329137647801,188.156771201365,189.17139655437387,190.17514354316904,191.16475188648772,192.14380466571782,193.114593761747,194.0705340520246,195.00733229488756,195.92534357047361,196.81895115660697,197.68799365322522,198.52982409930306,199.34405513469042,200.13226848,200.89933841711985,201.65701487060116,202.40055267860592,203.13456788292217,203.86009344395006,204.5896862865533,205.32157101004435,206.06100925646118,206.8085497860164,207.5660648394352
Jasper,South Carolina,32.43059,-81.021627,24.45663453353358,24.704282831842697,24.950707369824148,25.195220510722383,25.43705303376,25.676490483013485,25.912856876587526,26.146455240848983,26.377664358756427,26.605720836962583,26.830537264015497,27.051729029526452,27.26911548316137,27.483337642234748,27.693830246023804,27.90041847162459,28.1032305225,28.302831659372806,28.499950311009492,28.694545685399127,28.886617782541713,29.076254013889223,29.264532454016045,29.451167558845704,29.6364332175944,29.82037604970319,30.00292612601049
Jasper,Texas,30.752932,-94.022294,30.05454012721919,30.553978315314914,31.055922528491998,31.558451659728753,32.0613778912996,32.564663659659416,33.06784344515981,33.57489495891757,34.0886260759302,34.60867323474316,35.1346527505742,35.666319118824866,36.203542208642446,36.746631919274144,37.29596254461594,37.85199960431625,38.415293135999995,38.98830086876196,39.57340808771705,40.17121178492159,40.782271388886755,41.40728048364206,42.04296030832088,42.68919951384302,43.34663533892032,44.01619345662884,44.69759214038023
Jay,Indiana,40.434972,-85.00338,32.923033174617665,33.084107065334,33.24307403100004,33.39796478488538,33.548832264805334,33.6957505837014,33.838587397035205,33.977596806320385,34.11374227979599,34.24688088536066,34.37665264587006,34.502914629222865,34.62618033222775,34.74570333168853,34.86159479701742,34.97365356451613,35.081932572,35.18697707896697,35.28940645785645,35.389427166148245,35.48675333963954,35.58121028353974,35.67562487718768,35.76962126209448,35.863628234564345,35.95743933711747,36.05122397076293
Jeff Davis,Georgia,31.811615,-82.636825,14.627525618854552,14.850504569118858,15.073362063903609,15.29516638994103,15.51606562308975,15.735733663706043,15.954059038952519,16.170780536359455,16.38612276537534,16.59980454824614,16.81162124080769,17.021366535122116,17.229183515726973,17.43495738223749,17.63876799579089,17.840973067731053,18.041550969,18.24099084906329,18.43987835626069,18.638050440770314,18.83523091615924,19.031278361663595,19.226613712027568,19.42079939477006,19.61363409327426,19.805096178482174,19.99496270471902
Jeff Davis,Texas,30.617087,-104.18786,1.9035336993973846,1.935166105608956,1.9669572333705403,1.9987854074896219,2.030638732346821,2.0625148288182618,2.0943842127616232,2.126498816401632,2.1590364792480163,2.1919741747804062,2.225287601947782,2.2589612114762407,2.292986761400926,2.3273838794938144,2.3621762720249553,2.3973934231366703,2.43307017,2.4693621752914017,2.506420513377001,2.5442829953326833,2.5829850531104603,2.6225706155333266,2.662832019074392,2.7037622113307402,2.745401552439551,2.787808670810629,2.8309657230148995
Jefferson,Alabama,33.553444,-86.896536,298.1114811213109,299.03351686329484,299.96466793821054,300.8820799605915,301.79566090101565,302.7015796775262,303.6020160436502,304.4930728642939,305.38267651591934,306.2657409069634,307.142596303112,308.0131105980907,308.88223777718844,309.7502420529539,310.6161326283296,311.48400479782083,312.3596712375,313.2479538263818,314.15783579112343,315.0961206048553,316.06155325797073,317.0611353830115,318.0515361219833,319.0350673346878,320.0133142964174,320.9864091134464,321.95904155851514
Jefferson,Arkansas,34.277696,-91.930701,39.74377499282694,40.0350773819022,40.324693025479995,40.610718928640104,40.89391917267624,41.17331342687196,41.44836827598444,41.72123179761304,41.992768989448756,42.26397459883625,42.53319071353443,42.801714830079796,43.067773703205795,43.332434163398,43.595725043912765,43.85738684544281,44.11803948299999,44.37876420369811,44.6396763405626,44.90126605895173,45.16421094039009,45.42686748926479,45.688745540217575,45.94843226368648,46.205869993158764,46.46133264456991,46.712873973115144
Jefferson,Colorado,39.58646,-105.245601,773.6948755424005,780.9760403596171,788.2602492834604,795.4982892567973,802.7187410585129,809.9116267835525,817.0980860612689,824.3154937563576,831.6084967660119,838.9750656858132,846.424840186747,853.955283513291,861.5675794846886,869.2453237485621,877.0062735935679,884.8385908272686,892.7463342584999,900.747261175918,908.8794229123577,917.1350400842172,925.5066715419645,934.0000672647835,942.7019842915378,951.5961873868845,960.6997573713403,970.0382309171638,979.5862404691311
Jefferson,Florida,30.424558,-83.890859,26.78105338600988,27.291115502648044,27.81294517827152,28.344834168556062,28.88737786522784,29.441009563836232,30.00601449130764,30.58433156729474,31.17768306367553,31.786352648759298,32.41010808860052,33.04912238969553,33.703654282480315,34.37358375343938,35.05941735312507,35.76206219668037,36.481809745499994,37.22044773337949,37.97965167368427,38.75988915153963,39.56222002656277,40.387599731026256,41.22561046833967,42.07617119041463,42.939978599087745,43.817782389176486,44.71012963527742
Jefferson,Georgia,33.051874,-82.41905,15.918358380356295,16.161014516060316,16.403538478223773,16.644916332836857,16.885309222983274,17.12436227175959,17.361954169203916,17.59780065167422,17.832146149690722,18.064684672454035,18.29519351660128,18.52344816817316,18.749604338464025,18.973537096319106,19.195333350367807,19.415382378846036,19.633660643999995,19.85070046118484,20.06713916034958,20.282799303042502,20.497380330253563,20.710728341284845,20.923301417037198,21.134623370645308,21.344475119939197,21.552833127165076,21.75945477239915
Jefferson,Idaho,43.796965,-112.318588,16.620306285920442,16.874540926303013,17.133656622331397,17.395542647239846,17.66035490698264,17.927529741571202,18.196515483782655,18.467108256599857,18.737473166868487,19.00850967201713,19.2790784593029,19.548747789160085,19.817913422857263,20.086263548485842,20.352958672445823,20.618430534302917,20.883398699999997,21.14873864143423,21.41388669861704,21.680497873217014,21.94791256311986,22.218121567434203,22.491064922331457,22.76710241078306,23.04750526595476,23.331985661469407,23.62123917773843
Jefferson,Illinois,38.30078,-88.92421,58.70680213987816,58.933834565400915,59.15470877930787,59.36563796872901,59.567360005289714,59.760269348663975,59.943456421250666,60.120675551005434,60.29449304616007,60.462843794303836,60.62544471261189,60.78028637709808,60.92742447618692,61.06543895505218,61.19510017023362,61.31589300380404,61.427673594,61.532483849722,61.63315459921846,61.729319227027666,61.82144644405636,61.90931813730834,61.99629881576739,62.08289895665862,62.16845493958933,62.25323592527831,62.33804939588159
Jefferson,Indiana,38.783604,-85.44009,47.39237218200641,47.62423641326191,47.85306774728668,48.07603141581479,48.29320362229425,48.50469105155228,48.71030319496884,48.910405829094394,49.1063858566827,49.2980375284241,49.48484266087217,49.66659550471728,49.8440352334051,50.01608737831872,50.18291196669897,50.34421942544337,50.500085957999985,50.651296459883284,50.79874251143495,50.94272130610224,51.08282134526589,51.21879115754748,51.35470000707066,51.49000684935458,51.625328932328095,51.76036906254398,51.895371091035855
Jefferson,Iowa,41.00688,-91.967137,14.08507912704786,14.127889906867876,14.168895326979584,14.206902899786169,14.241475538200358,14.272617993168756,14.299907430443882,14.323277336773332,14.343050776525958,14.358890432493103,14.370520749771915,14.378169773799241,14.381390915594602,14.380312450716213,14.374611314795226,14.364520304215079,14.350215203999998,14.331600995217974,14.309266795247506,14.283340879646811,14.253832750309101,14.220637886409147,14.186459576562825,14.151231307517723,14.11486756223502,14.077966959986426,14.039864368247825
Jefferson,Kansas,39.239644,-95.375314,21.33329990448667,21.4215628387175,21.509483215913292,21.595465031706304,21.68018561477942,21.762189097733756,21.84167011524832,21.919080219778362,21.99491767610213,22.068801000248783,22.140519986765,22.209296096934825,22.274926910692066,22.337669345813023,22.39644123348247,22.451904331608997,22.504175421,22.553495848657427,22.60009917619609,22.64447588300704,22.686252270506607,22.725560690276513,22.76273591396464,22.79745095531026,22.829978302863964,22.86092521682423,22.88969222237975
Jefferson,Kentucky,38.189533,-85.657624,405.4741183268726,407.6661995326626,409.8089302704256,411.8729352615744,413.8642853970168,415.7838619351106,417.6300002767359,419.4168984732098,421.15640455356265,422.8425455444816,424.4758110339432,426.0578656210674,427.5876322123059,429.06579623082575,430.49862440272574,431.8853333872434,433.22964405299996,434.5428169234537,435.83895213232677,437.1136433878311,438.3699261354205,439.6169067114574,440.8723082006892,442.136130603116,443.41229062254973,444.70382370444406,446.01445071742035
Jefferson,Mississippi,31.733633,-91.043878,2.190936441412886,2.2003697368285797,2.2095472012726005,2.21834884322726,2.22674975879266,2.2347952277867966,2.242416575819045,2.249680967952762,2.2566110440969473,2.2631139806247105,2.2691927961905836,2.274864848058132,2.2801573041181533,2.2850784656706122,2.289587580879314,2.293793321307447,2.2978088864999995,2.3016576710296026,2.3054272158777134,2.309139406289698,2.312776130338356,2.3163796491871507,2.319939397545218,2.3234123595854594,2.326899660234733,2.3303296064478793,2.333729366115696
Jefferson,Missouri,38.257414,-90.543138,266.60924062474544,268.0938752495275,269.58241607328483,271.05737820536643,272.5190406599849,273.965031816334,275.39065493516955,276.8010717794231,278.1995840172762,279.5767051655032,280.92625040906023,282.24873127400343,283.53605634817,284.7879931197162,286.0007283944043,287.1737041438093,288.309198984,289.414234772658,290.5057383720092,291.5768739338469,292.6342912969027,293.67947853697666,294.73052507551347,295.7848732822316,296.8501030432378,297.92700489880076,299.01827598630814
Jefferson,Montana,46.126557,-112.056771,7.135609638240997,7.191616071621745,7.247452928683418,7.3031433334695315,7.3584791695884935,7.4127281756624965,7.465967431836569,7.5173413485008505,7.5672122023369965,7.614886272039709,7.660587090029587,7.704075707857028,7.7449975568548775,7.783591585472742,7.819641969304527,7.8528326797556005,7.883256212999999,7.910843196907197,7.9356784196367265,7.958278318160308,7.978457900129865,7.9961940415018855,8.011787354841996,8.024960351628081,8.036460709266958,8.045987815192998,8.054088938435932
Jefferson,Nebraska,40.175736,-97.143103,6.840509169972499,6.861739072903908,6.882878501911393,6.903140727221693,6.922549350728006,6.941053234995071,6.958613043534225,6.9753585867580545,6.991455077918945,7.006937919856693,7.021578960937053,7.035362466564561,7.048343507823343,7.060376539705349,7.0714694295083085,7.081630044529955,7.0911022710000005,7.0998782416207105,7.108190041675198,7.116037671163463,7.123645348070882,7.130867527389405,7.137904825211211,7.1442419335348175,7.15005193291034,7.15542923091057,7.160212547931987
Jefferson,New York,43.995371,-76.053522,142.31052518250277,142.68978736165855,143.03587049069895,143.34366953042561,143.6161556284707,143.85604060536616,144.06488783305807,144.2510921002424,144.42277404982374,144.57652538277276,144.71265729160956,144.82825049412213,144.92175643705582,144.99161915781028,145.03777197227416,145.05839218140127,145.052168331,145.0262282116489,144.9877885260752,144.93470056402134,144.86578623951848,144.77994156005497,144.69036257035066,144.59895347225458,144.50595877417527,144.40965209856103,144.31500511638708
Jefferson,Ohio,40.399188,-80.76141,61.538959371282296,61.666714008064666,61.78936447692105,61.90318742166974,62.009080101303994,62.1069887877404,62.196601858095065,62.27822556244351,62.35194586571925,62.41655388604509,62.47116848285276,62.51502134454918,62.54773637455033,62.56876017359692,62.578189452239066,62.575551403342615,62.56129197,62.53634064805462,62.5028089511853,62.46103536631765,62.411841933128194,62.35540595429221,62.29760528213709,62.238364697346015,62.17830207287844,62.117863351826855,62.058773205669375
Jefferson,Oklahoma,34.105092,-97.838814,3.370707378435717,3.384306578660414,3.3980066916782983,3.4116164637194246,3.425138778006456,3.438498670750168,3.4517134412865347,3.46497338231128,3.47838997843402,3.4918584725646853,3.5053932808165875,3.5191597079557093,3.5330203203684714,3.5470356657307867,3.56119997759733,3.575576686866676,3.590275356,3.605415158200682,3.621163320383148,3.637538102957593,3.6545731435217457,3.672258831333398,3.6900137164889504,3.707768601644502,3.725506187464079,3.743297593440023,3.760924655724205
Jefferson,Oregon,44.64379,-121.183021,29.46748640630453,29.761185116095152,30.065799870695674,30.379534777972857,30.702125005907053,31.0337774545136,31.37428522377716,31.72292830164431,32.08154396025136,32.449288047535696,32.825490207447565,33.21096148804714,33.60442738523986,34.00580513901961,34.4160713174588,34.83354589243282,35.259015084,35.693538220238906,36.13881188127546,36.59521676313787,37.063456325878334,37.54339815348703,38.02803247344389,38.51619236966233,39.00836612617856,39.505133063035586,40.005508336160325
Jefferson,Pennsylvania,41.130287,-78.999044,131.1532164370038,131.52443264356546,131.88684287733156,132.233895579215,132.56712544399377,132.88836352129977,133.1954929907494,133.49071534554153,133.77485614562576,134.04512118809583,134.29888561567606,134.5338632623523,134.74745043905276,134.93647191520205,135.10004921034104,135.23597024716895,135.34265799449997,135.4229384075462,135.47880129746815,135.50975979557765,135.51597266340332,135.49709062558205,135.46096708573674,135.40704108646574,135.33497393650768,135.24507257481824,135.1397607607365
Jefferson,Tennessee,36.048479,-83.440966,22.116931521327995,22.313651536028186,22.511605936932302,22.709795993384443,22.90849102601092,23.107586299012613,23.306902265305315,23.50728055184624,23.709162545217424,23.91214800504363,24.116027459726627,24.321212371334394,24.527216466513856,24.73437639604791,24.942576202444677,25.152328343006996,25.3635318225,25.576710319919293,25.79242117933878,26.01107212226218,26.232842695773705,26.457478541504052,26.684085664596445,26.912398484988813,27.142304785753534,27.374025260181615,27.607735714793
Jefferson,Texas,29.854,-94.149331,215.4203962666574,219.00019392567538,222.59795389301004,226.19990634772483,229.80470507827565,233.41208084235367,237.01869695848896,240.65306426402572,244.3353086215478,248.06282415013766,251.83286073192676,255.64365867611122,259.4942852504067,263.386961703861,267.3243708437655,271.3098493515903,275.347339704,279.4544580406286,283.64830124808566,287.9331483559223,292.31300915138024,296.79285500137587,301.34918489866857,305.9812007321283,310.6934700052083,315.4926276176617,320.37665425217216
Jefferson,Washington,47.802641,-123.52181,39.96116331978031,40.34903122530673,40.75422325564575,41.17533475202876,41.61324362618616,42.069048893543346,42.5427115358012,43.03493388234403,43.54686046994622,44.07849129860777,44.629585755484094,45.200163349724725,45.789573776344206,46.39780402924284,47.02402822108909,47.66857800742553,48.33155093399999,49.01593840374558,49.72417906035776,50.456546031930415,51.21517882186571,52.00098785714329,52.796844104446194,53.60283860647239,54.41980375360323,55.2479216312347,56.08751088880964
Jefferson,West Virginia,39.307399,-77.86322,15.94390712804118,15.980376982878743,16.01138207026052,16.035920809012946,16.05364176714529,16.065168736441098,16.070466573701285,16.07009757011102,16.064175941067294,16.052974046362912,16.03636009900135,16.014386813781226,15.986351326721081,15.953448506589384,15.91509849060144,15.871942642140322,15.824209391999997,15.77101137440389,15.713956390709571,15.65312351311494,15.5886005996177,15.519544213440094,15.446622075364505,15.368683245621307,15.286887449779895,15.200848112650467,15.11121538341587
Jefferson,Wisconsin,43.013807,-88.773986,172.4126115847209,173.52432961679304,174.63442310656734,175.7308329516024,176.8139340462745,177.88207060708794,178.93164989626868,179.95876676406223,180.96470209958818,181.94036471421828,182.88163076981198,183.78447015182272,184.645696258051,185.4611540091581,186.22643839622114,186.94029977131873,187.6019571045,188.21309742045884,188.77859434608865,189.29919767014235,189.7758133873629,190.20809784457185,190.62713603381405,191.02836674017632,191.415570148621,191.79055824863391,192.1572361899696
Jefferson Davis,Louisiana,30.269529,-92.816221,5.148723830805715,5.168887268684574,5.18852632950417,5.2073309468294555,5.225227023902061,5.242215700672111,5.258224020331362,5.2735506498135685,5.28822408787195,5.302229515154836,5.315416458245218,5.327808856095799,5.339395309205292,5.350256754032848,5.360477546887993,5.370256039093154,5.379607050000001,5.388936401854397,5.398411667325287,5.408283635441011,5.41840411268482,5.428896213670631,5.438943734106196,5.448527294839325,5.45765373557079,5.466410832460511,5.474762107104369
Jefferson Davis,Mississippi,31.564734,-89.826626,2.4704151275909845,2.481051746370731,2.4913999000491716,2.5013242908354267,2.510796838055919,2.519868597480789,2.528462134525323,2.536653181915231,2.544467267535585,2.551799727057591,2.55865396419926,2.565049550339147,2.5710171189393365,2.576566030224355,2.581650334001074,2.586392564117837,2.5909203599999997,2.5952601004621365,2.599510493326523,2.6036962155487293,2.607796844820698,2.6118600331945614,2.6158738676572866,2.6197898452272383,2.623721990457735,2.627589465046052,2.6314229024542724
Jenkins,Georgia,32.794563,-81.971524,8.115035293974286,8.23873919977198,8.362375724692765,8.485427974338444,8.607978097997302,8.729845182629965,8.850967385513794,8.971199791612152,9.090667009396032,9.209213047520265,9.326724373822387,9.443086533114224,9.558378905606931,9.672537802526445,9.785607529106894,9.89778653587616,10.009062823499999,10.119707761537466,10.230046255038857,10.339987847484487,10.44937931660632,10.558142205218914,10.66651003882717,10.774240061669072,10.881220587633587,10.987439617386471,11.092773465482438
Jennings,Indiana,38.996234,-85.628111,40.916262602973916,41.11644287117937,41.314004683843834,41.506500640310904,41.6939965309208,41.87658446214984,42.05409995814746,42.226858812546745,42.39605840953981,42.56152111520803,42.72279955523789,42.879716095710776,43.03290890292686,43.18145033308897,43.3254785459116,43.464743538101864,43.599311099999994,43.72985887211032,43.857156601413486,43.98146087023637,44.10241641074175,44.21980611480688,44.337143186599846,44.45396051470502,44.57079100087823,44.68737806279262,44.803932229536876
Jerauld,South Dakota,44.063416,-98.623188,2.09107430687564,2.099616377098338,2.1081856513663304,2.1164910463949598,2.124491756116283,2.1321306520351797,2.1393234016112346,2.146105370103332,2.1524384718480585,2.1581812458098786,2.1634669918107385,2.1680372714203346,2.172011782437966,2.1752653862552735,2.1779721887621477,2.1801131471268804,2.1815984879999997,2.182496221494742,2.182841712869991,2.1827165742616335,2.182191536187435,2.1813427699742247,2.1805239282108397,2.179737731301807,2.1789379323701272,2.1782551108332178,2.1775804505098963
Jerome,Idaho,42.691172,-114.263009,13.738105473870293,13.948252160977137,14.162433458285049,14.378904669490868,14.59779466420789,14.818637529218801,15.040977264353446,15.264645347809825,15.48812508336983,15.71215994957176,15.935808206933784,16.158712985757525,16.381201416599826,16.603015760234086,16.823462103357908,17.042897315669673,17.26191618,17.481242348792822,17.7004099088308,17.920786860624382,18.141827986578836,18.36517885252554,18.59078989322862,18.81895850010339,19.05073545615062,19.285882848238046,19.524975633101953
Jersey,Illinois,39.080192,-90.361365,39.22422151586202,39.37591041434384,39.52348478013515,39.66441450119716,39.799192577302136,39.92808256178745,40.05047673166341,40.168883494576285,40.28501749753276,40.39749896129599,40.50613874758858,40.60959428470367,40.70790278017124,40.80011544197676,40.88674697428497,40.967453207443526,41.042138021999996,41.11216569405371,41.179427606378766,41.243678809402766,41.305232466503085,41.36394284818724,41.42205790939172,41.4799187191413,41.53708188770372,41.593727251473894,41.65039431963656
Jessamine,Kentucky,37.873291,-84.58396,26.553482522243456,26.69703641965488,26.837358478754094,26.97252498626003,27.102933509584105,27.228641760124752,27.34954072746271,27.466560206350508,27.58047609447816,27.690897236811868,27.797855695239644,27.901460480180734,28.00164105548152,28.09844230778522,28.19227462925845,28.283086720880398,28.371122253,28.45711864904165,28.541999291380286,28.625475623023732,28.707746427677705,28.789408056459344,28.871621149714883,28.954385707444334,29.037958224751844,29.122537485343102,29.208367159567064
Jewell,Kansas,39.77701,-98.222584,3.0889795428202844,3.101759675263413,3.1144902067691245,3.1269400420608173,3.1392072557192923,3.151081043760527,3.1625895885353263,3.173798273097559,3.184779244265285,3.1954772646309277,3.205861897255618,3.215820412736134,3.225323501427637,3.2344083640331918,3.2429183066823217,3.250949149367763,3.2585178014999996,3.26565920919403,3.27240719127082,3.2788327672543995,3.2848818270312212,3.2905735345998335,3.295956363603621,3.3009829676932307,3.3056928021597916,3.3101737959378137,3.3143391473868173
Jim Hogg,Texas,27.041212,-98.700127,4.5310063896170405,4.6063014236419,4.681974264667236,4.757735287626302,4.833556177219278,4.909431270386197,4.985290385633931,5.061733200562272,5.139183028903555,5.21758506032741,5.296881450721344,5.377035187943446,5.458026653535983,5.539902567743664,5.622719358913986,5.706547208540082,5.791469039999999,5.877855379217116,5.9660658304991685,6.05619039604916,6.148313415010132,6.2425394517392805,6.338374202002578,6.435800878872276,6.5349155521156215,6.63585777571031,6.738585076706607
Jim Wells,Texas,27.733516,-98.090814,36.1875809188794,36.788936313744486,37.393309122452294,37.99838620976578,38.60394143117854,39.20992955778931,39.81579007428572,40.426312398250076,41.04487739005322,41.671047298543485,42.30436014280059,42.94452031964832,43.591371143250086,44.245285752041454,44.906714819717365,45.57621886159015,46.25446015799999,46.944397971345126,47.648904336856994,48.368698071002406,49.1044527613469,49.8570035272463,50.62240253174579,51.40051570345943,52.1921103183911,52.99830094589386,53.818748369208095
Jo Daviess,Illinois,42.362391,-90.211471,33.370395825323364,33.499446661490985,33.62499701812802,33.74489437730161,33.8595581634619,33.96921259722691,34.07334065223038,34.17407638117788,34.272878537031225,34.36857325890793,34.46099963554097,34.54901546072327,34.63265238913033,34.71110322653731,34.78480586262176,34.853467491635435,34.91700633899999,34.97658307614986,35.03380681575543,35.08846916453645,35.14083654934493,35.1907849893685,35.24022695458435,35.28945261285104,35.338084745952436,35.38627635148667,35.434486422248284
Johnson,Arkansas,35.573359,-93.466322,14.598574920717832,14.705575318950428,14.811956146432102,14.917018400264368,15.021042740701917,15.123669075342509,15.2247014715555,15.324928955339939,15.424669255286046,15.524287759272564,15.62317548750158,15.721809032858426,15.819537051733148,15.916751409387018,16.013462696773036,16.109575595314144,16.2053178105,16.30108650306837,16.396924036831287,16.49301045798988,16.589594653939812,16.686072940359676,16.78226527104834,16.87765268930845,16.972214013233994,17.066049856878532,17.158445330914084
Johnson,Georgia,32.689831,-82.661354,8.605551743344947,8.736732979609735,8.867842762134428,8.998332952638858,9.128290665956841,9.257524053690313,9.385967535009327,9.513467435431764,9.640155895435877,9.765867494719263,9.890481838623954,10.013877553673622,10.13613881824701,10.257198093877461,10.377102363846124,10.496062074099854,10.614064499999998,10.731397414143654,10.848405360592636,10.964992415147917,11.080996093962161,11.196333197474988,11.311251366730827,11.42549317250167,11.538940177766264,11.651579657885973,11.763280451200892
Johnson,Illinois,37.460815,-88.882962,21.049427063179234,21.130829938277625,21.21002477578033,21.285653807278873,21.357981597941084,21.42714958197618,21.49283162873701,21.556373859108973,21.618696427417916,21.67905888398028,21.737359728951812,21.79287847983143,21.845635103801612,21.895120437709178,21.94161069424507,21.984921176971365,22.025000304000002,22.062580205355154,22.09867587947946,22.13315587575494,22.166188251300767,22.197694801318917,22.228881876417418,22.259932509102327,22.29060875711577,22.3210071285064,22.351417147420147
Johnson,Indiana,39.495986,-86.0946,244.78345657765678,245.98104440393132,247.16296719734498,248.31458326889222,249.4362862123634,250.52862705906526,251.59062182452158,252.62415975892668,253.63640426926708,254.62629265230862,255.59114847027607,256.5299090199351,257.4463921610532,258.3350482211849,259.1967037472901,260.0298630829649,260.83491982199996,261.61592798043705,262.3774926056247,263.1211487133459,263.8447708971319,264.54706029747433,265.2490348227843,265.9478999571495,266.6468438102728,267.3443313663714,268.04162212557475
Johnson,Iowa,41.668737,-91.588812,117.1234913846324,117.47948143312207,117.82045913909421,118.13650845525422,118.42399481446624,118.68295772289484,118.90988113189772,119.10421195517159,119.26863661190382,119.4003501644135,119.49706125515848,119.56066618003567,119.58745135958021,119.57848346023417,119.5310760628102,119.4471649693697,119.328211908,119.17342675541062,118.98770827600208,118.77212313621646,118.52675034838276,118.25072077688152,117.96651342932466,117.67357521940886,117.3711950361728,117.06435065634595,116.74751121689555
Johnson,Kansas,38.883907,-94.82233,665.686830270822,668.4409973795949,671.1844752978601,673.8674621152975,676.5110932767747,679.0699397226336,681.5500748565723,683.9655889751687,686.3320299918889,688.6374940354855,690.8754218299651,693.0215197605376,695.0694714873572,697.027293903305,698.8612188838225,700.5918960014814,702.2229692984998,703.7619697954634,705.2161855768092,706.6009216198543,707.9045169895003,709.1311016002611,710.2911217064964,711.3743739899944,712.3893612159318,713.3550324038451,714.2526814703456
Johnson,Kentucky,37.84926,-82.830639,12.074210794844738,12.139486602502547,12.203292851619263,12.264754804968037,12.324053241575752,12.381214403559213,12.436188722475563,12.489398987984448,12.541198010767356,12.59140792758817,12.640043317400664,12.687153748647695,12.732707147630942,12.776723924885705,12.819390691020368,12.860684119708887,12.900715010999999,12.939818680830658,12.978415003069745,13.016372767133234,13.053782362534573,13.090914957814071,13.128298311098606,13.165932422388167,13.203933923312997,13.242393203386548,13.281421062657543
Johnson,Missouri,38.74588,-93.805999,69.92437353229445,70.31375293196935,70.70415682170162,71.0909993888534,71.47435381128594,71.85359807717865,72.22750035920059,72.59741444778481,72.96420628095598,73.32538781143181,73.6793369299548,74.0261877959372,74.36381825140296,74.69216731480104,75.01023488869446,75.31787461736073,75.61568412000001,75.90550503945356,76.1917768326368,76.47270664194932,76.75003853975073,77.02416280796763,77.29982381127061,77.57635075259834,77.85573163051455,78.13817378229274,78.42438459392498
Johnson,Nebraska,40.395457,-96.268562,4.950849797518795,4.966215036862482,4.981514795289937,4.996179673529576,5.010226753559546,5.023619024427195,5.036328016168944,5.048447679664603,5.060097588761206,5.071303366425974,5.081899886870147,5.091875762108294,5.101270850089425,5.109979811948299,5.118008341677629,5.125362133270134,5.1322177005,5.138569349374516,5.144585052678799,5.150264810412846,5.155770901369061,5.160997986682199,5.166091263166515,5.170677774299123,5.174882787919768,5.178774631941043,5.182236579512273
Johnson,Tennessee,36.453204,-81.861237,7.49650737921794,7.563185391962055,7.630281798427632,7.697458080058218,7.764805522756674,7.8322886264496665,7.899846533868617,7.967764513459983,8.036192172675678,8.104993850521165,8.174098546849773,8.243645726235327,8.313470566908762,8.383687176248657,8.454256250602393,8.525351486757366,8.596938652499999,8.669195248196978,8.742310184952839,8.816421659481643,8.89159052905197,8.967730579199998,9.04453879144261,9.121925147736698,9.199851612289407,9.27839298882669,9.357608866757369
Johnson,Texas,32.379511,-97.364823,154.77730454487127,157.3493517701163,159.9343047262617,162.52226994079706,165.1122801747899,167.70414198045358,170.2954579870054,172.90671293326716,175.55236704128086,178.23054801282703,180.9392799169434,183.67729843416814,186.4439334060979,189.24078077697152,192.06976811580452,194.93329279337985,197.83418743799996,200.7851090619826,203.79834159977128,206.87695948940188,210.02384372112334,213.24256617013685,216.51624160821933,219.84429660086087,223.2300128515827,226.67815746655245,230.18727958737128
Johnson,Wyoming,44.044048,-106.588541,4.251331705714427,4.276767982005679,4.300948041801275,4.323804437235675,4.345396185191226,4.365284874541928,4.38315012792647,4.399548390235547,4.414926503578353,4.428761746996963,4.441087844424146,4.451601280464979,4.460436950850538,4.467122720522054,4.471869364059334,4.475030982756458,4.476413663999999,4.476219751386575,4.474356504101071,4.471068420656064,4.46634707006836,4.460251469220307,4.452688877296788,4.443802621012076,4.433575838399783,4.422151856174178,4.40922715894034
Johnston,North Carolina,35.513405,-78.367267,125.11329848543868,126.95779068844001,128.8177470281724,130.68483729513258,132.56159994195386,134.44838510003385,136.34441956253593,138.25133727598273,140.17468198750427,142.11461417399107,144.0711776018679,146.0452038332042,148.038968722085,150.05394573814215,152.0927171004336,154.15259846824378,156.23576357399998,158.3428980916893,160.4775325129051,162.63887904200254,164.8233050657307,167.02949759134825,169.25960117366603,171.5098081337341,173.78115427693743,176.07483588555135,178.38813944124385
Johnston,Oklahoma,34.313455,-96.654255,5.677975997847065,5.700883928971476,5.723961848277375,5.746887587687466,5.769666004006933,5.7921708203009565,5.814431177400649,5.836767624448244,5.859367957910916,5.882055713866922,5.904855176342192,5.9280448021673555,5.951393083628575,5.975002013634743,5.9988618785754895,6.023079528164893,6.047839521,6.073342605028468,6.099870474951055,6.127453890533931,6.1561495145042615,6.1859411575114285,6.215849363843045,6.24575757017466,6.2756366356751645,6.305606361539128,6.335299249507525
Jones,Georgia,33.020226,-83.562339,16.74927220979705,17.004594622647076,17.259777962700973,17.513755370152765,17.76669639950733,18.01822764983258,18.268221478973153,18.516378785162022,18.762956757816696,19.00763343388859,19.25017448524175,19.490343678633423,19.7283048532481,19.963926556716828,20.19730023416584,20.428835483556345,20.658507538499997,20.88687650039493,21.114612966833466,21.34153023734957,21.56731206421502,21.791796513352146,22.015465576780436,22.237818211412417,22.458623899325747,22.677857874132062,22.89526485152066
Jones,Iowa,42.125118,-91.116914,15.778397982046274,15.826355506163045,15.872290628863281,15.914867500790274,15.953596487916865,15.988482912352051,16.019053106395628,16.04523256052174,16.06738317814176,16.085127089517336,16.098155612326998,16.106724207802305,16.110332597698115,16.109124478957188,16.102737948168137,16.091433788671523,16.0754089185,16.054556895473752,16.029537661107653,16.000494912344447,15.96743929340213,15.930253717882886,15.891966465802543,15.85250302763521,15.811767605419055,15.770430784886935,15.727747470780127
Jones,Mississippi,31.621044,-89.167262,16.520122673602646,16.591251709816543,16.66045172656832,16.72681796251733,16.790162637007974,16.85082716941408,16.90829374035201,16.963068788559607,17.01532302372378,17.06435653612819,17.110192087064423,17.15296055395912,17.19286678843656,17.229973384048623,17.26397306335886,17.295685232864468,17.325963440999995,17.354984087775264,17.38340725064634,17.411397948977232,17.438819615018414,17.465990906852117,17.492832159957793,17.519019025930305,17.545314008037856,17.571176525605228,17.59681143025671
Jones,North Carolina,35.03216,-77.356443,8.97832215766448,9.110685746637985,9.244159065777211,9.378144326474013,9.512823691982016,9.648222288267235,9.78428462882138,9.921127968152529,10.05915013405594,10.198362642599372,10.338768634528577,10.480427784012836,10.623503409831262,10.768101250424172,10.914406609790934,11.062226855525427,11.211717978,11.362929182231431,11.516113821710391,11.671215363013333,11.827973124242849,11.986292883026369,12.146328535905756,12.30780683800057,12.470802120293614,12.635400229835444,12.801406440389433
Jones,South Dakota,43.95199,-100.686139,0.7700662866637835,0.7732120191110645,0.7763677698145469,0.7794263434328744,0.782372712581745,0.785185838923135,0.7878346658628197,0.7903322171338616,0.7926644671775781,0.7947793210617214,0.7967258682416791,0.7984089352835364,0.79987260251458,0.8010707859562833,0.8020676024483356,0.8028560392113964,0.803403036,0.8037336384546504,0.8038608703084098,0.8038147863298829,0.8036214339851933,0.8033088643917055,0.8030073148800393,0.8027177872758151,0.80242325054349,0.8021717923128316,0.8019233395590336
Jones,Texas,32.743709,-99.87443,9.383952706917396,9.539892685279408,9.696615121823987,9.853520187794476,10.010549240714663,10.167690552089306,10.324798772352377,10.483115865375023,10.643518536176574,10.805893269678084,10.970120267678148,11.136122876082872,11.303860464033736,11.473429791616482,11.644947724908707,11.818559613476433,11.994437196,12.17334785116808,12.356036338428542,12.542689057080763,12.73348067792888,12.928627759260037,13.127106570989554,13.328882346506528,13.534154051355248,13.743210709168459,13.955964356231842
Josephine,Oregon,42.385382,-123.597245,126.52897284404371,127.79007111225154,129.09804124181434,130.44517194090955,131.83032606051256,133.25439199829887,134.71648135659302,136.2135025114846,137.7533444343312,139.3323824626172,140.94773818787425,142.60289412899004,144.29237775628388,146.01583371068568,147.77745522922342,149.57002852277262,151.3969295025,153.26270676450358,155.17464516972183,157.1343793698775,159.14492991706703,161.20572823677816,163.28667541576772,165.38276089114638,167.49608128142813,169.62912410010412,171.7776605742394
Juab,Utah,39.710827,-112.794262,6.3942076784944035,6.486311772336993,6.579837598223751,6.6741306229117034,6.7690379431432675,6.864709779662734,6.961156862523266,7.058719870912811,7.157801181824994,7.25858052365031,7.361095451574827,7.465541789068786,7.571978551424582,7.680539864306758,7.791437646265297,7.904940148629285,8.020966896,8.140271674612178,8.26301543526327,8.389149892714046,8.519149851816989,8.652929472146791,8.788793405303608,8.926392924559632,9.065899710765477,9.207021369972434,9.349543301117231
Judith Basin,Montana,47.032558,-110.30532,1.0737327859057662,1.0821603690824406,1.0905624352167413,1.0989424639053555,1.1072691387780975,1.1154322726065364,1.1234434640462954,1.1311739680199444,1.138678298208918,1.1458520667125973,1.1527289096322917,1.1592728711355667,1.1654305974065498,1.1712380442776769,1.1766627355131993,1.181657116625057,1.186235106,1.1903862648479653,1.1941233516901402,1.1975240775192086,1.2005606055616713,1.203229456220841,1.2055758642536532,1.2075580744998595,1.2092885939190174,1.2107221877541903,1.2119412064603128
Juneau,Wisconsin,43.932836,-90.113984,61.472543734323345,61.86891923562018,62.26471551741251,62.655632988763145,63.04180531571157,63.42264213991668,63.7968624951666,64.16307402688322,64.52173342736818,64.86959929516357,65.205201303835,65.52710254345779,65.83416685269623,66.12491276627917,66.39776970824258,66.6522921251214,66.888201546,67.10609946805619,67.30772354980336,67.49334112332059,67.66327521486997,67.81740329724862,67.96680851289831,68.10986459167181,68.24791933280073,68.38161878880933,68.51235531427571
Juniata,Pennsylvania,40.530673,-77.400438,67.10690797453545,67.29684743991145,67.48228117052874,67.65985694305118,67.8303600117336,67.9947272661352,68.15187559693899,68.30293143783466,68.4483172014558,68.58660318350401,68.71644632842617,68.83667687815995,68.94596260824544,69.04267885470712,69.12637612717843,69.19592257642313,69.25051128599999,69.29158820684728,69.32017146172296,69.33601193548412,69.33919086132953,69.32952952622188,69.31104626572723,69.2834540558766,69.24657959917928,69.2005799464862,69.14669525796538
Kalamazoo,Michigan,42.246266,-85.532854,400.7652726565269,402.68071825184427,404.5545048582286,406.3633176438055,408.10948414678217,409.79363556396083,411.4094599273213,412.9395993248081,414.3872886400316,415.74120578035564,416.9925928901522,418.13324441099496,419.157085073665,420.0556331711347,420.8250620727919,421.4592570596174,421.954785999,422.32383887917865,422.57615980078435,422.7136423542235,422.73849572830306,422.65450710383465,422.5450733582852,422.41299542746333,422.2560641225622,422.07637028298825,421.88294791297056
Kalkaska,Michigan,44.678881,-85.088992,21.503660969039622,21.606437071403274,21.70697789831906,21.804032457561878,21.897725636680438,21.988091303484545,22.074790779876047,22.15689270108499,22.234570639636683,22.307217091692557,22.374362141391394,22.43556550720559,22.490501211465673,22.538714155477223,22.579999015643242,22.614027697556125,22.640616044999998,22.66041813005194,22.67395678702599,22.68133361935159,22.682667164363107,22.678160628919432,22.67228879739254,22.66520195818849,22.656781573972918,22.647139831865854,22.636761464895287
Kanabec,Minnesota,45.94776,-93.297788,25.335576343310436,25.573458382913476,25.814271014590567,26.056062157617845,26.299157982445383,26.543533779190597,26.788655814389735,27.034499378160223,27.280609808662597,27.525964116757983,27.77030037769106,28.01216565036609,28.251204112473896,28.486224747674108,28.716891501563623,28.94214679116799,29.161461825000004,29.376081981141695,29.586234590512838,29.79163796045198,29.992558957691017,30.189481895928523,30.38537196107416,30.580342818587795,30.774794768567247,30.969651960621015,31.164746367547554
Kanawha,West Virginia,38.328061,-81.523522,51.4066511658426,51.52423797130049,51.62420516871336,51.70332344085112,51.76045969394883,51.797625169439236,51.81470655794589,51.8135168094927,51.79442417955327,51.75830681579542,51.704739808057326,51.63389312040369,51.54350056530466,51.43741466156104,51.31376580446068,51.17462189012458,51.02071942949999,50.8491973608304,50.66523958809046,50.469101057377294,50.26106504213213,50.0384121173191,49.80329516109157,49.552003291369374,49.28827571757683,49.01086603657248,48.72187047182151
Kandiyohi,Minnesota,45.152714,-95.004981,83.48050730572668,84.26432659114136,85.05780215236885,85.85450190012409,86.65550056324962,87.46071672289375,88.26839173185952,89.07844417129525,89.88937593432944,90.6978162805013,91.5029021699827,92.29984617429307,93.08747586196779,93.8618668443544,94.62191182506967,95.36412607726041,96.0867672375,96.79393881591466,97.48638986594005,98.16319221266676,98.82522517969322,99.47408457651298,100.11954066533126,100.76196797286588,101.4026854845146,102.04473826533138,102.68757266712456
Kane,Illinois,41.939594,-88.42804,845.9925166785306,849.264160270665,852.4470611489535,855.4866495662237,858.3935585982113,861.1734725935801,863.8132841130582,866.3670947809876,868.8718863010275,871.2978994360557,873.6410548299727,875.8723957419378,877.9927246682331,879.9815779536684,881.8500567968113,883.5907381070534,885.2015487689998,886.7119136463219,888.162626300019,889.5484036295685,890.8759999786762,892.1422722369048,893.3957045546225,894.6436531477466,895.8765549355842,897.0982886501645,898.320490487576
Kane,Utah,37.275118,-111.815413,4.2477626470779875,4.308948700008885,4.37107922965606,4.433719420323717,4.496767696214068,4.560323851093359,4.624395013087752,4.689207500202846,4.755028617169662,4.82197776010139,4.890079877439595,4.959465057486701,5.030172504936597,5.1022913213662875,5.175962287267446,5.251363605794084,5.328441816000001,5.407697668747975,5.489238085930414,5.5730309909796,5.659391803478133,5.7482634984167325,5.838519831862025,5.929929139713791,6.022605471990601,6.116354587254579,6.211033922982513
Kankakee,Illinois,41.139494,-87.861125,170.80654972107828,171.46709711703343,172.10972728976728,172.7234225647142,173.3103297681683,173.87159657456334,174.40457658167534,174.92019294970476,175.42591231349815,175.91572625984267,176.38881116355626,176.83932063605207,177.267416701956,177.66896773330603,178.0462150707613,178.39765998653164,178.72288391699996,179.02782776511836,179.32072778270665,179.60051730764397,179.86856004719883,180.12422140491947,180.3772903686247,180.62925216405253,180.87817599774348,181.12484498872308,181.37160849406783
Karnes,Texas,28.907618,-97.860767,14.808384980502156,15.054466701665737,15.301783184167151,15.549387865781679,15.797188205509695,16.045165695151276,16.293090965228785,16.542923901912825,16.796047993147763,17.052284105998623,17.311443192423305,17.573404288115167,17.83810327538161,18.10569284687201,18.376357423578476,18.65032637497865,18.927870713999997,19.21020140572331,19.498493720843808,19.793041807538867,20.09412130578594,20.40207395627648,20.715284257559937,21.033697346043656,21.35762720011923,21.687529914713377,22.02326667832665
Kaufman,Texas,32.598944,-96.288378,114.80565193631732,116.71346109072502,118.63084303653183,120.55045931694787,122.47159248508022,124.39409905155038,126.31620077298814,128.25309214966026,130.21549901261514,132.202032589653,134.21122723926405,136.242145155867,138.2942892512575,140.3688433128088,142.46723710968584,144.59124888525895,146.74297973399996,148.93181796096422,151.16687514169104,153.4504317323757,155.78462469983472,158.17210347295108,160.60034347882362,163.06891937393723,165.58026535310705,168.13791740459072,170.74079935804897
Kay,Oklahoma,36.814842,-97.143755,24.24037363494515,24.33817200708865,24.436696091534277,24.534570490680853,24.631815939165595,24.7278933364212,24.822927090270888,24.918285686770098,25.01477086522404,25.11162926714764,25.208964565726934,25.307965546828235,25.407643859411532,25.50843493085808,25.61029729189347,25.713687104536202,25.819392285,25.92826986495594,26.04152245336183,26.15928136958663,26.28178851773105,26.40897478233774,26.536658678237316,26.664342574136896,26.791902062213254,26.919848596850738,27.04661325716763
Kearney,Nebraska,40.506269,-98.948461,5.657426455379731,5.674984594913631,5.6924679082090135,5.709225732322246,5.725277587141639,5.740581179575854,5.755103976477713,5.7689533372329125,5.782265901059616,5.795070947790287,5.807179785171271,5.818579399943698,5.82931533851362,5.839267228236466,5.8484415757416714,5.856844887658674,5.8646788695000005,5.87193701463621,5.878811268635679,5.885301631498405,5.8915935421633225,5.897566627985862,5.903386808016646,5.908627898027598,5.913433043866318,5.917880325086041,5.921836355783322
Kearny,Kansas,37.994461,-101.308136,4.157768700596683,4.174970768116045,4.19210607273774,4.208863560052182,4.225375238516122,4.241357365814476,4.256847875411827,4.271934772946008,4.2867151680863556,4.30111471124228,4.315092434272038,4.328496603317292,4.341287767574876,4.353515999218039,4.364970388183696,4.375779908251433,4.3859673195,4.395579659425479,4.404662448185371,4.413311278110427,4.4214533169486465,4.429114359455946,4.4363596511914105,4.443125463934538,4.449464904535746,4.4554963254045346,4.461102891469988
Keith,Nebraska,41.194404,-101.644474,7.700145349086689,7.724043180996109,7.747839169263893,7.770647717006236,7.792495392129653,7.813324630836696,7.833091153283177,7.85194108295492,7.870060395197528,7.887488941870768,7.90396989987834,7.919485557282566,7.934097905865313,7.947643110203077,7.960130026264699,7.971567510019014,7.9822300964999995,7.99210892973882,8.001465260816198,8.010299089732131,8.018862811598506,8.026992590991817,8.034914255117432,8.042047738016464,8.048587871003349,8.054640925704142,8.060025354757665
Kemper,Mississippi,32.750136,-88.625631,2.661405204682052,2.6728641502918293,2.6840123292966704,2.694703983908418,2.7049088625106625,2.7146819680423295,2.7239398793793814,2.7327641842145605,2.7411823840173275,2.749081722762884,2.7564658673138256,2.7633559021300726,2.7697848289749825,2.775762731720692,2.781240107722166,2.786348964032829,2.7912268079999993,2.7959020578087888,2.8004810524744563,2.8049903767508164,2.809408029462298,2.8137853466852336,2.8181094944005385,2.822328219816235,2.826564362829258,2.8307308354529734,2.8348606394507367
Kenai Peninsula,Alaska,60.366373,-152.321973,17.95311850266465,18.110939626514472,18.2763216998839,18.450798828472593,18.630672721754642,18.8192307490864,19.01493880476824,19.214153387763524,19.42051799910889,19.63337516493306,19.84894441047622,20.06785581486502,20.291396931097356,20.517157021645232,20.74688935016537,20.97974467957405,21.215065535999997,21.455427025439032,21.702637201037142,21.955107167605423,22.21691874209469,22.487825371803215,22.75341742105229,23.014489337436373,23.270876752487652,23.522168745036574,23.769707657570322
Kendall,Illinois,41.58814,-88.430626,177.69661648293592,178.38380931880505,179.05236217893324,179.69081295314365,180.3013950673164,180.88530249126154,181.439782071064,181.97619758997507,182.5023168751122,183.01188914335194,183.50405754577173,183.97273985969198,184.41810464555653,184.83585361204908,185.22831851197515,185.5939401612298,185.93228311199996,186.2495279138908,186.5542430561276,186.84531884912215,187.12417400994292,187.39014834351846,187.6534257099935,187.91555124676952,188.17451627522468,188.43113550417058,188.68785306004207
Kendall,Texas,29.944524,-98.711094,38.212906707321004,38.84791841626712,39.48611641594454,40.125058110888965,40.76450469986792,41.40440842263487,42.044177393277735,42.688869080757044,43.34205356349921,44.00326859054698,44.67202632509671,45.34801461982303,46.03106801958627,46.721580546420114,47.42002809706651,48.12700255743757,48.84320327399999,49.57175513145383,50.3156909054523,51.07576964277025,51.85270262993602,52.647371725786904,53.45560814309205,54.27727030683503,55.113168435483374,55.96447947796888,56.83084523244274
Kenedy,Texas,26.890232,-97.591233,0.46246926119587456,0.47015444981908866,0.47787820032223854,0.4856109513498274,0.49334981282520074,0.5010942067330273,0.5088369698118842,0.5166393097566379,0.5245444332132763,0.5325467458191322,0.5406403435604679,0.5488214486942274,0.5570880588101577,0.5654449425347385,0.573897859377875,0.5824539726009894,0.5911217459999999,0.5999389982922734,0.6089424334513248,0.6181412377922357,0.6275440196147558,0.6371614515591033,0.6469430811442483,0.6568871949676025,0.6670035986463877,0.6773065361298304,0.6877916723029489
Kennebec,Maine,44.417012,-69.765764,82.0927274289581,82.60241586524077,83.10928522831396,83.6045650681924,84.08894449166064,84.558790026582,85.01911335866231,85.46233431327146,85.8866361543411,86.28794688723526,86.6625077476746,87.0077502467348,87.32542847441296,87.60990428429,87.85892241779833,88.07029026244163,88.24732806,88.38972258011682,88.49415358101201,88.5650689337495,88.60315774511379,88.60672857117918,88.59376083441535,88.56663508553254,88.52334665024847,88.46965896712477,88.39968330545716
Kenosha,Wisconsin,42.579703,-87.424898,361.3346576116392,363.6645466539039,365.9910310529144,368.28883787989975,370.558752821765,372.797305761347,374.9969671991417,377.14955289655734,379.25774728385187,381.30249745358424,383.2751608498014,385.16729133827704,386.9722105803203,388.6812105460696,390.2850594143938,391.7811382289433,393.167810142,394.44861074463546,395.63375396661183,396.72481118173897,397.72368113336995,398.6296436085088,399.50784514634483,400.348726556203,401.1602101810401,401.9460935075626,402.71456077436204
Kent,Delaware,39.097088,-75.502982,293.8138743311519,297.325906832222,300.8073782895714,304.2494046788626,307.6377715611558,310.98242904370886,314.26063402421795,317.4873116635701,320.6294133912299,323.69440178764086,326.68298757475,329.56176682104865,332.34175571671506,335.01691312519984,337.57053708074875,339.9759755103495,342.28688792099996,344.47342399092656,346.55157496393656,348.5071264010902,350.33510324875834,352.05398427756296,353.7142307457406,355.3250820386022,356.8883149610151,358.3982437374036,359.8591326994494
Kent,Maryland,39.239177,-76.1242,137.1277381406497,138.6396495748093,140.15133821764485,141.65839775185856,143.16431857486043,144.67016513408763,146.17512052801865,147.680224449499,149.18768005717772,150.69335333426395,152.19447176650309,153.68620820854076,155.16291861350103,156.62205325845326,158.0573739863241,159.46633107418285,160.846077744,162.20020341155185,163.53373325892522,164.84629596724673,166.13734693550197,167.4086684942834,168.68201992957276,169.9577725602435,171.23877316432518,172.52965085043957,173.8329553415173
Kent,Michigan,43.032497,-85.547446,987.5554361367456,992.2754277112176,996.8927642808989,1001.3499940391291,1005.6528524454575,1009.802894878744,1013.7845675503838,1017.5550975417143,1021.122456169395,1024.4587438251158,1027.5423796271887,1030.3531436504263,1032.8760653732975,1035.090244392364,1036.9862512232842,1038.5490181333473,1039.77008775,1040.6794983274847,1041.3012610269598,1041.6400419850072,1041.7012850276385,1041.4943224280164,1041.2246586180813,1040.8991955915267,1040.5124895223407,1040.0696926029993,1039.593066193442
Kent,Texas,33.18478,-100.76972,0.5408250107907557,0.5498122939873319,0.5588446725683638,0.5678875766245681,0.5769376264162107,0.5859941459953448,0.595048758435629,0.6041730417964368,0.6134175231867965,0.6227756603962229,0.6322405490992582,0.6418077714932497,0.6514749859013816,0.6612477688942157,0.6711328558102223,0.681138623575743,0.6912749699999998,0.7015861213915167,0.7121150004449197,0.7228723499043642,0.733868236566059,0.7451151413260233,0.7565540635848945,0.7681829996398299,0.7800134164649286,0.792061971348881,0.8043235946820858
Kenton,Kentucky,38.930477,-84.533492,82.43688943972745,82.88256118013419,83.31819948340481,83.73783206552986,84.14269319853788,84.53296205094925,84.9083001933367,85.27159422963823,85.62525298107099,85.9680620832197,86.30012107415122,86.62176838329275,86.93278502689724,87.23331035825828,87.52461846463123,87.80655008510918,88.07986170899999,88.34684271184067,88.61035978995581,88.86951710074396,89.12493178021947,89.37845523642528,89.63369074738048,89.89063831308512,90.15009423807376,90.41267565836073,90.67913906325391
Keokuk,Iowa,41.331182,-92.167721,8.948224484104255,8.975422092631241,9.001472759504665,9.025618899579674,9.047582832245403,9.06736757576936,9.084704504343218,9.099551362221836,9.112113391595859,9.12217629547212,9.129565014335073,9.134424425025166,9.136470810396524,9.135785663671896,9.132163742660644,9.12575294247073,9.116664939,9.104839366898265,9.090650491336689,9.074179805538025,9.055433346037288,9.034344710949279,9.012631294486829,8.990250840904809,8.967149021388042,8.94370613764272,8.919499632217523
Kern,California,35.346629,-118.729506,1089.4036630801222,1101.9676230696987,1114.5202083385661,1126.9861989594585,1139.377336579559,1151.7119675225906,1163.9866059870462,1176.3015452092811,1188.7764337971794,1201.3835688019183,1214.0898656863833,1226.856338512661,1239.6506365965868,1252.4406232944373,1265.2001856721126,1277.9193249831842,1290.5642839919997,1303.232451100326,1315.994031573611,1328.8406472573547,1341.751261033688,1354.7285331195496,1367.7427730477145,1380.778936832729,1393.848001691621,1406.9656231539682,1420.1540920030943
Kerr,Texas,30.053928,-99.351968,43.19360696417823,43.91138659774416,44.63276782567648,45.35498968270074,46.0777822420443,46.80109151835263,47.52424847883925,48.25296978693903,48.99129084790298,49.738689160621156,50.49461330325807,51.25871044296087,52.03079355903711,52.811308030661635,53.60079178333137,54.39991384983276,55.20946472999999,56.0329766084579,56.87387755521905,57.73302555181074,58.611224594405805,59.5094714840146,60.42305407040617,61.35181232556532,62.29666207247064,63.258933664501576,64.23822221149918
Kershaw,South Carolina,34.338356,-80.590885,40.190559328567694,40.5975296176385,41.00248885273597,41.40430701305606,41.801720007529774,42.195197082084256,42.5836273688104,42.96750884297781,43.34746397367348,43.72223824627592,44.09168801407277,44.455181231529544,44.812421028774004,45.16446081503026,45.51037167489159,45.84986631493323,46.183155416999995,46.51116789649863,46.835100809365635,47.15488712046858,47.47052682980745,47.782163584094626,48.09156902611616,48.39827390994492,48.70272832861305,49.00500889370047,49.30500068783728
Ketchikan Gateway,Alaska,55.449938,-131.106685,4.244458195536242,4.281770106692717,4.32086956991987,4.362119276942191,4.404644881638148,4.449223580560213,4.495492681983898,4.5425907930635505,4.591379306644825,4.641702783417227,4.692667447345416,4.744422261101949,4.797271626669877,4.85064559991072,4.904958685652466,4.960010108119057,5.015644428,5.072470449261397,5.130915630007105,5.190604325236764,5.252501554003024,5.31654902656445,5.379340031366051,5.441062390908005,5.501677245362691,5.561087445161049,5.619610345562004
Kewaunee,Wisconsin,44.500949,-87.161813,46.739212888375405,47.04058774312222,47.34152220184692,47.63874717100077,47.93236428043502,48.22192466497326,48.50645437187433,48.78489475685426,49.0575930552382,49.3220847431332,49.577251892175404,49.82200198146382,50.055471157262765,50.27653302205415,50.48399342508571,50.677513600186586,50.85688181850001,51.02255541435661,51.17585557582273,51.31698556260089,51.44619098016496,51.56337866781796,51.67697543405989,51.78574478236714,51.89071148040655,51.992366739125835,52.09176920280893
Keweenaw,Michigan,47.681981,-88.148802,2.9188525022526193,2.93280307020418,2.9464502275251685,2.9596241676979043,2.972341842642089,2.98460784948849,2.996376216929442,3.0075205238688754,3.0180643306019648,3.0279251760955916,3.0370392751603754,3.045346865096352,3.0528036985198983,3.059348001486342,3.064951903890413,3.0695708710278122,3.073179906,3.0758677908948973,3.0777054939187094,3.0787068064637357,3.078887818487657,3.0782761127750717,3.077479085228471,3.0765171356156316,3.07537417397887,3.0740654283138507,3.0726566950546648
Keya Paha,Nebraska,42.87548,-99.718351,0.8153548081855764,0.8178853074513945,0.820405022673649,0.8228201795604803,0.8251335913406447,0.8273391626851709,0.8294322048794663,0.8314281906816875,0.8333468126931249,0.8351922907569123,0.8369374303284103,0.8385803559217819,0.8401276317374573,0.8415619095314424,0.8428841270466558,0.8440952220260164,0.8452242645,0.8462703167256884,0.8472610421191801,0.8481964406804745,0.8491032380827522,0.8499640860820189,0.8508028971226987,0.8515582490436238,0.8522507721890034,0.8528917194738602,0.8534618671683636
Kidder,North Dakota,46.935385,-99.742727,2.3885664691456405,2.390074680333007,2.391620502771929,2.3928014960707653,2.393775627486047,2.3943774075109308,2.394418779887642,2.3940765174984886,2.393395753845338,2.392399055679123,2.3907930552377126,2.388814703405905,2.3862947495517015,2.383173015672613,2.379389323766152,2.3750377019612063,2.3699300939999994,2.364096588883776,2.3576989149942227,2.350620477451519,2.3430681381392193,2.3348199906731466,2.325830901551435,2.315878964389908,2.305114624194787,2.2936770425968267,2.2813706410879395
Kimball,Nebraska,41.199155,-103.711105,3.59545479170381,3.60661348681341,3.617724627728546,3.6283746997147506,3.6385761082140577,3.648301974768729,3.657531623642038,3.666333284765174,3.674793796232375,3.68293176620669,3.690627275415127,3.6978720535629934,3.704695046681703,3.7110197545453807,3.7168503123013688,3.7221908550970126,3.7271695725,3.731782329362982,3.736151112532629,3.7402759220089403,3.7442746094912387,3.748070674753648,3.7517695640534576,3.755100425239592,3.7581542315536316,3.7609806047637155,3.7634947743492777
Kimble,Texas,30.479472,-99.746396,3.422953887193775,3.4798356055670667,3.5370027386649663,3.594236488904156,3.65151546545945,3.7088353901658127,3.766143244335107,3.8238920550864233,3.882401615256276,3.9416305183187696,4.001535065873886,4.062087297057276,4.123272391082916,4.185125642812366,4.247689681104382,4.311017524647102,4.375171818,4.440432475389772,4.50707116029627,4.575155864985257,4.6447503035574655,4.715933469274468,4.7883319394451815,4.861933032366104,4.936809324051256,5.013066240710476,5.0906716961059875
King,Texas,33.614159,-100.250548,0.18566905882265314,0.18875445683344627,0.1918553364092965,0.19495982945536353,0.19806677568304557,0.20117594303462236,0.20428445565191672,0.2074168867899579,0.2105905827633412,0.21380329758484498,0.21705266095061143,0.22033715619768252,0.22365597941181287,0.22701104506919528,0.23040466545925734,0.23383971644017634,0.237319596,0.2408594873438593,0.24447412613699604,0.24816720043960852,0.25194216625417465,0.255803308360745,0.25973037143544403,0.26372266759288654,0.26778413352654246,0.2719204878016631,0.2761299899853459
King,Washington,47.493554,-121.832375,2963.857836468272,2992.6254006682843,3022.6778684802107,3053.9110585301078,3086.3900841766895,3120.196457698638,3155.327285168903,3191.834657274449,3229.8034625421924,3269.2337009721314,3310.107526680769,3352.4263866316305,3396.142048707153,3441.253548264984,3487.699630515818,3535.5048938396108,3584.6765730539996,3635.4365358997784,3687.9656528178143,3742.2841812974825,3798.5508050055705,3856.833048906667,3915.8604790241334,3975.6398478544234,4036.2328925080246,4097.65311797785,4159.92415800151
King George,Virginia,38.277179,-77.162702,39.850532798145615,40.34090522660938,40.83195066395033,41.32149518466838,41.810179749598916,42.298185964312005,42.785444391383784,43.27280964526146,43.76082120131484,44.249313477994775,44.73718615920047,45.22440185554989,45.709897640324314,46.19368953754464,46.67504044225015,47.15412661867057,47.630841239999995,48.10713389544613,48.58422775193652,49.06172755028932,49.53976148267161,50.01793428990159,50.50052438555553,50.98724867859781,51.47872676450264,51.97570108957105,52.47876988391605
King William,Virginia,37.70826,-77.091054,25.074321985363756,25.382868830303746,25.69183913862302,25.99986505639007,26.307349882061366,26.614407883532902,26.920995370138556,27.227650073153622,27.53471143544563,27.842075271579976,28.14904925253975,28.455609852581638,28.761088268432015,29.06549458255228,29.368365001717503,29.669810433003217,29.96976366,30.269451382179614,30.56964322742981,30.87009049503576,31.17087384468878,31.471744575674016,31.775394705188415,32.08164610974702,32.39088864452441,32.703589463566,33.02012497876449
King and Queen,Virginia,37.720995,-76.89109,10.370975166727522,10.498593040842424,10.626386063389786,10.753788477131431,10.88096709009827,11.007969164565731,11.134776629663797,11.261611896100346,11.38861536063473,11.515743931192299,11.642711253986654,11.769507598549326,11.895856341562387,12.02176165322661,12.147031704306452,12.27171236701041,12.395775839999999,12.519729497702574,12.643891665443784,12.768159478271238,12.892566297791118,13.01700925905103,13.142601805657298,13.269270264062937,13.397175882031162,13.526511878864445,13.657433942058299
Kingfisher,Oklahoma,35.949431,-97.934568,8.729294032510449,8.764512579847967,8.799992466229334,8.835238391942877,8.870257823818418,8.904856624280526,8.939079594308154,8.973419544669692,9.008165192785013,9.043045243837167,9.078097031975279,9.113748655442604,9.149644195350852,9.185940455126332,9.222622501109397,9.25985460355618,9.297920501999997,9.337128825406923,9.37791264990675,9.420319265421709,9.464435784966412,9.51023731910811,9.556218057165593,9.602198795223073,9.648134732301607,9.694210050203528,9.73985975880547
Kingman,Kansas,37.552951,-98.144529,7.279169671843238,7.309286010003648,7.339285463725576,7.3686234577842855,7.397531104592223,7.425511645285844,7.452631491477925,7.479044718110101,7.504921338911068,7.530131187119789,7.554602538194473,7.578069745684026,7.600463741511164,7.621872189004746,7.641925839597754,7.660850492773617,7.678685995499999,7.69551469817674,7.711416294739164,7.726558142451462,7.740812731017111,7.7542252203327955,7.766909838372485,7.7787550136267205,7.789853722353385,7.800413168784331,7.8102288051522155
Kings,California,36.072478,-119.81553,182.8797251097717,184.9888547437657,187.09607488739636,189.18875826568063,191.26887596544518,193.33950780985654,195.40006863251318,197.46739480005905,199.5615718925791,201.67794937709184,203.81097330582006,205.9540990545347,208.10189586838547,210.248968923792,212.39093460578061,214.52611441072546,216.648841464,218.77546449358027,220.91776895611721,223.07434839903135,225.2416712917583,227.42018420865733,229.60490296923703,231.79330211850086,233.98722441731007,236.1892979814336,238.40326479601887
Kingsbury,South Dakota,44.362969,-97.499313,6.135487487239901,6.16055104657596,6.185694426164682,6.210063549302577,6.233538685610649,6.255952212558311,6.277056687362304,6.2969558763510936,6.315538031170948,6.332388086508025,6.34789716160037,6.361306964047688,6.372968702961695,6.382515205180144,6.390457320320073,6.39673917420462,6.401097359999999,6.403731428337865,6.404745145546681,6.404377972384432,6.402837441508043,6.40034704962497,6.397944460019826,6.395637654717876,6.393290939289596,6.3912874509477655,6.389307908681731
Kinney,Texas,29.347087,-100.4177,3.116344432257284,3.168130997952201,3.220177412484477,3.27228447695952,3.3244327166250636,3.3766182365306574,3.428792767111758,3.481368755800255,3.5346373501425012,3.588560852582329,3.6430994789829683,3.6982277730611037,3.75393224159552,3.8102450179274565,3.8672049124560677,3.9248601947458948,3.983267898,4.042682863262299,4.103352419886553,4.165338469763887,4.228699019834977,4.293505987577825,4.359419399460045,4.426427709735651,4.494596993456967,4.564023233331583,4.634677217231105
Kiowa,Colorado,38.388466,-102.75621,1.990128525052359,2.0088574248504765,2.0275941548199214,2.0462121271908886,2.0647848585719593,2.0832866834015578,2.1017719778694617,2.1203368790792045,2.1390962295435982,2.1580448091484246,2.1772074134362223,2.196577517264219,2.2161581656990417,2.235907162817421,2.2558701846187725,2.27601678043682,2.2963573905,2.3169376908077277,2.3378555585016065,2.3590909831437976,2.3806248243154977,2.4024718723403278,2.4248552871011424,2.447733307684191,2.4711498700508154,2.4951706606382684,2.5197304280188164
Kiowa,Kansas,37.561231,-99.286539,2.8564396423835774,2.8682576801657684,2.880029850993526,2.8915424565564196,2.902886188332534,2.913866111765525,2.9245082876249575,2.934873176896222,2.945027495149404,2.954920163276157,2.964523035645351,2.9737318691787262,2.9825195606759363,2.9909205103528067,2.998789820330558,3.006216097225709,3.0132149774999997,3.0198187765076896,3.0260587671722563,3.0320006226330043,3.0375943062123665,3.04285753923365,3.0478351462205033,3.05248334508006,3.0568386208897094,3.060982283250494,3.0648340649921533
Kiowa,Oklahoma,34.921489,-98.981617,4.6819922682274155,4.70088187897009,4.719911659969158,4.738815955214884,4.757598769571733,4.776155976563529,4.794511605377082,4.812929977067306,4.831565946393647,4.850274003280419,4.869074172049966,4.888196064931808,4.907448783386285,4.926916429567232,4.946590993745714,4.966560582940039,4.986977381999999,5.008006925323628,5.029881495050091,5.052626455321022,5.076288529555221,5.100854368204456,5.125516323600934,5.150178278997411,5.17481620520708,5.199528888886823,5.224013295291867
Kit Carson,Colorado,39.30534,-102.603023,10.058903478538651,10.15356680955318,10.248269717377253,10.342372376923189,10.436246370458404,10.52976197399605,10.62319402649132,10.717028443216988,10.811845684046421,10.90761936443992,11.004474810961053,11.1023790429352,11.201347451343842,11.301166761157763,11.402067837099315,11.503896769353595,11.606706327,11.710727374760886,11.8164546227556,11.923786930248635,12.032627553927764,12.14305124998879,12.256185957503826,12.371820600155289,12.490177247818965,12.611587905952728,12.735722767810351
Kitsap,Washington,47.639687,-122.649636,358.690527073767,362.172020902036,365.8090156953395,369.58890326732325,373.5195637344584,377.61086183514266,381.8624473419772,386.280624348139,390.8756661906575,395.64757286953255,400.594184649139,405.71567664317575,411.006211728331,416.4656731621384,422.0866477979917,427.8721125687799,433.82294304299995,439.96598998788744,446.3231426158627,452.8968525187171,459.706323832147,466.7597285287897,473.90331678060426,481.13790578485447,488.4709670593798,495.9041349987078,503.4402697932611
Kittitas,Washington,47.124444,-120.676714,61.35668177131619,61.95221717798718,62.574352180985905,63.2209300562858,63.89329875640346,64.59314571819303,65.32041103265375,66.07617306179893,66.86218913631684,67.67845925620755,68.52461398263311,69.40068327009392,70.30566863524436,71.23955010841748,72.20105961576436,73.19070638379122,74.208640185,75.25945404278053,76.34689226967899,77.47137422870054,78.6361849300523,79.84272225041818,81.06468613847414,82.30221638188856,83.55659103934386,84.82808968617681,86.11720157922677
Kittson,Minnesota,48.77604,-96.780349,8.665878422606882,8.747244514547631,8.829612997524444,8.912316174304191,8.995465609487852,9.079052851211715,9.162895339219634,9.246984621647897,9.331165184204236,9.415087119731034,9.49866083847296,9.581389370843837,9.663151010006237,9.743538376129314,9.822436523866605,9.899483713451302,9.974499074999999,10.047908582443705,10.119789992928562,10.19004695520826,10.258770749410882,10.326127032065147,10.393130026816312,10.459818612237452,10.526329708520668,10.592979415368738,10.659710260108428
Klamath,Oregon,42.683761,-121.646168,93.81165023649638,94.74665908855418,95.71641987579754,96.71521525938242,97.74220212943315,98.79803916554015,99.88206768811303,100.99199549217748,102.1336716524956,103.30440875633883,104.50207268183455,105.72924545297681,106.98186960348922,108.25968166153567,109.56579059478243,110.89484792495615,112.24935663449999,113.63268916291645,115.05024668284618,116.50324116473541,117.99391211919117,119.52183799127572,121.06470271646883,122.61879134188109,124.18565835134565,125.76714804771542,127.36012511614042
Kleberg,Texas,27.438735,-97.66062,26.36585804574712,26.80399871648163,27.244337840470607,27.685190093805907,28.126390710183678,28.567906736343133,29.009329787231124,29.45414937778313,29.90482876424198,30.36104900611948,30.822473509394847,31.2888869009709,31.760175021337112,32.23660973489485,32.71851939734968,33.206312393754764,33.70047125399999,34.2031520628617,34.71644735239902,35.24088084407779,35.77694330610312,36.32524319689716,36.88290416755524,37.44982853519719,38.026575328354006,38.613956609523306,39.21172522924934
Klickitat,Washington,45.869509,-120.780117,29.810882022459264,30.10023006469264,30.402501840822286,30.716649480532308,31.043327902770134,31.383356969032953,31.736707571811966,32.10390364626515,32.48579901264993,32.88239367096628,33.29350812491009,33.71915692823576,34.158854955797025,34.61259250509095,35.07975346718182,35.56058525589417,36.05516064,36.56571119517206,37.09405614070881,37.64039922917169,38.20633652229187,38.792547195274146,39.38625305176606,39.98752200928813,40.59697502802756,41.21474794302528,41.84107846560297
Knott,Kentucky,37.354703,-82.949138,6.391420135526858,6.4259735418335495,6.459749045036719,6.492283607574744,6.523672923877026,6.553930885070414,6.583031252359747,6.61119782723315,6.6386173681738025,6.665195724210842,6.6909406126369655,6.71587827224733,6.739991724998007,6.7632917750987716,6.785877203896105,6.8077356637216875,6.828925805999999,6.849625128462993,6.870055889140246,6.890148632397518,6.909951205449505,6.929607149940312,6.949395831865452,6.969317251224922,6.989433146360275,7.009791364486207,7.030450557027195
Knox,Illinois,40.930941,-90.213761,78.88697276220694,79.1920464524018,79.48884507643238,79.77228012337929,80.04334310456139,80.30256407319942,80.5487207889255,80.78685811121733,81.02042450397005,81.24664498267488,81.46513915619701,81.6732068710705,81.87092295833835,82.05637922640578,82.23061083803336,82.39292560607397,82.54313021699998,82.683968475719,82.81924429358004,82.94846503288376,83.0722605215749,83.19033767140198,83.30721752454214,83.42358603222223,83.53855145784736,83.65247548479168,83.76644316317771
Knox,Indiana,38.688663,-87.420182,57.25211875831856,57.53222118603974,57.80865973739348,58.07800988471967,58.34036368521352,58.59585001894823,58.844238742935914,59.08597173171335,59.322724426232476,59.554248272066374,59.77991728028793,59.999482896470205,60.21383807540628,60.42168481064435,60.62321642229429,60.81808309301445,61.006376880000005,61.18904597236111,61.36716743928119,61.541100303821366,61.71034745712778,61.87460511045638,62.03878911802885,62.20224587375954,62.36572104092924,62.52885559647685,62.691944123426886
Knox,Kentucky,36.887476,-83.85563,12.869954318811976,12.939532088900124,13.007543450084698,13.07305601611356,13.136262480145488,13.197190813768042,13.25578818176027,13.31250523747737,13.367718043374364,13.421237014246653,13.473077689865107,13.523292905450685,13.571848473507467,13.618766149714673,13.664244843139427,13.708259690148333,13.750928792999998,13.792609566424407,13.833749555822576,13.874208903256694,13.914083955306143,13.95366375170908,13.993510832170964,14.033625196691792,14.074131163438516,14.115125078990518,14.15672504560641
Knox,Maine,44.042045,-69.038515,26.842590154594717,27.009247521576615,27.17498311108627,27.3369291709878,27.49531102466332,27.648940603370814,27.799456622616507,27.944380525197253,28.083118276742034,28.214338420902077,28.336811921047687,28.44969893548196,28.553573014632057,28.646590603553495,28.72801428026847,28.79712710674301,28.855014732,28.90157473632028,28.935721470681006,28.95890929509393,28.971363532941144,28.97253111773932,28.96829094136699,28.959421393689617,28.94526698850469,28.927712248644383,28.90483168338888
Knox,Missouri,40.136776,-92.146809,5.136780449334694,5.165385017192566,5.194064846082198,5.22248305328999,5.250645014603922,5.278505035826139,5.305972624525594,5.333147232779968,5.3600924740804015,5.386625571635466,5.412627362144871,5.438107701219919,5.462910691009101,5.4870318516891,5.5103977141574765,5.532997526838268,5.554875192000001,5.576166000306915,5.597196082896653,5.617833732963626,5.638207073454766,5.658344775239315,5.678595368571506,5.698909575394833,5.719433437949499,5.74018218763479,5.761207790401207
Knox,Nebraska,42.634405,-97.891349,8.648344270058109,8.675184890369927,8.701911125974098,8.727528327238907,8.752066333653305,8.775460492991233,8.7976610727711,8.81883219018215,8.83918272164703,8.858757426399173,8.87726785604538,8.89469411759302,8.911105836516311,8.926319002633386,8.94034356244056,8.953189462434155,8.965165043999999,8.976260360641776,8.986768834000841,8.996690464077194,9.006308726015874,9.015439609635013,9.024336750590699,9.03234865337416,9.039694140904372,9.046492571137144,9.05254004089797
Knox,Ohio,40.40362,-82.422393,56.52478616419382,56.64213139718742,56.7547883480991,56.85933703852594,56.9566016191076,57.04653273950639,57.128844167763624,57.203817200804195,57.27153079916844,57.330874580258026,57.38103919853458,57.42131894416893,57.45136836479717,57.47067915194091,57.47934013620803,57.47691703462675,57.46381945499999,57.44090115817005,57.41010161240872,57.37173172484352,57.32654655564134,57.274708960916605,57.22161786761419,57.16720418526128,57.11203544274149,57.056521247857766,57.002245746450434
Knox,Tennessee,35.992727,-83.937721,184.33940519292025,185.97902009449032,187.62892331378623,189.28079066646615,190.93686687639752,192.59627899540968,194.25753054092428,195.92763627502725,197.61027505072346,199.3021109589321,201.0013981033119,202.71156592310476,204.42856144466109,206.15519057281523,207.89048682923533,209.6387214246137,211.3990525875,213.17584505874754,214.97374416969322,216.79614818285853,218.64455358082182,220.51684034659718,222.40555724401335,224.30849072592343,226.22470549071588,228.15604096489335,230.10396245431355
Knox,Texas,33.616657,-99.747112,3.0873868726243927,3.1386922294552413,3.19025502056743,3.2418778980536365,3.2935415681240374,3.3452421720206695,3.3969318887073303,3.4490193330898946,3.5017929473262006,3.555215384151665,3.6092472291099376,3.663863262461464,3.7190501163661547,3.774839625577215,3.8312702398615044,3.8883897802552254,3.9462547499999996,4.005117622116926,4.065223427736746,4.126633493548535,4.189405287483407,4.25361005875092,4.318910992905892,4.385296651487217,4.452832495567505,4.521613615968022,4.591611072004032
Kodiak Island,Alaska,57.553611,-153.630911,4.130531557528433,4.166841969694959,4.204891953768787,4.245034466368789,4.28641862993161,4.329800780069122,4.374827960162452,4.420661898241776,4.468140866276915,4.517113597145501,4.566710304893878,4.617075953847657,4.668506775454819,4.720448123599993,4.773303377276177,4.826877149783638,4.881018173999999,4.936318912821231,4.993195350833856,5.051281925825475,5.111517754514157,5.173846111729013,5.234951726371346,5.295017379547358,5.354005254476455,5.411820809207152,5.468772880780965
Koochiching,Minnesota,48.24549,-93.782842,25.016369361850156,25.25125428756179,25.489032882348873,25.727777660065037,25.967810681686625,26.209107548654828,26.451141252099248,26.693887393461058,26.936897039258078,27.179160089155342,27.420417918429443,27.65923589182205,27.89526267008622,28.127322242687082,28.355082789224745,28.577500051381932,28.794051900000003,29.005968022443227,29.213472885452713,29.41628834545796,29.614677906894176,29.80911978151412,30.00254179637561,30.195056184849182,30.38705820358763,30.579460358690657,30.7720967399583
Kootenai,Idaho,47.677113,-116.694918,92.36731608429328,93.78022454601559,95.22025946388773,96.67569047849364,98.14738403683553,99.63220759975121,101.12709527784781,102.63091402504531,104.13346642662405,105.63975121528973,107.14343666294846,108.64212337790141,110.13801080253917,111.62936604285701,113.11152361499629,114.58688291065576,116.059442916,117.53406906419595,119.00762881608135,120.48931983983474,121.97547639813862,123.47716235271503,124.9940444547169,126.52812219722658,128.08646045580147,129.66745963597577,131.27498542437522
Kosciusko,Indiana,41.244293,-85.861575,117.94763984131437,118.52469132831699,119.0941947004273,119.64909493568577,120.18958168522028,120.71592046061,121.22763713403504,121.72564203090957,122.21338680176218,122.69035938854746,123.15527016359535,123.60760706886036,124.04920972028361,124.47740403696105,124.89258828626137,125.29404179389839,125.68195421099998,126.0582789441841,126.42523491164762,126.78356175278961,127.1322353515191,127.47062985911396,127.8088726458064,128.14561718858803,128.4823996615953,128.8184804254292,129.15446636369907
Kossuth,Iowa,43.212478,-94.213983,11.554316730415113,11.58943540493975,11.623073101069162,11.654251593600192,11.682612329868727,11.70815920718634,11.730545364823616,11.749716240418634,11.7659368511579,11.778930487920205,11.7884711066347,11.794745778256571,11.797388155498574,11.796503465773009,11.791826691893352,11.783548802126363,11.771813996999997,11.756544330282928,11.738223068609381,11.716955439391656,11.692749237252878,11.665518721338591,11.637481461930063,11.608582896665366,11.578752873936308,11.548482455000245,11.517226016237888
La Crosse,Wisconsin,43.908222,-91.111758,263.0028993209292,264.69874432307194,266.39211120409306,268.06460468028246,269.7167966257451,271.34616126318394,272.94721813242614,274.51401021154504,276.04849140373267,277.536793761943,278.9726266710215,280.3498424843396,281.6635802720049,282.90750176268716,284.074887435653,285.1638310438858,286.173141183,287.10539128646826,287.96801571765513,288.76215822477064,289.48920083690183,290.1486193361192,290.78783161696066,291.3998798778154,291.990530515909,292.5625475894152,293.121888120261
La Paz,Arizona,33.727625,-114.038793,8.936168940683382,9.162489138433957,9.393755952715566,9.629388530829484,9.869614841845642,10.11446611440376,10.36381899537695,10.618825821570741,10.880161131603005,11.148121597551038,11.422443337409247,11.703304354424004,11.990625015564037,12.284280406270488,12.584340790982708,12.890988857243043,13.204168393499998,13.52454300834755,13.852370338063348,14.188061039259663,14.531435547258125,14.88284674568753,15.24000557525668,15.602952633197216,15.971488056214945,16.346130239729163,16.726679320445676
La Plata,Colorado,37.287367,-107.839718,74.89913526891145,75.60400351322757,76.30916644859207,77.00985990305587,77.70885069812896,78.40517290204156,79.10087298040753,79.79956908443219,80.50558334949207,81.2187193148882,81.93991016894054,82.66891033577538,83.40583441746713,84.14909435669944,84.9004091845879,85.65863288038881,86.42415836549999,87.1987046710371,87.98595543510513,88.78515755835812,89.59559068490005,90.41781145337785,91.26021855867087,92.12124031518763,93.00253026714417,93.90656054500197,94.8308753900245
La Salle,Louisiana,31.680836,-92.161809,2.686887144487583,2.697409534851819,2.707658276439056,2.717471559537679,2.7268107163857196,2.7356763418718235,2.7440303631226697,2.7520286409634176,2.7596860476102094,2.7669948495106502,2.773876521363516,2.780343555830364,2.7863900040247382,2.7920581030404805,2.797391874637367,2.802494829439742,2.807374701,2.812243269675989,2.8171879840986227,2.822339719769941,2.827621141166011,2.8330964962605627,2.8383398447833112,2.843341073627281,2.8481037521243446,2.852673686700219,2.8570318409182422
La Salle,Texas,28.351098,-99.096774,6.42091300212836,6.527613991134641,6.634850372429756,6.742211716807274,6.849657898506793,6.957180892376229,7.064681243852294,7.173008759217852,7.28276331859096,7.393867249963974,7.506238582140639,7.619824865019857,7.734598297181915,7.850625086131483,7.967985196776794,8.086778083681143,8.207121258,8.32953979396952,8.454543288746848,8.582259284927563,8.71280729995515,8.846335512530533,8.982143441522078,9.120207298086108,9.260663223195426,9.403708979526321,9.54928437843818
LaGrange,Indiana,41.642468,-85.426302,58.31103776426069,58.596320887312594,58.87787236797533,59.15220433949326,59.41941056172537,59.67962229847429,59.93260515009247,60.17880916390324,60.419940769340805,60.65574681478581,60.8855897331969,61.109216372954705,61.327536204691775,61.539227214395844,61.74448629777088,61.94295716735259,62.13473358299999,62.32078127126104,62.502197222486316,62.67934710012599,62.85172460094136,63.019020317397626,63.186241025966694,63.35272103164946,63.51921978930403,63.685371635480216,63.8514766017269
LaMoure,North Dakota,46.464195,-98.526057,4.48747673808253,4.490310263005052,4.493214449396963,4.495433219535797,4.497263351592985,4.498393935103219,4.498471662719547,4.497828643348102,4.496549670752151,4.4946771418133284,4.491659897070393,4.487943103780502,4.4832087853314,4.4773438833720665,4.470235339551476,4.462059807543103,4.452463979999999,4.441504386097677,4.4294848701545115,4.416186381615395,4.40199755856197,4.3865014983248365,4.36961340714073,4.35091638234025,4.330693069800955,4.309204916959588,4.28608448417532
LaPorte,Indiana,41.549011,-86.744729,165.75070709364277,166.56163211197125,167.3619498355518,168.14174590848938,168.90128684572747,169.64094576818684,170.36005638850887,171.059897978422,171.74532110989642,172.41560619258485,173.06894092487212,173.70460571641092,174.3251857621525,174.92692320139466,175.5103777155185,176.07453654773917,176.619666213,177.14851181521814,177.6641915792316,178.16774491331964,178.65773263678793,179.13327525032312,179.60860465190356,180.08182858543105,180.5551058219472,181.0273969531727,181.49955482692658
Labette,Kansas,37.191468,-95.297473,22.017503842310052,22.108597555062484,22.19933772425304,22.288077158286548,22.37551490920584,22.460148416872894,22.542178558311516,22.622071368216908,22.70034109177001,22.77659401000417,22.850613175733674,22.921595080863334,22.98933081328841,23.054085530680307,23.114742356786692,23.171984273488505,23.225931807,23.276834044830704,23.324932039409166,23.37073200083537,23.41384824522362,23.454417368950093,23.492784880495734,23.528613306460553,23.562183874677864,23.59412332146193,23.62381294557944
Lac qui Parle,Minnesota,44.999855,-96.176836,12.382078219113609,12.498336636975289,12.616027302511053,12.734196189023997,12.853002703506515,12.972434769671306,13.092231539712637,13.212380937343198,13.33266075887663,13.452571046018601,13.57198379012371,13.690188905498562,13.807012493606,13.921872477398047,14.03460461936738,14.144692054417458,14.251876349999996,14.356766150995053,14.459472559245809,14.559857905077015,14.658052612391534,14.754293376420504,14.850029351640226,14.945316088972293,15.040349224271006,15.135580410681479,15.230927529450058
Lackawanna,Pennsylvania,41.44025,-75.609587,594.3017012730149,595.9838134551867,597.6260226539935,599.1986414334939,600.708624039587,602.1642676070346,603.5559800725284,604.8937371819095,606.1812798398681,607.4059465228369,608.5558430723123,609.6206100599209,610.5884492477927,611.4449725409644,612.1861992331626,612.8021056182295,613.2855456089999,613.6493246099914,613.9024591607143,614.0427430866075,614.0708957924192,613.9853345877034,613.8216460273364,613.5772882145413,613.2507264191886,612.8433514904578,612.3661463408383
Laclede,Missouri,37.65969,-92.594832,47.806822384100805,48.073038452403345,48.33995495764559,48.60443661066881,48.86653344268301,49.12582018840333,49.38145465579514,49.63436242224304,49.88513552373181,50.13207289912212,50.37406552325944,50.61120512002871,50.84204078434052,51.0665308235199,51.283991477697114,51.4943226844522,51.697933032,51.896081639125015,52.091803732566,52.28387354767845,52.473483494966914,52.66090040755126,52.84936797554517,53.03842757952385,53.22943840069175,53.42254219414379,53.61822259490982
Lafayette,Arkansas,33.24066,-93.611643,3.8048168736115957,3.8327043162482592,3.8604302805721193,3.8878125859225796,3.914924380595183,3.9416718139465896,3.9680038201855727,3.994126042633565,4.020121290681748,4.046084795129976,4.071857837978489,4.0975646333140565,4.12303542188476,4.148372335273053,4.173578133791977,4.198627974624177,4.2235812045,4.248541335158421,4.273519407851598,4.298562347901199,4.3237350226636515,4.348880094295709,4.373950637475706,4.398811396864709,4.423456851836643,4.44791322536538,4.4719941963207654
Lafayette,Florida,29.990066,-83.17851,14.330094189384386,14.603019905505768,14.882242245819182,15.166847157329343,15.457153224200662,15.753392295641799,16.055716991815295,16.365164796230403,16.682657267792052,17.00834619267282,17.342107306368778,17.684033181765404,18.034262261195927,18.392730327433487,18.759708427214825,19.135681942696202,19.520806829999998,19.91603967560941,20.32227701873061,20.739769056351346,21.169082901643883,21.610729790453224,22.059135333891994,22.514256164482333,22.97646507573599,23.44616321682336,23.923643318220122
Lafayette,Louisiana,30.206507,-92.06417,42.47098067759867,42.63730557842617,42.79930497866681,42.95442119101703,43.10204300343737,43.24217981918999,43.3742298294976,43.50065668904226,43.621695479377614,43.737223958095775,43.84600089459355,43.948223757376,44.04379851382166,44.13339279554286,44.21770244393835,44.29836362662143,44.375498586,44.452454883397806,44.530614798350214,44.612047048529234,44.69552920985592,44.78207683464201,44.86495718719142,44.94401041204764,45.01929292878356,45.091528788584384,45.160417087061454
Lafayette,Mississippi,34.349298,-89.485903,13.51669991239067,13.574897412285573,13.631516595983326,13.685817191285267,13.737645556791673,13.787281040502036,13.83429996461713,13.879116695336194,13.921870906658985,13.961989935186537,13.999492404118813,14.03448539685562,14.067136522196659,14.097496993941832,14.125315398891594,14.151262172244737,14.176035683999999,14.19978026395712,14.223035984915123,14.245937865073765,14.26837416523325,14.290605610193102,14.312567018753441,14.33399301031475,14.3555074620759,14.376668073037683,14.397642451999808
Lafayette,Missouri,39.068705,-93.802639,44.330401855285324,44.57725920115465,44.82476604953142,45.07001510347752,45.31305275602919,45.553484666378324,45.79052988508145,46.02504668330912,46.25758404532359,46.486564607892475,46.71095999204563,46.93085525168284,47.144904988752955,47.35307054239243,47.554717874439234,47.74975419882085,47.938558392,48.12229801205552,48.30378756985308,48.48189043600462,48.65771231120736,48.83150062498794,49.006263192529694,49.18157474433372,49.35869562455137,49.53775728011867,49.719208177052685
Lafayette,Wisconsin,42.655578,-90.130292,35.803457158869655,36.034318164733364,36.26484181574798,36.49252390091833,36.717442271363424,36.93925308464094,37.1572102675269,37.370502870864854,37.57939688597811,37.782004423230426,37.97746912031256,38.16495407769503,38.343797560866165,38.51313671992348,38.67205680421848,38.82029831002108,38.9576990475,39.084609346690826,39.20204127214086,39.3101505260881,39.409125248736885,39.49889407656141,39.5859121648472,39.6692323249795,39.749639555741744,39.82751013754256,39.90365501953841
Lafourche,Louisiana,29.491993,-90.394849,16.166819178685063,16.230131693576187,16.291797682186786,16.350843546368377,16.407036624798714,16.46038049688275,16.510646080703193,16.55877118035896,16.604845280973986,16.64882185028382,16.690228406834052,16.729140118128797,16.765521190118477,16.79962576055507,16.831718705405475,16.862422841132297,16.8917847,16.921078550173508,16.95083056418159,16.981828211114937,17.013606168329066,17.046551011559387,17.07809988685622,17.108191944335285,17.136848660426324,17.164345649311084,17.190568370030913
Lake,California,39.094802,-122.746757,78.48099633828585,79.38610812682937,80.29040047677125,81.18845451993947,82.0811161284389,82.96970697743346,83.85397594864205,84.74114819962737,85.63984325525007,86.54806538601268,87.4634311710362,88.38313205059738,89.30483747082384,90.22623229738676,91.14543534596953,92.06172630360783,92.97267328800001,93.88529219147452,94.80464062432533,95.73011502156088,96.66019986232654,97.59508678952108,98.53263689217093,99.47176639664163,100.41326610523964,101.35826384743814,102.30836545856128
Lake,Colorado,39.204316,-106.349696,10.359628070974372,10.457121490944287,10.554655670926268,10.651571657391926,10.748252141565652,10.844563521185675,10.94078885189134,11.037428576053,11.135080507180946,11.233717471933806,11.333468543683116,11.434299755752155,11.536226959256728,11.639030503020706,11.742948153781134,11.847821400379978,11.953704589499997,12.060835487878238,12.169723595665515,12.28026474838655,12.392359310456294,12.506084273008652,12.62260129638748,12.741692993861763,12.863588074388094,12.988628469178792,13.116474511466654
Lake,Florida,28.764113,-81.712282,657.0135745083302,669.5268139856388,682.3287443475338,695.3774576192469,708.6875604124216,722.2696826695629,736.1308217988674,750.3185448811856,764.8751040261164,779.8074584046525,795.1099106735086,810.7867051622459,826.8441892466051,843.2794186619357,860.1048204992957,877.3426488109809,895.0000539539999,913.120894000488,931.7462739439459,950.8876649453506,970.5710683029168,990.8199234222404,1011.378652836755,1032.245268211891,1053.4368615775043,1074.9718250283613,1096.8635798228047
Lake,Illinois,42.326444,-87.436118,1148.6326518525398,1153.0746730064664,1157.3962051764745,1161.5231571712472,1165.4699658773281,1169.2443491271456,1172.8285105070995,1176.2959056223062,1179.696745782568,1182.9906258651688,1186.1720071903658,1189.2015742117858,1192.0804165057718,1194.7807498755808,1197.3176467939552,1199.6810286797233,1201.8680807939998,1203.9187542693574,1205.8884359032263,1207.769952651349,1209.5724751146122,1211.2917357856722,1212.9935632352458,1214.6879452464766,1216.361897701278,1218.0206868853072,1219.6801116555368
Lake,Indiana,41.472239,-87.374337,749.8878224120546,753.5566019110781,757.1773919848998,760.7053381958941,764.1416463085136,767.4880043929911,770.741398038196,773.9076149134995,777.0085999319332,780.0410975294761,782.9969085078526,785.8727773030414,788.6803998302299,791.4027748106403,794.0424343496228,796.5947965422586,799.061067153,801.4536655557055,803.7866991944672,806.0648705506493,808.2816684962088,810.4331140084538,812.5835949091368,814.7245502706467,816.865746785047,819.0024819709738,821.1386142746743
Lake,Michigan,43.995187,-85.8114,17.07109962396099,17.15269043237907,17.23250672389454,17.30955537399088,17.383935527078364,17.455674069776723,17.524502135888607,17.589680343371253,17.651346486150807,17.709018285485747,17.762322689527227,17.81091017221868,17.85452194984512,17.892796733453864,17.925571522912737,17.952585854093055,17.973693531,17.989413801477227,18.000161727716915,18.006017969578288,18.007076630230415,18.00349902939172,17.99883756169489,17.993211536515012,17.986526850683006,17.97887256612675,17.970633497591226
Lake,Minnesota,47.517111,-91.411704,19.954377168199162,20.141733787818072,20.331398550688963,20.52183399208244,20.713297004839355,20.90576812738086,21.098826989603737,21.292454129929123,21.486291455306116,21.679533256370206,21.871973240385557,22.062467066515584,22.25073448802483,22.43583745681254,22.61751129540635,22.79492304823132,22.967656237499998,23.136691726786594,23.302208562616542,23.46398488299092,23.622230872961342,23.777327979473338,23.93161159198927,24.085171233771863,24.238322182398548,24.39179230091843,24.54544925059528
Lake,Montana,47.642901,-114.083687,16.002527173242257,16.128128841143013,16.25335021222381,16.378243145141916,16.50234091198193,16.624001321930393,16.743397237178197,16.858609887406455,16.970451724912355,17.07736698997789,17.17985698295664,17.27738583105684,17.369158368200402,17.455710467179085,17.53655811385839,17.610992573255672,17.679221279999997,17.74108865811957,17.796784856024367,17.847468050393346,17.89272337196838,17.932498962092197,17.967468983309264,17.997011131732382,18.022802170613186,18.044167937407206,18.062335753669753
Lake,Ohio,41.924116,-81.392643,204.9314631039464,205.35690001255844,205.76533948390988,206.1443823348203,206.4970165358395,206.82306316657537,207.12148448875303,207.39330034860814,207.63879701876817,207.85394879040834,208.03582136909625,208.18185619322324,208.2908008200438,208.36081236951807,208.39221289835206,208.38342790709416,208.335942435,208.2528518048547,208.1411875880725,208.00207698312425,207.83825747201098,207.65031949202694,207.45783693408052,207.26055930962278,207.06054420316414,206.85927665395997,206.66250000660045
Lake,Oregon,42.788401,-120.38979,11.416202081050226,11.52998592320366,11.64799882554083,11.76954502910808,11.894521933506716,12.023009695298219,12.1549281579211,12.289998376541414,12.428932141425113,12.571402413801348,12.717149486410928,12.866487572974853,13.018922909074401,13.174423432084978,13.33336748097678,13.495104184470577,13.6599381375,13.828279741659827,14.000786280754204,14.177605242856258,14.35900916027502,14.544946732811146,14.732702256161657,14.921823647319806,15.112500075770686,15.304955979886442,15.498809814434425
Lake,South Dakota,44.02845,-97.123223,13.387466745116994,13.442154749586662,13.497016919675659,13.550189683257154,13.601411791902148,13.650317497810054,13.696366887560947,13.739786376459952,13.780332132640012,13.817098494880604,13.850938874716451,13.880198698763918,13.905644295748054,13.926474503819938,13.943803982943287,13.95751081718457,13.967020259999998,13.97276772543789,13.974979628803386,13.974178466954463,13.970817070501397,13.965383103178294,13.960140718036453,13.955107331637814,13.949986862429508,13.945615305384322,13.941295998024934
Lake,Tennessee,36.333905,-89.485537,3.0894960765615647,3.1169757345336153,3.144627822904988,3.1723128298071406,3.2000683764181073,3.2278798322797635,3.255722116606753,3.283712795580432,3.311913526131468,3.340268399009171,3.3687481532972927,3.3974102657956067,3.426186809377108,3.4551248105143384,3.484208071200089,3.5135081761758973,3.5430110175,3.572789747463019,3.60292222100283,3.6334653924028455,3.664444342448422,3.695823540026972,3.7274781037280755,3.7593709348900632,3.791486358022085,3.823855201589474,3.8565020238612253
Lake and Peninsula,Alaska,58.205065,-156.705188,0.38814897693226813,0.3915610920893932,0.39513667605112984,0.39890889640102223,0.40279779557159734,0.40687444695616465,0.41110568297117983,0.4154127306057248,0.4198743628707176,0.4244763650874964,0.4291370028537552,0.4338698985698787,0.4387028893149127,0.4435838546004305,0.44855070023619714,0.45358506559560763,0.458672736,0.46386938560746666,0.4692141047843279,0.47467254139048404,0.48033294488929407,0.48618998477626,0.49193212267737574,0.49757653466269125,0.503119667062541,0.5085526357027612,0.5139044622189534
Lake of the Woods,Minnesota,48.7681,-94.904634,6.882654236054081,6.947277191749632,7.012696271112526,7.078381172543097,7.144420503397241,7.2108075509964795,7.277397321485716,7.344183102186473,7.41104137981478,7.477694249481695,7.544070556795374,7.6097755962613745,7.674712705309639,7.738558332837584,7.801221186417929,7.8624139634118695,7.921993012499999,7.980296652677551,8.037386640586508,8.093186451692237,8.147768582922284,8.201264602774796,8.254480032666981,8.30744575091983,8.360270502924669,8.413205342856525,8.46620462450176
Lamar,Alabama,33.787085,-88.087431,6.43249108451002,6.452386281661108,6.472478164621127,6.4922735936082665,6.511986357545277,6.531533791382027,6.55096292868152,6.570189679134145,6.589385073878099,6.608439367933041,6.627359687596392,6.646143182349182,6.664896746652786,6.683626081545148,6.702309808133988,6.721036292507381,6.7399309574999995,6.759097847054255,6.7787307964601045,6.798976607444502,6.819808200077235,6.841376651863712,6.862746992581774,6.883969106313397,6.905077199286219,6.926074122019213,6.94706106793581
Lamar,Georgia,33.07446,-84.146721,16.72058703731923,16.97547217938171,17.230218486827194,17.4837609269773,17.736268763954143,17.987369236320276,18.23693492052312,18.48466722704391,18.730822904831907,18.975080542239525,19.21720621244634,19.456964086787846,19.694517723853945,19.929735896403905,20.162709892953018,20.39384860997601,20.6231273235,20.85110517568112,21.078451615631494,21.30498026263241,21.53037541056848,21.7544754026939,21.977761405557995,22.199733234170743,22.42016076539985,22.639019275272446,22.85605391668333
Lamar,Mississippi,31.197135,-89.514952,8.958887800940245,8.99746118610327,9.03498846106067,9.070978972353181,9.105330886243966,9.138229354981807,9.169393564322716,9.199098156769058,9.227435708445224,9.254026657241205,9.27888334664026,9.302076751671082,9.323717963682947,9.343840927254792,9.362279005362717,9.3794765634038,9.395896481999998,9.411634423146513,9.427048347857655,9.44222774638701,9.457098557835058,9.471833590967336,9.486389643592455,9.500590821074075,9.51485063010114,9.528875912946416,9.542777760959172
Lamar,Texas,33.667263,-95.570348,41.85048721297032,42.545947247164584,43.24489688293584,43.94466100815437,44.64497808951145,45.34579582034529,46.04646597166919,46.75252744534379,47.46789016433514,48.192047874881254,48.92446630179424,49.66480358367763,50.412878515310375,51.16912262665192,51.93405711622472,52.70833021301553,53.492707835999994,54.290612335332845,55.105365184035385,55.93779768441047,56.788688832099226,57.65900443224903,58.544178860526834,59.444057065042465,60.35952639095065,61.291875823844585,62.24071306376115
Lamb,Texas,34.068862,-102.348018,11.273007626498334,11.460339406639884,11.648611159236001,11.837102305831152,12.025742398810966,12.214517348652574,12.403252545911787,12.593439970421475,12.786132814016439,12.981194710243155,13.178481744689417,13.377901832259294,13.579406162819978,13.783110974935177,13.98915666063638,14.19771782936777,14.409000791999997,14.623927405886796,14.843392355730638,15.067619564305767,15.296818864863555,15.531250410379911,15.769684386786867,16.01207902871305,16.258673354850064,16.509814571297305,16.765397006633204
Lamoille,Vermont,44.603504,-72.638356,71.79870102944187,72.29204477750947,72.78584681052654,73.27793027498322,73.7729925916112,74.26748205205243,74.75910723155964,75.24660784652197,75.72803618590423,76.2028193935197,76.67164489679251,77.12580528168338,77.56759197293945,77.99196383611698,78.39216116821179,78.77368338861706,79.13274964649999,79.46534994855298,79.77812942654293,80.06902579819729,80.3337999277338,80.5765763796974,80.80205257481983,81.0066768047429,81.20190619320252,81.383043319467,81.5594830249998
Lampasas,Texas,31.196731,-98.240889,20.00200846995417,20.334396416208644,20.66845218152444,21.00289722366611,21.337606545487734,21.672555147560118,22.007433215528735,22.344888010376874,22.686788239436094,23.032891943945337,23.38294377259225,23.73678033625034,24.09431502975425,24.455754098394728,24.821346643626878,25.191402479805234,25.566287669999998,25.947637891149245,26.337040607006195,26.734893129927542,27.14156777284078,27.557526132349064,27.98058611541928,28.41067361660064,28.848212733352515,29.293819523036955,29.74730648993509
Lancaster,Nebraska,40.783547,-96.688658,300.86303630498236,301.79678157126193,302.7265475636626,303.61773190062877,304.4713726536069,305.2852206677961,306.05754582411856,306.7940575155308,307.5020222421597,308.18299711117515,308.8269474319261,309.43318115678125,310.00412045244974,310.53336387834355,311.02125745827846,311.4681472160698,311.88475989000005,312.27074945625344,312.636323617389,312.98148237340683,313.31608740305,313.63373726573104,313.9432555687464,314.2219777521773,314.47751633996586,314.7140236178989,314.9244060977573
Lancaster,Pennsylvania,40.041992,-76.250198,1569.8177527665816,1574.260966642736,1578.5987788154441,1582.7527714308208,1586.7413137761243,1590.586322311327,1594.2624600884847,1597.7960775334586,1601.1970560559466,1604.4319508846643,1607.46934420416,1610.281872110655,1612.8383701581786,1615.1008329248152,1617.0587455771677,1618.6856310046353,1619.9626131809998,1620.9235169317665,1621.5921589880015,1621.962711851679,1622.0370757938938,1621.811070218236,1621.378695201576,1620.7332364527092,1619.870640059964,1618.7945798807934,1617.5340667205924
Lancaster,South Carolina,34.686818,-80.703689,52.53188940207062,53.06382820990404,53.59313842866893,54.11834304165062,54.63778979286316,55.15209201975586,55.659797739795664,56.16155784170427,56.65818593638387,57.14804228493932,57.630939131008574,58.10605034659871,58.57298790189478,59.03312867688511,59.48525851376186,59.92900189980093,60.364634210999995,60.79336960516689,61.21677271865192,61.63475593181946,62.04731924466954,62.45465041356417,62.85906510030181,63.25994996743316,63.65789331822592,64.05299528940652,64.44510567588533
Lancaster,Virginia,37.703831,-76.413199,18.317704528234916,18.543109224801746,18.768823276774672,18.993847417087963,19.218476269937913,19.442793312180132,19.666766626193358,19.890789044239295,20.115108541683156,20.339649007274218,20.563904669475548,20.787858341875694,21.011021439349136,21.233401327500808,21.45465918850497,21.67487604401561,21.89400279,22.11293557505517,22.3322366403557,22.551724300980535,22.771457481768945,22.991254497799876,23.21308196558352,23.436809759433178,23.66272268273859,23.89116200852711,24.12240271938195
Lander,Nevada,39.900211,-117.04724,2.4104395071636247,2.4782420248177615,2.54731733452371,2.617472620929253,2.688761619460416,2.761250709172883,2.834839794665227,2.909627917703071,2.9857415145829513,3.063257500718596,3.1421189797765616,3.2222184809047927,3.3034327287141636,3.3857153632292785,3.4688556572892404,3.5527946072889987,3.6374489759999995,3.722750277094952,3.808866038666767,3.895624518079316,3.982879259955775,4.070509096178629,4.15840866316743,4.246534761854195,4.33478308229428,4.423213681728539,4.5117759856383595
Lane,Kansas,38.481286,-100.466185,1.7965943269316673,1.8040274332784316,1.811431691016281,1.8186726918536855,1.825807477358271,1.8327134409421526,1.8394069738603944,1.8459261038247479,1.8523127924481777,1.8585349128707571,1.8645747625370175,1.870366776426698,1.8758939076345322,1.881177792617206,1.8861272959965583,1.8907981480398102,1.8952001835,1.8993537275334078,1.9032784496461124,1.9070156558008762,1.9105338747879743,1.9138442526608515,1.9169749823782192,1.9198985266315685,1.9226378331779896,1.925244042733285,1.9276666702318555
Lane,Oregon,43.928276,-122.897678,537.7859485057508,543.1459930321774,548.7052569772909,554.4309650462806,560.3182840159487,566.3709898419187,572.585306568567,578.9480938703247,585.4928822331268,592.2042657580303,599.070010348815,606.104917751525,613.2857280795205,620.610930950552,628.0983488751618,635.7173210936883,643.4821962374999,651.4123071993887,659.5386168154654,667.8680728440771,676.4135135343433,685.1725222746651,694.0171696885237,702.9261593862041,711.9084026229768,720.9744720745874,730.1063941922689
Langlade,Wisconsin,45.259204,-89.06819,43.549429877113646,43.830236983019915,44.110633748347084,44.38757418341187,44.66115298219408,44.93095191294961,45.19606349170547,45.45550132283882,45.709588944113975,45.95603002652096,46.193782936282105,46.42182971311461,46.639365458190305,46.84534064656646,47.03864262398055,47.21895574383325,47.386082727,47.54044969638987,47.68328767374013,47.8147860470104,47.935173659985146,48.04436370984955,48.150207905761334,48.25155413763302,48.34935723642754,48.44407488971383,48.53669349311476
Lanier,Georgia,31.038197,-83.063164,7.520296051267556,7.634933876070062,7.749509258243031,7.863543185833849,7.977111787527838,8.09004740914159,8.202292740316484,8.31371348663009,8.424425124178132,8.534283093996333,8.64318218453082,8.751016328849223,8.857859089501416,8.963651445371802,9.06843445462775,9.172392023643924,9.2755130325,9.378048962471093,9.480300906784567,9.582185038348708,9.683559364334712,9.784351177571198,9.884776888815328,9.984611533525069,10.083751610903521,10.182186001030352,10.27980008318833
Lapeer,Michigan,43.088633,-83.224325,130.72333733122557,131.34812559952164,131.95932535994362,132.5493316805278,133.11890376768005,133.6682475078833,134.19530403630813,134.69441147467367,135.16662499120503,135.60825149711434,136.0164343174509,136.3884969279364,136.72245767117255,137.01554994754483,137.26652557025042,137.4733900139858,137.63502377099996,137.75540302399483,137.8377061455506,137.88255079511634,137.89065757538214,137.86326180524574,137.82756623626577,137.78448448971028,137.73329596288897,137.6746826547766,137.61159131566023
Laramie,Wyoming,41.29283,-104.660395,50.84022015972793,51.14440387819731,51.433564933739284,51.70689674042488,51.96510506094198,52.20294708675213,52.41659153469267,52.61269273867773,52.796594330486855,52.962045269170396,53.10944884769284,53.235175429373754,53.34083818607111,53.42079101628199,53.477554501034454,53.51536321645574,53.53189822799999,53.529579293454155,53.50729735716589,53.46797629312774,53.411515278098626,53.33862007476639,53.24818162747868,53.14191393133458,53.019615339851875,52.88299984812962,52.72843781948742
Larimer,Colorado,40.663091,-105.482131,451.18980329187394,455.4359052442909,459.6837824054027,463.9047355679776,468.11543196920496,472.3100528694745,476.5009261069439,480.70984729947656,484.9628528412621,489.2587592598372,493.603188049402,497.99465986937753,502.43386507870065,506.91123727496074,511.4371318422105,516.0046451910813,520.6161442665,525.2819844525187,530.0243558578219,534.8387218379676,539.7207429939241,544.6737724976701,549.7484037970064,554.9351691122272,560.2440293365643,565.6898764985125,571.2579171922821
Larue,Kentucky,37.545518,-85.697209,7.1734088098480555,7.212189816878544,7.250097744553009,7.286612902778572,7.3218426941744275,7.355802709443368,7.388463499480125,7.420076247829585,7.4508505628292125,7.48068077416012,7.509575543323857,7.537564319425685,7.5646280471622,7.590778852635567,7.616127603065598,7.640660440049822,7.664443190999998,7.68767507045173,7.710605529649595,7.733156615079661,7.755382028051528,7.777442872493984,7.7996526947630676,7.822011494858771,7.84458856479348,7.867437605876796,7.890624445520477
Las Animas,Colorado,37.318831,-104.04411,19.065939160424378,19.24536680019614,19.424869455007517,19.60323438171795,19.781165888199464,19.95841809182217,20.13551193036124,20.313368421803126,20.493087786728967,20.674620015112342,20.85820265457872,21.043773192595086,21.23136080167685,21.420561234110483,21.611812077627125,21.80482160707269,21.999689842499997,22.196854371640185,22.39725288248853,22.60069366994377,22.80699336390905,23.016293659459226,23.230732485223506,23.449909760990586,23.674246404482794,23.904371708532512,24.13966054780955
Lassen,California,40.721089,-120.629931,38.56599754490634,39.010774505488904,39.45514878939085,39.896457534691805,40.335116407642765,40.771774886760895,41.20630957112793,41.642270943304304,42.0838946856861,42.53020008571237,42.98001591712388,43.43196203807165,43.8848932014371,44.33767173735103,44.789373221390676,45.23964368776419,45.687288095999996,46.13575409456001,46.587527021236546,47.042310280840084,47.49935913800431,47.95876776711421,48.41948509543615,48.88097855058611,49.34363673721017,49.80801387697629,50.274899086282836
Latah,Idaho,46.81892,-116.730974,23.371818368496427,23.7293283767828,24.093702226447185,24.461971769866658,24.83435624521792,25.210063022169837,25.588316334866423,25.968829487230465,26.349022214567036,26.730159352510896,27.11063877592468,27.48985336370369,27.868359643527235,28.245719139041917,28.620751336988626,28.994063358472044,29.366667072,29.739793584256986,30.112650264911885,30.487564411532688,30.86360847798721,31.243581967147097,31.627400556636662,32.015570180709844,32.40987847373044,32.80992068829532,33.21667496396205
Latimer,Oklahoma,34.875137,-95.272263,4.084095416685605,4.100572798158585,4.117172449953451,4.1336626406982475,4.150046863830746,4.166234289968972,4.182245879739537,4.198312200035135,4.2145683304494685,4.230887342743627,4.247286704106455,4.263966704969986,4.28076082480061,4.297742425791458,4.31490452106699,4.332323966258108,4.350133512,4.368477553720414,4.387558710809904,4.407399108374331,4.428039503187658,4.449468250457326,4.470980840233429,4.49249343000953,4.513985059159024,4.535541899146856,4.556899613181905
Lauderdale,Alabama,34.904122,-87.650997,40.33261520705496,40.45736086478244,40.58333976993212,40.707459867372975,40.83106164343349,40.953626776733344,41.075450174264745,41.196004578071886,41.31636237721751,41.43583545538634,41.55446849545599,41.67224362427542,41.789831085008885,41.907266623958435,42.02441619249126,42.14183385828975,42.26030604,42.38048510763516,42.503586435466396,42.63053049077256,42.76114747861874,42.896384676010385,43.03037968940432,43.16344529894385,43.29579598244152,43.42744961304839,43.559040687626606
Lauderdale,Mississippi,32.403998,-88.660449,20.52261037611981,20.61097252242391,20.69693828732025,20.779383704307836,20.858075497320424,20.93343780466027,21.004827349902282,21.07287327152815,21.137787638688998,21.198700967865197,21.255641534943564,21.308771926273298,21.35834662483575,21.40444338931968,21.446680495253045,21.486075874561266,21.523689873,21.55974162869207,21.595051142355196,21.629823414168786,21.663888788811946,21.69764312870012,21.730987468229433,21.763518876012753,21.796184594258456,21.828313070654627,21.860158788182627
Lauderdale,Tennessee,35.762951,-89.627732,10.789306615855377,10.885272575420299,10.981840705825409,11.07852379611819,11.175453229027413,11.272577911269668,11.369810254359107,11.467560829323137,11.566044957856121,11.665067390625035,11.764525941063058,11.864621332783583,11.965116346970778,12.066175212035603,12.167741360414293,12.270064784243518,12.373096215,12.477091119100784,12.582321385804017,12.688985913962977,12.797172292063507,12.906756436417329,13.017302229355325,13.12868011290886,13.240835344274279,13.353875584298763,13.46788659670804
Laurel,Kentucky,37.113268,-84.119395,26.38944320424253,26.532110269450005,26.671565461656872,26.8058969516961,26.93549985092889,27.060431514230235,27.180583604614014,27.296880172844283,27.41009232335176,27.519831317539122,27.626129019225846,27.72909376539805,27.828655455652946,27.92485869933776,28.018111353341464,28.108362435552934,28.195854110999996,28.281319247530014,28.36567552314315,28.44863616346435,28.530398724174223,28.611555872314536,28.6932610781494,28.775514341678797,28.858570573458355,28.94262732916866,29.027926773837535
Laurens,Georgia,32.39322,-82.926317,44.94870910032252,45.633897848719336,46.31871337835304,47.00029264117779,47.67909065732946,48.35410535999199,49.02499420591705,49.69095451913464,50.35267649872724,51.00929611769533,51.660184527985926,52.30470776896036,52.94330552299709,53.57562502167616,54.201911669115844,54.823264671262216,55.4396175645,56.052473449053224,56.663631955122156,57.27259204929872,57.87850504234083,58.48093636445574,59.08117949984993,59.67788983845901,60.2704487574016,60.85878979306241,61.44222785894473
Laurens,South Carolina,34.483477,-82.005657,30.444379086032427,30.752659387780238,31.059416314622357,31.363793874945113,31.66483451880779,31.96289370035505,32.25712993630566,32.547920443302914,32.83573674215098,33.11962853707533,33.39948701558273,33.67483340270279,33.945442819282796,34.21211322360666,34.47414096155127,34.731308408130126,34.983775155000004,35.232244856284,35.4776242827593,35.71986265526241,35.95895997379331,36.195025050845274,36.42939990716854,36.66172908861846,36.89235354100724,37.121331297664646,37.34857530859605
Lavaca,Texas,29.382578,-96.923633,21.212264124022933,21.5647637701551,21.919032149586872,22.273713359703134,22.62867484019235,22.98389007899222,23.339030515902007,23.696903588948114,24.059491074787953,24.42653637453279,24.797768686403337,25.173014735135233,25.552182675369775,25.935491231620997,26.323204577652586,26.715651273665276,27.113219531999995,27.51764399901908,27.930608190679006,28.352533459398572,28.783814645534274,29.224941275379425,29.67359922463839,30.129709903983628,30.59372307161497,31.06629206049642,31.547218030160668
Lawrence,Alabama,34.529776,-87.321865,11.404370760504206,11.439643596748118,11.47526514360179,11.510361097652343,11.54531049217126,11.579966767626898,11.614413311338987,11.648501036887405,11.68253317088934,11.716315142932098,11.74985958745806,11.783161450690281,11.816410249264488,11.849616090734598,11.882741071773458,11.915941859466614,11.94944082,11.983422416232402,12.018230304996633,12.054124755805772,12.091057757778769,12.12929716109413,12.167185326911248,12.204810696326817,12.242233914664256,12.279460035700525,12.316668468517465
Lawrence,Arkansas,36.041098,-91.101153,10.42191456975734,10.498302094934711,10.574247308895332,10.649251193856195,10.723514113018048,10.79677899661389,10.868905968446967,10.940458313742036,11.011662858764105,11.082780453717918,11.153376348262231,11.223790781794538,11.293558760471587,11.362960036686886,11.432002171315926,11.500617116479214,11.568967430999999,11.637336647709533,11.705755010109819,11.774351053084356,11.843302457207399,11.912178252575439,11.980849904304975,12.048946929496505,12.116454206399032,12.1834435633298,12.249404641192555
Lawrence,Illinois,38.718954,-87.730221,24.858861483495108,24.954996299438328,25.048523476675925,25.137839523735554,25.223256885646762,25.30494259277124,25.38251149274554,25.457553321600443,25.53115475921856,25.602441352529798,25.67129323268634,25.736859527375053,25.7991638173529,25.857604793317726,25.912508655740634,25.963657282619874,26.010989757,26.055370706635696,26.097998820005067,26.13871885712488,26.177729289366095,26.214937758764012,26.25176893605079,26.288438978165104,26.324666881086678,26.360566618474085,26.396480111303045
Lawrence,Indiana,38.839815,-86.48782,72.71907899995959,73.07485256801779,73.42597244428619,73.7680889469915,74.1013190030631,74.4258263102021,74.74131855108507,75.04835697497305,75.34906965198098,75.64314087939951,75.92977555410876,76.20865797339938,76.48092232848646,76.7449199496656,77.00089638348851,77.24840730762351,77.48756964899998,77.71958775499067,77.94582967066944,78.1667514110609,78.38172157074638,78.59035429085884,78.7988934694278,79.0065089252546,79.21414776646722,79.42135397804113,79.62850172615032
Lawrence,Kentucky,38.074459,-82.738305,7.978322233579318,8.021454777511176,8.063616275651208,8.104228724551893,8.143411578259052,8.181182176876115,8.217507766874384,8.252667716586828,8.286895154070614,8.320072551958075,8.352209543640004,8.383338882645097,8.413439375513613,8.442524508992655,8.470717590484366,8.498003206563473,8.524454570999998,8.550293251782156,8.575796690564752,8.600878186830661,8.625597467602796,8.650133713949883,8.674835654618594,8.699703289608921,8.724813686047206,8.75022657095636,8.776015158106397
Lawrence,Mississippi,31.550009,-90.10753,4.284042367794071,4.302487739583446,4.320432872889894,4.337643142584252,4.354069852884997,4.369801541576718,4.384703926352789,4.398908338260352,4.412459046191699,4.425174547688422,4.437060745269495,4.448151578419011,4.458500169807722,4.4681227513628015,4.4769396390781235,4.485163323636699,4.493015149499999,4.500540861190065,4.507911631757099,4.515170254463654,4.522281314195893,4.529327446219434,4.536287991717874,4.543078839795849,4.549897724838946,4.556604462021562,4.563252174014453
Lawrence,Missouri,37.106135,-93.833262,45.82432310956008,46.07949947398855,46.335347228964274,46.58886110251379,46.840089051104755,47.08862344476206,47.33365701628004,47.57607696031046,47.816450761720645,48.053147900610085,48.285105341945616,48.51241100591796,48.733674154964916,48.94885482536342,49.15729761205547,49.35890660210568,49.55407344,49.74400503017457,49.931610731667554,50.11571561102122,50.29746263071484,50.47710755857595,50.65775957225799,50.83897907080732,51.02206887159548,51.20716485128082,51.39473058905075
Lawrence,Ohio,38.603866,-82.517186,53.68797238499214,53.79942840377601,53.906431431650454,54.00573312893097,54.09811628454589,54.18353402490666,54.26171448319989,54.33292483888011,54.39724008968901,54.453605579884815,54.501252582615834,54.539510805566195,54.56805213361629,54.58639376880434,54.59462008358968,54.59231859039332,54.57987833999999,54.55811024549111,54.52885643889551,54.49241222382088,54.449494766171576,54.40025874878972,54.349832142259444,54.298149323556814,54.245749338949835,54.19302123922321,54.14146966656844
Lawrence,Pennsylvania,40.992735,-80.334446,270.72235627164406,271.4886091235127,272.23668496250093,272.95306026580465,273.64090290225516,274.30399246707896,274.9379594860259,275.5473482123159,276.13386274090664,276.691735365788,277.21554793889,277.7005814280222,278.14146137985716,278.5316335830197,278.86928470569615,279.14984864729496,279.3700701495,279.53578246043503,279.651092885895,279.7149964468028,279.72782085372677,279.68884514341585,279.614280065338,279.5029677088167,279.3542089579721,279.16863738657037,278.951256042628
Lawrence,South Dakota,44.353669,-103.796528,26.49737572295409,26.60561790420917,26.71420480578672,26.81944792023633,26.920830167074293,27.017627633623427,27.108771686884072,27.19471046327545,27.274961354346097,27.347731814419177,27.414710973074794,27.472623987249488,27.522987626362124,27.564216176929342,27.598515849014955,27.62564533839322,27.644467067999994,27.65584283864145,27.6602207867368,27.65863507325345,27.651981971029805,27.641226696968793,27.630850615262496,27.620888197943156,27.61075342046258,27.602100940368626,27.593551876371407
Lawrence,Tennessee,35.220476,-87.396546,18.949120219678843,19.117663998212315,19.28726536163515,19.45706862762777,19.627304541984213,19.797883370229016,19.96865128183284,20.140329357402038,20.313295763654637,20.487207586702258,20.661885357593995,20.837681604626287,21.014179703448786,21.19166808630405,21.370047404308526,21.549756715431432,21.73070949,21.913354400391533,22.098168962207602,22.28550249894194,22.475508841123926,22.667970062170294,22.862120214236928,23.057731756332494,23.254708544376136,23.45323966172686,23.65347573411132
Le Flore,Oklahoma,34.899642,-94.703491,25.939524943813975,26.044178582899125,26.1496088037584,26.254343799029414,26.358405756762842,26.46121778764077,26.562913019967326,26.664955865088018,26.76820426096284,26.871852041750067,26.976010147703153,27.081950693728285,27.188616049409276,27.2964721638106,27.405474660830876,27.516111677585275,27.629226359999993,27.745735814170196,27.866926947035868,27.99294028291804,28.124034682408094,28.260136185337064,28.39677020148258,28.533404217628096,28.66990510546947,28.80682017025706,28.942470516155343
Le Sueur,Minnesota,44.373397,-93.73018,69.85115736275898,70.50700728529185,71.17093696276525,71.8375644336252,72.50778896233388,73.18154242279566,73.85735329134516,74.53515344188676,75.21368935426106,75.8901406081094,76.5637850668182,77.230616915965,77.88965513977287,78.53761606043297,79.17357316304482,79.79461065071592,80.39927062499999,80.9909866411163,81.57038545914449,82.13669044159455,82.69063735029917,83.23356145673247,83.77363789236888,84.31118003724822,84.84729153411955,85.38452029895902,85.92240307431646
Lea,New Mexico,32.795687,-103.413271,28.819328945253794,29.089337814130214,29.350491676771597,29.601490575440515,29.841355718428776,30.069643590743595,30.28480953672051,30.490095803892878,30.687582324640605,30.876091490189776,31.05475156417529,31.2225225804072,31.3797868793965,31.525106860821808,31.655255570770166,31.773199971607035,31.877120122499996,31.968208925843413,32.0486686629807,32.11693938462693,32.172959916300364,32.21729612195727,32.24029772709973,32.24161297845761,32.220033680016115,32.177196249162364,32.11213718780863
Leake,Mississippi,32.753268,-89.522568,6.348863078953889,6.3761987423010815,6.402793062458302,6.4282983297877685,6.452642378138246,6.475956418693803,6.498041447825269,6.519092095455677,6.53917396717706,6.558018080062082,6.575633181523014,6.592069569180416,6.607405969744726,6.621666438599691,6.63473288567965,6.646920217826364,6.658556462999999,6.669709413645655,6.680632744719192,6.691389874959581,6.701928319893193,6.71237054329182,6.722685929212519,6.732749827030421,6.742855275056614,6.752794522249654,6.762646295319982
Leavenworth,Kansas,39.189511,-95.038977,84.14366858878967,84.49179884148589,84.8385779668011,85.1777109394373,85.51186930671616,85.83531077726829,86.14880303710561,86.45412711777584,86.75324829546959,87.0446619056034,87.32753884728442,87.59880837646485,87.85767209969224,88.10514336250239,88.33695383066892,88.5557136366324,88.76188339199999,88.95641502742652,89.14022976612631,89.31526217684947,89.48003830245308,89.63508016942521,89.78170819770645,89.91863267479673,90.04692836111275,90.16899043701179,90.28245442957706
Lebanon,Pennsylvania,40.367344,-76.458009,414.1179707569162,415.2900907121079,416.43440569473614,417.53022907256917,418.5824066641427,419.5967200322613,420.5664852892896,421.4986536783685,422.3958319156758,423.2491972695326,424.0504617192711,424.7924066662449,425.4668109286624,426.0636486750705,426.58014609210034,427.009318517173,427.34618645399996,427.59967289257463,427.7760606872743,427.87381254394285,427.893429754153,427.8338094764447,427.7197489339456,427.5494768964324,427.3219239418833,427.03805923400546,426.7055358241415
Lee,Alabama,32.604064,-85.353048,59.40930843143768,59.59305682507318,59.778621772782856,59.96144872594593,60.14351219986042,60.32404871527776,60.50349266556353,60.68106740803381,60.85835255492706,61.03433452172359,61.209079125600006,61.382560039685714,61.55576452162967,61.72874522517318,61.90130469878646,62.074259075459324,62.2487667375,62.42578861568682,62.60711493722339,62.794101535947675,62.98649830658856,63.185700573290035,63.38307312248199,63.57907667440063,63.77402715149367,63.96795088063171,64.16178246572252
Lee,Arkansas,34.77975,-90.779288,5.028467947533593,5.06532415273225,5.101966947260402,5.138155560105169,5.173986664476268,5.20933622682161,5.244136758296675,5.278660038302366,5.3130155082081725,5.347329025589007,5.381390827820013,5.415365076955429,5.449027418187796,5.482512829206155,5.515824958056153,5.548930972326946,5.581909304999999,5.614896757787178,5.647907922871079,5.681004817027746,5.71427316932995,5.747505041175655,5.780638415788821,5.81349453893261,5.846066114515725,5.878387798971836,5.910213349219594
Lee,Florida,26.552134,-81.89225,1340.4547782467866,1365.9845881312426,1392.1033920497568,1418.7256883518223,1445.8812777951885,1473.5918478423016,1501.8716747723981,1530.8178060793011,1560.5164455256115,1590.9817913781103,1622.2022197810265,1654.1863901168474,1686.947252453076,1720.478799830691,1754.8063862975146,1789.9754151022657,1826.0004745739996,1862.9710449984207,1900.9709897644834,1940.0237126086408,1980.182262000186,2021.4944595739369,2063.438870081728,2106.011436875908,2149.247031523792,2193.183178016158,2237.847258724656
Lee,Georgia,31.818419,-84.146681,24.615702675630256,24.990939314119224,25.365971563154297,25.739231503637196,26.11096832271032,26.48063324868927,26.848038691253343,27.212745073083923,27.575130374677922,27.934721420450302,28.291173828170553,28.644140415752634,28.99386197077234,29.34014530319792,29.683124806094956,30.023402448402955,30.360941831999998,30.696566114412693,31.03126084478854,31.364751637285334,31.69657371588466,32.02648909286623,32.35520613167982,32.68198847032033,33.00649732626831,33.32869630140183,33.648210215079516
Lee,Illinois,41.747442,-89.299351,54.88800409542384,55.100268368858416,55.30677501401022,55.50398354506267,55.69258383609028,55.87294468769898,56.04421568907986,56.20990695423499,56.372417856518034,56.52981761628636,56.681841564869806,56.82661098859364,56.96417795342575,57.09321477718486,57.21444170576018,57.327377128948676,57.43188654299999,57.529879033403475,57.62400128686032,57.713910535748575,57.80004500196464,57.88220076046765,57.96352346348435,58.04449038238714,58.124481064391965,58.20374716167694,58.283043630776525
Lee,Iowa,40.647588,-91.477157,27.22693237036021,27.309687049717578,27.38895190795012,27.46242182636749,27.52925190090789,27.58945131531113,27.642202716734804,27.687377532821692,27.72560025787832,27.75621884637876,27.778700641414474,27.793486462495974,27.799713038081848,27.79762832914675,27.786607841384146,27.767101578044333,27.739449337499998,27.703467444955088,27.66029468414508,27.61017901604463,27.553138808133344,27.48897201813557,27.422904193998743,27.354806763365644,27.284514418919827,27.213184311876358,27.139530718662936
Lee,Kentucky,37.605383,-83.718497,3.448391750149953,3.467034505393855,3.4852575550656426,3.5028110744200096,3.519746693904319,3.53607190826093,3.551772560754275,3.566969400011254,3.5817631886791386,3.596103129059716,3.6099933848987424,3.6234481129317846,3.636458152918183,3.649029334101992,3.6612149524288795,3.673008345905635,3.6844411589999995,3.6956091578643386,3.7066322583764015,3.717472986824389,3.7281571584319857,3.738762218870236,3.7494388957354725,3.7601871890276986,3.771040408712952,3.782024370014916,3.793170717401329
Lee,Mississippi,34.288965,-88.680887,23.715985224873442,23.81809676515902,23.917439040472047,24.012713192020097,24.10364964533682,24.19073853581558,24.2732364914431,24.351870546386216,24.426885768341613,24.497277379752877,24.563078056312897,24.624475683255813,24.68176434181763,24.735033890153804,24.78384320641031,24.82936861553123,24.872835455999997,24.914496964436506,24.955300735934628,24.995483669267802,25.0348497102787,25.07385631866779,25.112389129509957,25.14998251418149,25.18773110839426,25.224858864442098,25.261659863561018
Lee,North Carolina,35.476075,-79.17222,67.82952831550637,68.8295102329024,69.83787595212422,70.85010929313171,71.86758646490385,72.89049728936872,73.91842257643509,74.95224816176754,75.99497955922814,77.04670377053398,78.10744452342605,79.17765264498365,80.25856197773969,81.35097135564169,82.45628071540959,83.57303475559442,84.702411954,85.84478404523554,87.00206506707642,88.17382792018432,89.35810320205489,90.55417908045762,91.76321821470229,92.98315629132054,94.21455486684971,95.45806249954427,96.71220806946117
Lee,South Carolina,34.15864,-80.251209,8.4220790936855,8.507361210197327,8.592221902974126,8.676424372012407,8.759703722393008,8.842158286320764,8.923555277351573,9.003999048029343,9.08362003903396,9.162155362225958,9.239574915909978,9.31574625262644,9.390607162204933,9.464378390411422,9.536865279615927,9.608007626427723,9.677849579999998,9.746585797962753,9.814467127777306,9.881479521985824,9.94762298058831,10.012927605280124,10.07776465030402,10.142035783455169,10.20583532337902,10.269179324313109,10.332043704901137
Lee,Texas,30.321105,-96.976365,13.083706796484392,13.301128283832117,13.519640724401896,13.738407798593093,13.957347743316264,14.176444205953523,14.395494530847449,14.616230343428127,14.839874001882785,15.066267236231143,15.295243016161894,15.526694465636693,15.760564934514996,15.99698933189439,16.236130599931702,16.478191394284348,16.723411163999998,16.972859837506267,17.22757580603914,17.487818959418647,17.753832834846925,18.025919371732865,18.302651220143535,18.583979906247347,18.87018284052635,19.161662998207103,19.45829773465543
Lee,Virginia,36.702162,-83.130334,33.160707335650265,33.56875951071469,33.9773717146882,34.38473496530095,34.79138262341873,35.19746580795351,35.60292673814485,36.00847656181383,36.4145641910225,36.82105184088053,37.22702390856828,37.63244928136856,38.036443469178906,38.439019806020966,38.839564926899065,39.23822550605129,39.63491265,40.031248664712045,40.42825138050636,40.82559189151569,41.22337686991321,41.621277409831634,42.0228536950503,42.42787015785347,42.836842380411404,43.250388172393706,43.6690053372751
Leelanau,Michigan,45.146182,-86.051574,25.022723842371818,25.14231920014572,25.259313480813535,25.372250967926668,25.481276986815878,25.586430947740322,25.687318748108193,25.782856605791935,25.87324649836987,25.9577815043179,26.035914806289846,26.107134070916338,26.171059974452735,26.22716294154126,26.275204047485612,26.314801505399963,26.345741022,26.36878370791619,26.384537959024687,26.39312200610303,26.394673785058373,26.389429757445807,26.38259700375992,26.374350407025823,26.36455203133639,26.353332423175168,26.34125564187671
Leflore,Mississippi,33.54979,-90.294934,7.4563979281721995,7.488502193300062,7.519735790757658,7.549690354292559,7.578281128644831,7.605662214287083,7.631599892169185,7.6563227446588495,7.679907821992384,7.7020392182009285,7.722727206649324,7.742030859185403,7.7600426360927415,7.776790789124645,7.792136627855764,7.806449993420371,7.820116137,7.833214677172167,7.846043541517262,7.858677211930377,7.871054048222472,7.883317877501317,7.895432742989966,7.907252249239442,7.9191205539719105,7.930793664772401,7.942364041924483
Lehigh,Pennsylvania,40.614241,-75.590627,994.5787997341281,997.3938566514802,1000.1421349255672,1002.773951887902,1005.300945643381,1007.7370016550867,1010.0660673645417,1012.304837432563,1014.4595723569557,1016.5090827605306,1018.4334634707758,1020.2153777245362,1021.8350808748844,1023.268494084105,1024.5089555404293,1025.5396903202497,1026.3487392675,1026.9575325477474,1027.3811595659604,1027.6159282336891,1027.6630424928196,1027.5198536712035,1027.2459167607901,1026.8369778335837,1026.290468480228,1025.6087163217016,1024.8101015374614
Lemhi,Idaho,44.928789,-113.887841,4.504088563600613,4.572985930262759,4.643206058764213,4.714176943985276,4.785940836304105,4.858344984353508,4.9312398867953835,5.0045702931352105,5.077838948922343,5.151289606338473,5.224613512620122,5.297693666720082,5.370637319598294,5.44335997049844,5.515634117384276,5.587576761303011,5.659382904,5.731289797598755,5.803144690732083,5.875396087414292,5.947865236045481,6.021091641454454,6.095059053495766,6.169864973042095,6.245853903176898,6.322947843202028,6.401335294804668
Lenawee,Michigan,41.895915,-84.066853,155.71969534334326,156.46395295471868,157.19202372180501,157.8948485300427,158.5733317580427,159.2277186610214,159.85555668681386,160.45010131696623,161.01260948446316,161.53868192385855,162.02491571902354,162.4681225521435,162.86594184175976,163.2150779709005,163.51404407981562,163.7604642585954,163.95300493199997,164.0964025913981,164.1944433641945,164.2478630160388,164.25751994018844,164.22488566794274,164.18236454478182,164.13104489072896,164.0700683125263,164.00024721807856,163.9250918226719
Lenoir,North Carolina,35.238062,-77.639023,55.72505184602668,56.54658260963135,57.375001048899,58.20659691590173,59.042500829097435,59.88286873585962,60.72735625240511,61.57669113314361,62.43334254482221,63.29738196332043,64.16882888205997,65.04805367605287,65.9360700032269,66.83353414211224,67.74159620458843,68.65906059412531,69.58689548399998,70.5254062711523,71.47616542493168,72.43882206374778,73.41175823360048,74.3943891318392,75.3876699361266,76.38990471877584,77.40155482410026,78.42315307229258,79.45349087120823
Leon,Florida,30.45931,-84.2778,559.6075596113235,570.2656398678371,581.1696109364646,592.2837779390497,603.6205819736365,615.1890770330414,626.9952231197303,639.079535223143,651.4780013363105,664.1965488933793,677.2303252147461,690.5829453838737,704.2598157417966,718.2584285279148,732.5893684460603,747.2715902581741,762.31118424,777.7455062539871,793.6095672435824,809.9131377046316,826.6783640943844,843.9252107926852,861.435991152095,879.2090116200001,897.2588302352104,915.6011123593985,934.2472894727039
Leon,Texas,31.300493,-95.995622,17.635153816430535,17.928210014648343,18.222736677481166,18.517606553682374,18.8127094371245,19.108023286582064,19.403274948296275,19.700798430609478,20.002241315127257,20.30739027427431,20.616020172675963,20.927986955179886,21.24321426468348,21.56188394129705,21.884215610088916,22.21048242481785,22.541007131999994,22.877231857531882,23.220556219232297,23.571330515149235,23.92988300210523,24.296620655585254,24.669619591478465,25.048814473294986,25.434579214681595,25.827456974409333,26.227282443287034
Leslie,Kentucky,37.087846,-83.388616,5.011350221040786,5.038442669457725,5.0649251838056895,5.090434708091242,5.115046273886363,5.1387707728708465,5.161587631871739,5.183672327952533,5.205171293697249,5.226010707720552,5.2461966209556685,5.26574960657556,5.284656352527132,5.302925330116899,5.320633991290128,5.3377726545536595,5.354387306999999,5.370617120093292,5.386636360710393,5.402390570452283,5.417917265104955,5.43332899202637,5.448844794999237,5.464464674023557,5.4802370365651205,5.496199398409918,5.5123977466504455
Letcher,Kentucky,37.118503,-82.861175,12.238759551721445,12.304924945720487,12.36960075386275,12.43190031790018,12.492006880537355,12.54994704152173,12.605670556885908,12.659605978116463,12.712110924040125,12.763005107479776,12.812303306072886,12.860055763786853,12.906229969819236,12.9508466128625,12.994094846676228,13.035951027040475,13.076527463999998,13.116164043216557,13.155286360649232,13.193761417560811,13.231680835303598,13.269319477934484,13.307212295929826,13.345359289289618,13.383878679113598,13.422862086754076,13.462421822255802
Levy,Florida,29.284409,-82.783483,71.00735485998595,72.35973488756476,73.74331545175659,75.1535673091008,76.59206908277434,78.05996961372803,79.5580251533791,81.0913765583562,82.6645902648127,84.27841839164441,85.93224519316185,87.62652937924106,89.3619569484354,91.13820969659663,92.95663069318161,94.81962506564841,96.7279655955,98.6863922847886,100.69934759402538,102.76807127963205,104.8953734561645,107.08378735924441,109.3056912157961,111.56087013470643,113.85117135304384,116.17858261360438,118.54455443140151
Lewis,Idaho,46.236328,-116.42376,3.9074325638315126,3.967203105697302,4.028121183321352,4.089690565024416,4.151947904282799,4.21476068468216,4.27799920930633,4.341615546686291,4.40517831360088,4.46889897241341,4.532509670797016,4.595908906817306,4.659189723914139,4.722278815134899,4.784978815607158,4.847391227265308,4.909685219999999,4.9720666171781955,5.034402902385552,5.097083166370568,5.15995233673348,5.223478450171759,5.287647409194519,5.352543798747087,5.41846648563628,5.485347801905839,5.5533512784500605
Lewis,Kentucky,38.532051,-83.373303,6.558006647906683,6.593460657103721,6.628116487865272,6.6614990339797275,6.693706484064161,6.724753091304912,6.754611933016663,6.783512643868352,6.81164685003199,6.838917946577887,6.8653338519429035,6.89092148881236,6.915663436625168,6.93957078119293,6.962744878507454,6.9851730590697665,7.006915502999998,7.028154334345936,7.049117604089143,7.069734046297881,7.090052755280685,7.110221013963147,7.130525469759602,7.15096612267005,7.171606320189368,7.192495156626092,7.213692812100357
Lewis,Missouri,40.084559,-91.728803,13.680184567446878,13.75636375626512,13.832743378957344,13.90842625532573,13.98342670207556,14.05762302721192,14.130774232862512,14.203145178075108,14.274905277195566,14.34556776224423,14.41481527958728,14.482674076517748,14.548728968582378,14.612968025193442,14.675195584712046,14.735383013727622,14.793647232000001,14.85034854327883,14.906355494351368,14.961317325938145,15.015575252848437,15.06920563084377,15.123136659650068,15.17723710280223,15.23189589746049,15.287153607623143,15.34314862810794
Lewis,New York,43.786397,-75.442617,31.464097149816368,31.547949992288178,31.624467123962546,31.69251984793473,31.752765069079622,31.805802356435134,31.851977363189857,31.893146132294493,31.931104094529324,31.96509769318,31.99519573125089,32.02075277103449,32.041426435675795,32.05687271015303,32.067076850965286,32.07163586908705,32.07025980899999,32.06452458713716,32.05602577793278,32.04428831302352,32.02905172389287,32.01007192369208,31.990266487439033,31.97005642399373,31.94949579285958,31.928202901179105,31.90727695885517
Lewis,Tennessee,35.523244,-87.496983,4.066458732957297,4.102628028004109,4.139024279514298,4.1754638590765865,4.2119962844648,4.248602298766899,4.285248890133661,4.322090801608298,4.3592091873201415,4.396530458355305,4.434016100889702,4.471741767077792,4.509618049827941,4.547706846357435,4.58598683651365,4.624552241616233,4.6633844925000005,4.702579873725168,4.742240859573689,4.782442414453163,4.8232175502128065,4.864519500066227,4.906183892514192,4.948161897529731,4.990432882707085,5.033037425110918,5.076007848843586
Lewis,Washington,46.580071,-122.377444,106.89658442609655,107.93413565996556,109.01802913256813,110.14450736508809,111.31591878178556,112.53520326191953,113.80225643107846,115.11895702867047,116.48836670410134,117.91048545737115,119.3846696462752,120.91097145801929,122.48765131907737,124.11467443797896,125.78983155634597,127.51400985667668,129.28747027499998,131.11821484953566,133.01276698100634,134.97185729029297,137.00120897429616,139.10325743595246,141.23218230858598,143.38822713249039,145.57361856177906,147.78884367703924,150.0347548692987
Lewis,West Virginia,38.988844,-80.495518,4.887044455764136,4.898223008201447,4.907726528208982,4.915248016273883,4.920679753268839,4.924212940644833,4.925836806489135,4.9257237014054525,4.9239086341101626,4.9204750869269365,4.915382665183031,4.90864752674754,4.900054233365835,4.88996903007079,4.878214180302333,4.864986271467817,4.850355320999999,4.834049338102403,4.816561137782505,4.797914956843949,4.778137725068565,4.756970916550795,4.734619197632537,4.7107297881718315,4.685658161288822,4.659285825943461,4.631812062521286
Lewis and Clark,Montana,47.122133,-112.382954,39.27689239492875,39.58517140244767,39.892517002567,40.199056478113945,40.50364428364357,40.80224979629402,41.095297292156,41.378077306622494,41.6525839373199,41.91499869943172,42.16655199362105,42.40592856400664,42.63117674057118,42.8436117791959,43.04204570682678,43.224738991491854,43.3922007645,43.544049177369544,43.68075093380032,43.80514868360014,43.91622416415126,44.0138500926265,44.099681145779634,44.17218992968411,44.23549192241989,44.287932447233175,44.3325238643681
Lexington,South Carolina,33.892554,-81.272853,165.70219564881504,167.38009890742765,169.04971076466347,170.70637224260605,172.3448716032471,173.96714350690795,175.56860794139945,177.15131801563396,178.71784011575193,180.26300198660877,181.7862113852491,183.28486244266858,184.75773119009276,186.2091607425284,187.63532126219675,189.0350282631868,190.40915036849998,191.76151741591505,193.09706476339443,194.41551603089212,195.7168712184082,197.00172256889815,198.27737441214626,199.54189208783126,200.79713129054704,202.04340788320314,203.28024807143515
Liberty,Florida,30.259849,-84.868581,16.116527764206566,16.423477238739306,16.737508293983975,17.057592928290212,17.384089441503303,17.717258585866688,18.057272007641327,18.4052965262187,18.762368584868554,19.12865889189416,19.504027691596693,19.88857909728198,20.28246880992992,20.68562460679683,21.09835132413851,21.521194853342294,21.9543305925,22.3988343791052,22.855714517696352,23.325252395586517,23.808085824018637,24.304789771069025,24.809094927402793,25.32095251921901,25.840781813614136,26.36903396824676,26.90603820627317
Liberty,Georgia,31.807245,-81.457969,60.7226854458738,61.64832940034398,62.57346916134545,63.49423694336482,64.41124744802836,65.32314695040633,66.22947269758916,67.12914032828107,68.02308225506123,68.9101312355157,69.78943773818364,70.66014532484411,71.52284797684386,72.37706912775356,73.22314030204576,74.06254645308724,74.895197793,75.72312490917854,76.54875898108845,77.37142314626486,78.18997088257346,79.0038151154274,79.81470325506754,80.62081882365456,81.42132610324718,82.2161353059674,83.00432092599596
Liberty,Montana,48.559654,-111.036924,1.2496226319909722,1.2594307507415556,1.269209172463167,1.2789619467506654,1.288652627250313,1.298152976791547,1.3074764940239005,1.3164733439375587,1.3252069701853255,1.3335558849214058,1.3415592342294445,1.3491751722958898,1.3563416053328905,1.3631003791539988,1.3694136975405222,1.375226216029376,1.380554133,1.3853852996678142,1.389734564547305,1.3936923685903424,1.397226315038048,1.400332354295561,1.4030631310960608,1.4053700503012283,1.407384048811533,1.4090524818937957,1.4104711899597004
Liberty,Texas,30.162189,-94.822682,79.95863568985469,81.28736658916331,82.6227646457687,83.9597188482956,85.29772951686093,86.63669671548814,87.97538195189561,89.32436773217808,90.69112427058714,92.07468432963492,93.47402713470322,94.88849953280199,96.31775531715513,97.76261895956968,99.22408625066973,100.70339568273685,102.20201060399998,103.72646968264313,105.28311885318102,106.87354638381342,108.49924060676338,110.16204676845625,111.85324188579065,113.57252971997876,115.321605613481,117.10293227429233,118.9157601825883
Licking,Ohio,40.093609,-82.481251,140.9411896554489,141.23378300892878,141.51468641010797,141.7753723464134,142.0178957884075,142.24213368396065,142.447372330722,142.63431312582946,142.80315295269028,142.95112313839118,143.0762056280086,143.176640776091,143.25156721773195,143.29971751599786,143.32131316472177,143.31527130516423,143.28261327,143.225467861069,143.14867102705995,143.05299799638848,142.9403314666357,142.8110775098289,142.6786980289333,142.54302075096751,142.40546077542078,142.2670394349676,142.1317067029644
Limestone,Alabama,34.810239,-86.9814,33.998392880616386,34.10354727885705,34.20974124346758,34.31436832543366,34.4185584882008,34.52187481257008,34.62456589049949,34.72618726970047,34.827642920929435,34.92835279628436,35.02835456121342,35.127633149537346,35.226753542978884,35.32574587389661,35.424497145945956,35.5234744106844,35.62334058,35.72464556943623,35.828413879183714,35.935421417475034,36.04552505560709,36.15952330108141,36.27247444709619,36.384642151788746,36.496207209310356,36.607184685840295,36.718109430742764
Limestone,Texas,31.547543,-96.593623,19.54635275220133,19.871168735447668,20.19761454400621,20.524440761470608,20.85152523819218,21.1788435442412,21.50609292298848,21.83586032949326,22.169971901003116,22.50819119069813,22.850268664296014,23.19604465475603,23.545434529821584,23.898639836412986,24.255904001330073,24.617529781202045,24.9838749,25.35653777312647,25.737069701119534,26.125858945362456,26.523269337308747,26.929751958160995,27.343174424052478,27.763464317691486,28.191036075386,28.62649172040443,29.069648028273807
Lincoln,Arkansas,33.957665,-91.727624,7.458036021842485,7.512699770099016,7.567046995612498,7.620720595801033,7.673863952761899,7.726293104558965,7.777907954256397,7.82911159492013,7.8800663459055675,7.930958874471431,7.981478068519855,8.031867407083949,8.081794135485131,8.131458447595065,8.180865754058939,8.229967359070123,8.278879591499999,8.327805350542825,8.376766278779321,8.42585435717756,8.475196735899265,8.524485008169172,8.573627193019211,8.622358168835547,8.670667114327816,8.718605430625239,8.76580789917814
Lincoln,Colorado,38.99374,-103.507555,7.488710628521403,7.559186132597194,7.629691101045011,7.699749193183715,7.769637046728468,7.839258084015399,7.908816918739152,7.978675307911877,8.04926539565667,8.120567539058847,8.192675041963167,8.26556335072627,8.339243923715063,8.413557980702493,8.488677397192065,8.564487589514776,8.6410278435,8.718470034651242,8.797182467618873,8.877089844563264,8.95812014146389,9.040329013245707,9.124556194511554,9.210644541943937,9.298759383408138,9.389147892247294,9.481564532027825
Lincoln,Georgia,33.792151,-82.448299,7.407467706188144,7.52038559922629,7.6332419864728225,7.745565042677027,7.85742975435196,7.968670982659874,8.079232277079695,8.188981358032208,8.298031969104638,8.406241720176682,8.513506978202194,8.61972326758995,8.724963047217734,8.829168181474296,8.932379112523991,9.034776987561283,9.136350853499998,9.237348418596767,9.338066258723462,9.438421804461212,9.538275193324985,9.637554808982083,9.736473815340412,9.83481062304116,9.932463284128364,10.029420845515848,10.125570406161476
Lincoln,Idaho,42.986181,-114.153899,3.0889799484657696,3.13623092524304,3.1843890744128,3.2330621052107276,3.282278993659188,3.3319349802927114,3.381927534570621,3.4322187647713656,3.482467645400961,3.5328413458192034,3.583128118170353,3.6332477211617076,3.6832737093115764,3.7331481305752323,3.7827149602168637,3.8320544395291742,3.8813003040000003,3.9306152651395405,3.9798945634823246,4.029445790650376,4.079146355779844,4.1293662603870755,4.180094359848083,4.231397521906787,4.283512012591696,4.336384337707676,4.390143774892968
Lincoln,Kansas,39.047276,-98.214265,3.3114576206419404,3.3251582186501007,3.3388056433044326,3.3521521551155047,3.3653028923056616,3.378031868121129,3.390369294694765,3.402385264174799,3.4141571196213447,3.4256256452540033,3.436758211969287,3.447433971235768,3.457621502435273,3.4673606855831753,3.4764835412207873,3.485092790599824,3.493206561,3.5008623154660574,3.5080963085574264,3.514984674848906,3.521469407045413,3.527571049397288,3.533341566773046,3.5387302027894876,3.5437792544326108,3.5485829835569325,3.553048336793252
Lincoln,Kentucky,37.457257,-84.658074,13.411487843765348,13.483993261781448,13.554866360564056,13.623135521521816,13.689001545830271,13.75249358204716,13.81355657178565,13.872660130698224,13.930196144950067,13.985967052094264,14.039989045774009,14.092317184376151,14.142915841885664,14.191807689403019,14.239200005561036,14.285066880530618,14.329531385999998,14.372965975762533,14.415837026742082,14.45799879614993,14.499551684573865,14.540796893777193,14.58232063364338,14.62412290417243,14.666333254509848,14.709052085243414,14.752402468061364
Lincoln,Louisiana,32.601148,-92.662082,8.437134730770902,8.470176247000925,8.502358474590864,8.533173312431797,8.56249933930285,8.590338423222793,8.61657101098954,8.641686523524177,8.665731661296272,8.688682140061653,8.710291381340989,8.73059861352872,8.749585156437018,8.767383639399458,8.784132295805968,8.80015616092476,8.815479518999998,8.830767384718367,8.846294356840936,8.862471399499912,8.879055670253537,8.896248915130354,8.91271363268188,8.928418066588813,8.943373424963843,8.957723545253252,8.971408650855984
Lincoln,Maine,43.994265,-69.514029,23.09695545106366,23.24035732691108,23.382966050790316,23.52231403880036,23.65859517253343,23.79078716723054,23.920300070835122,24.045001185832724,24.164379369843857,24.27728895891448,24.38267241708701,24.479807094790445,24.569186508804986,24.64922435519426,24.719286112383724,24.778754884398133,24.828564827999998,24.86862781519287,24.898009689214213,24.917961867613826,24.928678231983945,24.929682891143646,24.926034392090003,24.918402507596152,24.906223218484723,24.891118079890667,24.871430285480443
Lincoln,Minnesota,44.408238,-96.272032,10.368315657061714,10.465666356423295,10.564216369480134,10.663166827919206,10.762651213534578,10.862659414069132,10.96297300476892,11.063581873376817,11.164299954361685,11.26470860027847,11.364700621201617,11.463681416412069,11.561505369407188,11.65768506939346,11.752082989673958,11.844266325643643,11.934018675,12.021849695502224,12.107852419915892,12.191911568509747,12.274136353660769,12.35472497560864,12.434890905208606,12.514680658843444,12.594258055078617,12.674001292330674,12.753841607251147
Lincoln,Mississippi,31.535216,-90.453566,8.234111598066125,8.269564386984209,8.304055696266836,8.337134566438964,8.368707402137852,8.39894437675031,8.427587393973008,8.454888877663045,8.480933914513827,8.505373649082397,8.528219426261211,8.549536479181878,8.569426911876478,8.587921922799266,8.604868355902108,8.620674627313349,8.635766170499998,8.650230908378576,8.664397842830244,8.678349224325288,8.692016983508989,8.705559948875695,8.718938413301824,8.731990712069907,8.745096899077145,8.75798753312776,8.770764718253837
Lincoln,Missouri,39.058568,-90.957771,73.82897095249687,74.24009341146063,74.65229756830553,75.06074153727792,75.46550258251219,75.8659239588662,76.26070505341146,76.65127525263377,77.03854884878976,77.41989886131098,77.79361260188567,78.15983172142681,78.51631556003778,78.86299973093995,79.19882829096363,79.5236467118401,79.838085984,80.14409058815825,80.44634788179972,80.74296489363243,81.03578308552545,81.3252145328621,81.61626852702044,81.90823681343547,82.20321840109074,82.5014322050337,82.80362511189654
Lincoln,Montana,48.542232,-115.404343,11.229934388779956,11.318076622464476,11.405951979030768,11.493596850813134,11.580683706802835,11.666060123080248,11.749847407426376,11.830699043471975,11.90918517778781,11.984214040344757,12.056137423707753,12.124579273755657,12.188981574695806,12.249720380649343,12.306456029829429,12.35869116033391,12.4065713415,12.449987396324786,12.489072763367385,12.52464020476059,12.556398581829963,12.584311502241206,12.608852066340267,12.6295835661155,12.647682687042739,12.662676328776028,12.675425776560562
Lincoln,Nebraska,41.050322,-100.744481,33.65480454424549,33.759254113114764,33.863258556898984,33.962947222684704,34.05843623005936,34.14947398658354,34.23586695961159,34.31825380687424,34.39744736548327,34.47362181481984,34.545654665539026,34.61346850458255,34.67733427765437,34.736535913965476,34.79111212004502,34.84110160242214,34.887704263500005,34.930881396749456,34.97177484477998,35.010384607591575,35.047813821264576,35.08334641501,35.117969405320736,35.14914751453852,35.1777322863043,35.204188198967685,35.22772176868142
Lincoln,Nevada,37.634605,-114.863037,11.672620644152342,12.000956229817577,12.33545534654656,12.675184280610265,13.020403247310234,13.371433689077765,13.72779089113549,14.089954465999966,14.458536684968909,14.833910013081775,15.215798928254591,15.603682999884278,15.996965263455564,16.39542121949262,16.79803041583257,17.20450712586981,17.614448271,18.027522204270216,18.444540185149926,18.86467054512641,19.287204069946455,19.711553999616417,20.137210108054855,20.563963202568377,20.99130815933637,21.419535807225248,21.848401237715922
Lincoln,New Mexico,33.740941,-105.449083,8.015461723806235,8.090558744895047,8.163192940993179,8.23300275748197,8.299715965001479,8.363209209622983,8.423052879387837,8.480148734050829,8.535075261001825,8.587504934292149,8.637195299648111,8.683857113374776,8.727596715065872,8.768014267848985,8.804212265553081,8.837015903425462,8.865919005,8.891253349809118,8.91363145391267,8.93261945176826,8.948200329040894,8.96053146832928,8.966928858287794,8.96729466649021,8.961292859820352,8.949378571739372,8.931283826471072
Lincoln,North Carolina,35.487825,-81.225176,71.95559868857424,73.01640950844737,74.08611411683182,75.15992161444461,76.23929192506026,77.32442641747524,78.41488040226398,79.51159360047673,80.61775435139116,81.73345494903896,82.85872056451973,83.99402944872507,85.14069049883216,86.29955114185952,87.47209647268123,88.65678266385756,89.85485987999999,91.066722468335,92.2944008975605,93.53744208788432,94.79375683804297,96.0625900150497,97.34517500278291,98.63932191558084,99.94562646946648,101.26477667449437,102.59521192249187
Lincoln,Oklahoma,35.703118,-96.881392,16.43398705019925,16.50029036736511,16.56708568794457,16.633440548325197,16.699369005747368,16.764505571960985,16.828934590408377,16.893583838955198,16.958996864229785,17.02466291983137,17.090652291961895,17.157770929070292,17.225348769364718,17.293681014893327,17.36273955117534,17.43283363749931,17.504497448999995,17.57831201828013,17.65509266528224,17.73492841919546,17.817983281157645,17.904210393700843,17.990774880013362,18.07733936632589,18.16381950919608,18.250562053886853,18.336503335875488
Lincoln,Oregon,44.641076,-123.911183,69.43355713648212,70.12559261809672,70.84334932379407,71.58259563444915,72.3427075324951,73.12417253165601,73.92650311820782,74.74800274439069,75.59300053207451,76.45950742526499,77.34594387949612,78.25422094856629,79.18133554793516,80.12709267211306,81.09379338587772,82.0774790777895,83.08000229999999,84.10385912277648,85.15304715865648,86.22846343289231,87.33176549214586,88.4626413276337,89.60457397438385,90.7548138549924,91.9145115018482,93.08503195337875,94.26405464425734
Lincoln,South Dakota,43.27942,-96.722286,27.733864272678456,27.847157528391573,27.960811590651545,28.070965829407008,28.177079034837668,28.278393513195127,28.373790764184136,28.463739836315597,28.54773560042392,28.62390186246544,28.694006574519765,28.754622074391754,28.807335910887566,28.850488373891675,28.886388625303958,28.9147841005416,28.934484137999995,28.94639075404627,28.95097299719136,28.94931328707582,28.94234972072148,28.93109255645954,28.920232279399137,28.909804970194973,28.899197257717372,28.89014101339126,28.881193011029207
Lincoln,Tennessee,35.142532,-86.593388,13.823823822279696,13.946780427851728,14.070508566192464,14.194383997152677,14.318575055154636,14.4430162768119,14.56759543917629,14.692838587317386,14.819021602649444,14.94589432151716,15.07332581714766,15.201573267130518,15.33033273431442,15.459814636727195,15.589946497048153,15.721048618275207,15.853057875000001,15.98630158415472,16.12112810447432,16.25779227557028,16.396406320390774,16.536811256425896,16.678448306912852,16.821151475407465,16.96485062256713,17.109683689098976,17.25576055997309
Lincoln,Washington,47.582718,-118.417668,14.13451648066694,14.271707814640724,14.415026801248574,14.563976603790428,14.718867745203827,14.880088954203163,15.047626429768998,15.221728590251356,15.402800265553987,15.590841455676898,15.785767054333505,15.987583962033522,16.196062161786184,16.411197053251684,16.632696514851734,16.860677855251634,17.095175577,17.337247758254357,17.587756962730094,17.84679979756333,18.115133018653697,18.393078649788265,18.674578043430202,18.959663401958224,19.248629147120493,19.541539683674443,19.838507719945536
Lincoln,West Virginia,38.171651,-82.077547,5.628245284174554,5.6411192483074135,5.652064133738602,5.660726379419899,5.6669819288431675,5.671050982310358,5.672921134170661,5.672790874837107,5.670700522674844,5.6667462214776885,5.660881450055084,5.65312481688325,5.643228208945895,5.631613418370721,5.618075751919278,5.60284161271894,5.585991637499999,5.567212583579387,5.54707200948187,5.525597827921783,5.502821053026164,5.47844394917546,5.452702223735148,5.425189591641051,5.396315439370053,5.365943304763189,5.334302692360531
Lincoln,Wisconsin,45.338319,-89.742082,69.98163320684942,70.43287539171526,70.88345818094773,71.32848683003766,71.76811350720818,72.20166613614067,72.62768643803057,73.04458932722079,73.45289471180683,73.84891251237899,74.23096887848331,74.59742800172168,74.94699645219788,75.27798769877278,75.58861376482513,75.87836742294469,76.146931656,76.39499122099495,76.6245243048296,76.83583524395013,77.02929177822901,77.20475442012832,77.37484045147879,77.53769849223279,77.69486290530646,77.84706917044473,77.99590237330465
Lincoln,Wyoming,42.228788,-110.679842,10.05504049219982,10.115201120864842,10.172390608107564,10.226449429556315,10.277517169036303,10.324556918131691,10.366810936077066,10.405595298938673,10.441966855678816,10.474689292417063,10.503842371339259,10.528708232772898,10.54960592546131,10.56541877880283,10.576645306458914,10.58412301138082,10.587393260999997,10.586934628431456,10.582527767664148,10.574750954545367,10.563584248528656,10.549167233439226,10.531280563266032,10.510263227298868,10.486075344444817,10.45905590399367,10.42848704627293
Linn,Iowa,42.077951,-91.597674,180.2947827721454,180.84277829125713,181.36766446653772,181.85417696824604,182.29672090261244,182.6953570836997,183.04467305992628,183.34381743441423,183.596925563428,183.79967964851497,183.94855247403768,184.04646311500647,184.08769504952622,184.0738902572903,184.000913382034,183.8717443128305,183.68863317,183.45036367228835,183.16447676347198,182.8326144232442,182.45489827973037,182.0299904235509,181.59249405638968,181.14155778136876,180.67608694535932,180.20374412026322,179.71601533730063
Linn,Kansas,38.216549,-94.844932,11.225640097523875,11.272084292189623,11.31834823241722,11.363592096392567,11.408172296300183,11.451322750777939,11.493145877120234,11.533879283450087,11.573785158041163,11.612662762996436,11.650401487637952,11.686591662788098,11.721126774460696,11.754142013484357,11.785067939702206,11.814252771915204,11.841757960499999,11.867710502901645,11.892233299873439,11.915584442997257,11.937567291067857,11.95825148784543,11.97781319107635,11.99608033970602,12.013196317946603,12.029480667756637,12.04461794386936
Linn,Missouri,39.86444,-93.108019,18.136445631411128,18.237439862112865,18.338699817157735,18.43903606377171,18.53846758226501,18.636833040000724,18.733812935090096,18.829758403272255,18.924894044884866,19.0185745293803,19.1103791265486,19.200342633625173,19.287914621613528,19.37307927358847,19.455577191976957,19.535370416158518,19.612613952,19.68778547064203,19.762036444238195,19.83490185518801,19.906834067551817,19.977934309650802,20.049433138264494,20.121156567215827,20.19362022826591,20.266877898960352,20.341113055631332
Linn,Oregon,44.494824,-122.543756,191.7504195849434,193.66157176322554,195.6437566771691,197.6852881223477,199.78444278750948,201.9425670095698,204.1583144516133,206.42699986117407,208.76057871006162,211.15355794366073,213.6015754303653,216.10990881088398,218.67026464981734,221.2821044123992,223.95178280887072,226.668367583478,229.43697481649997,232.26449775294398,235.1619763555171,238.1318878841437,241.17880988433666,244.30188070046998,247.45548643784664,250.63203375626333,253.83470001084055,257.06725494494185,260.3232899948493
Lipscomb,Texas,36.2802,-100.272683,2.893200884497949,2.941279311299161,2.9895989806531205,3.0379749571553667,3.086389160528926,3.134837974718404,3.183276586465877,3.232087910208654,3.281542246087476,3.3316045958519194,3.382238024079023,3.4334188972638877,3.485134688357469,3.537415229816773,3.5902965530509054,3.6438234713177935,3.6980489339999996,3.7532095344361927,3.809534892143924,3.867082476575001,3.925906141125831,3.9860726536763793,4.047266384248639,4.109476613821264,4.172764686191122,4.237219711294722,4.302814568716606
Little River,Arkansas,33.699497,-94.229774,7.063309868964422,7.115080468007405,7.166551296680794,7.217384152516326,7.267714828929293,7.317369100405734,7.366252167768948,7.414745789865679,7.463003695090593,7.511202671097551,7.55904807179678,7.606770489780282,7.654054781838989,7.701090546326324,7.747882907522109,7.794385746907942,7.840709236499999,7.8870455367916135,7.93341514490207,7.979905173588349,8.026636043426269,8.073315670465965,8.119856941950463,8.166008768168481,8.21176090056037,8.257162019784445,8.30186623695271
Live Oak,Texas,28.351535,-98.126961,7.369698926570724,7.492166582476194,7.615248742888269,7.738474331547068,7.861797293510978,7.985208417791685,8.108593553926768,8.232928079786717,8.358900516748584,8.486421715603962,8.615397592686424,8.745767947608014,8.87750087087347,9.010672353136451,9.145374175316302,9.281720487875438,9.419846166,9.560353871497313,9.70382850212581,9.850416446807024,10.000254883474188,10.153513886447367,10.30938946803164,10.467854324225902,10.62906471286776,10.793247619026562,10.960333960289898
Livingston,Illinois,40.894376,-88.552852,52.67350698668635,52.87720730106361,53.07538228292835,53.26463428998194,53.44562536281934,53.61870942251333,53.78307036870785,53.94207669726023,54.09803097703213,54.24908032711316,54.394970757086405,54.533899351369385,54.665916075290035,54.789746812986365,54.90608275149463,55.014461711531546,55.114754616,55.20879352692373,55.29911834847203,55.3854001422361,55.468059449725935,55.54690057340718,55.62494225184169,55.70264250053541,55.77940589933063,55.85547394731228,55.93157114173521
Livingston,Kentucky,37.209517,-88.363426,4.892141524108435,4.918589504402007,4.944442059579755,4.9693447699298785,4.993370882192815,5.016531028959923,5.038805126447528,5.060364477516335,5.0813520314501055,5.10169572290744,5.121401458883532,5.1404893231620505,5.158946320353569,5.176780720251357,5.194068132393933,5.210799105588982,5.227018532999999,5.242862275516508,5.258500454600175,5.273879907294225,5.289037256968882,5.304082373734802,5.319229090818105,5.334477408218787,5.34987458189843,5.365457235227247,5.3812702613687335
Livingston,Louisiana,30.440419,-90.727474,23.6592976652879,23.75195223259586,23.84219719446728,23.928607740730964,24.010843383662195,24.08890936153366,24.16247042489332,24.232899001185473,24.300326047227312,24.364683465473895,24.425279803930394,24.482225066323245,24.535466869925585,24.585377132098255,24.63234348502019,24.67727738813912,24.720246939,24.7631169626798,24.80665748526369,24.85202092674305,24.898526311668427,24.946739373490143,24.99290950896347,25.036947667452736,25.078885278594043,25.119125689384397,25.15750127509777
Livingston,Michigan,42.602532,-83.911718,244.4779364971239,245.6464114588181,246.7894732813363,247.8928992703102,248.9581092886294,249.98548838385716,250.97118608036067,251.90461357015005,252.787744221987,253.61367124520538,254.3770521048647,255.07288118264256,255.69745239574243,256.2455916675328,256.71496464716125,257.1018411863588,257.404127589,257.62926008615057,257.78318284956856,257.8670510219437,257.8822122697475,257.8309768783597,257.7642192570774,257.68364805446276,257.5879156040442,257.4782973758753,257.36030436320505
Livingston,Missouri,39.778587,-93.548201,19.690768014564917,19.80041761228506,19.910355707349325,20.019290930693526,20.127243889270844,20.234039423979475,20.33933065110803,20.443498799289817,20.546787717470465,20.648496769242822,20.74816916714535,20.845842690592164,20.94091973794186,21.03338313673349,21.122951258607305,21.20958288965701,21.293446319999994,21.375060157957265,21.45567455868667,21.534784651836002,21.612881569788716,21.69007521629494,21.76770160881735,21.84557185028539,21.924245762926347,22.003781733107484,22.084378961375933
Livingston,New York,42.727485,-77.76978,81.88440632846945,82.1026309351399,82.30176456580725,82.47886981929551,82.63565627161564,82.77368428391492,82.89385340865793,83.00099394415003,83.09977844726917,83.18824580837686,83.26657508530958,83.33308654502916,83.38688916163456,83.42708764594299,83.45364362841804,83.46550834173125,83.461927185,83.4470014353379,83.42488352924053,83.39433711497922,83.35468433074413,83.30528994754364,83.25374687030437,83.20115076245487,83.14764231229525,83.09222817516078,83.03776901315464
Llano,Texas,30.707585,-98.68469,21.327242669624116,21.68165299801068,22.03784164690456,22.394445364182378,22.75133087100525,23.1084715116054,23.465536944860762,23.825349826180425,24.189902674205626,24.558937499183955,24.93218203148743,25.309462056633798,25.690685231427555,26.076071465952836,26.465886365895706,26.860460272378234,27.260183501999997,27.66680010356688,28.08200271833265,28.506214982606583,28.93983387693021,29.383351581015663,29.834441427132813,30.29302439997005,30.759552695587832,31.23468318826351,31.71821595973875
Logan,Arkansas,35.21855,-93.720563,12.676430176268134,12.76934219572172,12.861716221199458,12.952945285138846,13.043273094212697,13.132386968161553,13.220116772138345,13.307147643770437,13.393755477404424,13.480257551538884,13.566125068676186,13.651771870336221,13.736632373108462,13.821046846687052,13.905024487550206,13.988482527393947,14.0716186905,14.154777844801602,14.23799677621163,14.321431824859825,14.40529910798434,14.489074426326665,14.572601439757051,14.655429520842743,14.737540276627303,14.819021073653802,14.899251149642437
Logan,Colorado,40.728091,-103.090464,29.8840051656452,30.1652405387722,30.446593490677387,30.72616316444666,31.00505349416416,31.282879082723586,31.56045644941795,31.83922920035724,32.12092182428833,32.40545593535905,32.69320386636702,32.984067634997096,33.278092966329666,33.57464624139336,33.87441333639432,34.17693700052844,34.4823740055,34.7914102275151,35.105515401301155,35.42438904775834,35.747743752095516,36.07580160756037,36.41191360933139,36.755452670591566,37.10707853892961,37.46777756965148,37.83656993960559
Logan,Illinois,40.12907,-89.365308,45.08428962249295,45.258640724117896,45.42826258507696,45.59024709656579,45.74516091213819,45.893306959794614,46.03398672320459,46.17008336416067,46.3035676965952,46.43285380332936,46.55772428897456,46.67663600265793,46.78963171068541,46.89562087225538,46.99519508793341,47.087958769389516,47.173801437,47.254291188649546,47.33160197822377,47.40545226087517,47.47620198634549,47.54368365326973,47.61048105929885,47.676986228903985,47.742689530272656,47.80779766721689,47.87293075117294
Logan,Kansas,38.91327,-101.157407,3.276800231634546,3.290357440534587,3.3038620325878774,3.317068861122061,3.3300819639932113,3.3426777196026425,3.3548860238860083,3.3667762354140227,3.3784248877819585,3.3897733849559364,3.400789439325449,3.4113534671478845,3.421434376650164,3.4310716304673483,3.440099007197208,3.44861815302096,3.456647005499999,3.4642226355945356,3.471380918427352,3.478197191756295,3.4846140553849105,3.490651838549443,3.4963619622592157,3.501694201342332,3.5066904101087037,3.5114438638775725,3.5158624831671235
Logan,Kentucky,36.859829,-86.881436,14.310138020639998,14.387501736816871,14.463123758574957,14.535967363045954,14.606246806289306,14.673993189991064,14.739147766522027,14.802211618601877,14.863602891120841,14.923110783762361,14.980752575240901,15.036587013185676,15.090576084424839,15.142743979158654,15.193311864932367,15.24225209580282,15.289695989999998,15.336040957956754,15.38178462664989,15.42677148764915,15.471108668984263,15.515117554744414,15.559423634393474,15.604026907931459,15.649065605074133,15.694646853851227,15.740901972492734
Logan,Nebraska,41.542156,-100.443665,1.008845146373653,1.011976153729707,1.0150938179008078,1.018082111191716,1.0209445144332887,1.0236734858253356,1.0262632239830942,1.028732873476279,1.0311068001208912,1.0333902251632157,1.0355495005716342,1.0375823057922402,1.0394967627637017,1.0412714063623985,1.0429073968652838,1.0444058945493095,1.045802868,1.0470971569404033,1.0483229895406148,1.0494803658006346,1.050602353613606,1.05166748785591,1.0527053555898327,1.0536399586749914,1.0544968232043397,1.0552898725013051,1.055995320888365
Logan,North Dakota,46.469278,-99.504585,1.7489090270179837,1.7500133396650495,1.7511451912808702,1.7520099148997699,1.7527231741905183,1.753163797690594,1.7531940905562244,1.7529434859405562,1.752445030606095,1.7517152479340938,1.7505393339682656,1.749090784211765,1.7472456733051962,1.744959938898551,1.742189518641822,1.7390032599568963,1.7352634679999996,1.7309921739461362,1.7263077953609516,1.7211249614413056,1.7155951365153497,1.7095558406674303,1.7029740271350424,1.6956872160025322,1.6878055631449198,1.6794309627465973,1.6704202121700393
Logan,Ohio,40.387553,-83.766343,42.26129719069282,42.34903147687036,42.433260524093036,42.51142735278642,42.58414814706151,42.651386009666155,42.71292693653785,42.768981242013886,42.81960796169772,42.86397690741581,42.90148296423282,42.93159850144288,42.95406523828093,42.968503133049744,42.97497860080319,42.97316694572231,42.963374415,42.94623933109856,42.92321175602774,42.89452414247612,42.86074101840169,42.8219841447366,42.78229008086671,42.741607170639035,42.70035973245337,42.65885401350262,42.618274415580984
Logan,Oklahoma,35.914151,-97.450764,15.745128113551068,15.80865221272074,15.872647692131602,15.936221173993207,15.99938612631245,16.061792380910163,16.123520745827683,16.185460109519838,16.24813123491974,16.311044784443684,16.37426809812612,16.43857334169547,16.503318540156606,16.568786521654225,16.63495035017455,16.702106321869188,16.770766221,16.841486725185142,16.915048978824313,16.991538279294478,17.071111753342706,17.153724507612694,17.236660494048067,17.319596480483437,17.40245165887746,17.485558240066783,17.567897144863323
Logan,West Virginia,37.830591,-81.940853,9.304085870501467,9.32536789744558,9.343460952874578,9.357780562909488,9.368121648996283,9.374848225568353,9.377939784770305,9.377724452288577,9.374268878653227,9.36773199974363,9.35803691110202,9.345214374511508,9.328854232864032,9.30965375324329,9.287274556035136,9.262090909600666,9.234236114999998,9.20319234888422,9.169897845637996,9.134398747935988,9.0967463254167,9.05644838955047,9.013894589589945,8.96841329327069,8.920681259820993,8.870472902831425,8.818167617626935
Long,Georgia,31.749563,-81.74287,13.498285995644514,13.704051052572288,13.90970403033908,14.114385143600309,14.318231036812525,14.520940785105125,14.722411521302963,14.922402198443356,15.121120086207588,15.318305713661315,15.513770235094928,15.707323269467835,15.899096855243675,16.088985054585343,16.277061563379526,16.46365647778529,16.6487498385,16.832793032829553,17.016326497276253,17.199199769404796,17.381157984273766,17.562070638750495,17.74232617157101,17.921520790689563,18.099468721058486,18.276150003375143,18.451358903289215
Lonoke,Arkansas,34.755114,-91.894132,42.157325194265425,42.466317723242064,42.77352107445515,43.07691668837659,43.37731504724113,43.67367628704949,43.96543459944902,44.254868509967714,44.542895545663804,44.830570862654234,45.11613586741072,45.400966850520646,45.68318288151459,45.963915577097744,46.24319552150537,46.52074745661998,46.79722894349999,47.0737868909682,47.35054363596569,47.628019110492126,47.90693204407644,48.18553913530804,48.46332045218721,48.738777367185534,49.011848711832464,49.2828250363631,49.54964190489643
Lorain,Ohio,41.438805,-82.179722,267.11113725769707,267.6656589244512,268.19802584381625,268.69207671059166,269.1517060961606,269.5766807926557,269.96564819444694,270.3199375863777,270.6399221010355,270.92035456140724,271.15741035846986,271.34775461972174,271.4897548900921,271.58100912854815,271.6219371092511,271.61048660296893,271.548593235,271.44029150144775,271.29474647149516,271.11342735470595,270.89990223144906,270.65494068768663,270.4040556640958,270.14692066966273,269.88621759486057,269.6238820649877,269.367400052583
Los Alamos,New Mexico,35.870047,-106.307968,7.637776251196719,7.709334729544165,7.778546430266957,7.845066835060967,7.908636541908958,7.969138009271875,8.02616186834127,8.080567388299228,8.132905798432363,8.182865005688697,8.230213980146635,8.274677107162857,8.316355715650356,8.354868808896313,8.389361170875171,8.42061911395166,8.4481603125,8.47230091272868,8.493624569176479,8.511717859878432,8.526564572208462,8.538314672957783,8.544410620362743,8.5447591918234,8.53904018797473,8.527687296564297,8.510445168731389
Los Angeles,California,34.196398,-118.261862,12344.299965724285,12486.665276329339,12628.901697185616,12770.15689285764,12910.563910828017,13050.330637788335,13189.41757526718,13328.96117051187,13470.31719122931,13613.171728515219,13757.14989336911,13901.809926571377,14046.785254589204,14191.711729234521,14336.293458449629,14480.417143987619,14623.700274336,14767.246381349227,14911.850978100409,15057.419129667058,15203.712459309501,15350.761110598012,15498.22865357006,15645.944621138542,15794.033398840595,15942.672383319687,16092.114156906098
Loudon,Tennessee,35.73745,-84.316204,23.466880325489395,23.675607518868183,23.88564444155075,24.095931403464046,24.306754163728883,24.518001593798278,24.729483187591683,24.94209194236167,25.15629618555626,25.3716712473709,25.587994870711608,25.805703632012975,26.024281577306848,26.244085905494266,26.464993581398193,26.68754834112354,26.911643024999996,27.1378332757625,27.36671045603609,27.598707173378674,27.834013933870807,28.072360853898374,28.312799371935313,28.555047697737475,28.798986765004514,29.04485073746043,29.292826152309114
Loudoun,Virginia,39.08113,-77.638857,600.8759637216659,608.2699177003543,615.6740194695304,623.0554900551585,630.4239940196077,637.7822696555492,645.1292699687266,652.4778810422987,659.83623721626,667.2018418119985,674.5581039974462,681.9044600064657,689.2248827731274,696.5196139114904,703.7775391748302,711.0013163177986,718.1893345799999,725.3709903386417,732.5647268002452,739.7645841513493,746.9724953044275,754.1825004460196,761.45911052994,768.7980570411429,776.2086823899185,783.7021813610111,791.2875742126324
Louisa,Iowa,41.218211,-91.256994,8.932196856513169,8.95934574999712,8.98534975617401,9.00945264684892,9.031377238779083,9.051126544825838,9.068432420330423,9.083252685234156,9.095792214107778,9.105837093796547,9.11321257834307,9.118063285091395,9.12010600507609,9.119422085553191,9.115806651951958,9.109407334477767,9.100335609,9.088531218291962,9.074367757159118,9.057926572857495,9.039213691109763,9.018162828966565,8.996488304527155,8.974147937732846,8.951087497079628,8.927686603095626,8.903523455194028
Louisa,Virginia,37.971681,-77.959178,48.34374211574522,48.93862596190115,49.53432625304076,50.12820574227234,50.72104199624702,51.31305532551593,51.90416149369189,52.49539725630968,53.087417065300684,53.68002004928003,54.27187138549663,54.862925715895834,55.45189357578121,56.03879440431906,56.6227339998606,57.20392619323485,57.782241389999996,58.360044688719825,58.93881994575354,59.5180876616663,60.09800334978832,60.67808751068473,61.263530401751744,61.853988597718434,62.45021374634755,63.053106529009945,63.66339267458001
Loup,Nebraska,41.897714,-99.509764,0.39371914586529017,0.39494107526283395,0.3961577972532732,0.3973240300356983,0.39844113206413656,0.3995061600215289,0.40051684981782965,0.4014806729501891,0.4024071385967982,0.40329828443869786,0.4041409787536243,0.4049343159055594,0.4056814656205668,0.4063740507654782,0.4070125241583025,0.4075973386170493,0.4081425315,0.40864764998914593,0.4091260522157551,0.40957773817982773,0.410015613194623,0.41043130012697254,0.41083634583610823,0.4112010907424346,0.4115354968421515,0.4118449979513682,0.41212031130089816
Love,Oklahoma,33.957775,-97.245124,4.864427461390173,4.884053111320266,4.903824393281643,4.9234652999007285,4.942979992092701,4.962260286062891,4.9813311473023845,5.000467196213019,5.019829321515077,5.039266343290363,5.058799066114782,5.078666049125286,5.098668955364991,5.118895164052661,5.13933635335794,5.1600840634147795,5.181296408999999,5.203145374607685,5.22587229331825,5.2495035175944995,5.274087591446861,5.299610645158068,5.325233560833583,5.350856476509097,5.376454426693536,5.402130047294659,5.427568495730548
Loving,Texas,31.844936,-103.561229,0.083465907177156,0.08485292096182447,0.08624689434913328,0.08764249214048453,0.08903919273824985,0.09043689182290361,0.09183429657746713,0.09324245369456818,0.09466916105874969,0.09611340900603121,0.09757413198697211,0.09905064819895822,0.10054259624934708,0.10205083677422541,0.1035764092431524,0.1051206064731068,0.10668495599999998,0.10827628330136795,0.10990121266708995,0.11156140203248452,0.11325840501334453,0.11499414779519726,0.11675952477373171,0.11855422671606823,0.12038002332844566,0.122239485342032,0.12413183036038486
Lowndes,Alabama,32.147888,-86.650586,3.5264198381061056,3.5373267817761223,3.5483415525273374,3.5591938013010935,3.5700007314465187,3.5807170243352844,3.591368464704198,3.601908952569268,3.6124322506097997,3.622878194439905,3.6332506908378894,3.6435481770924314,3.653829254878095,3.664097049617524,3.674339840975805,3.6846060730039114,3.6949645049999997,3.705472175927315,3.7162353501557313,3.7273345073183206,3.738754801657525,3.7505790568733968,3.762294703652408,3.7739290894426905,3.785500966780103,3.797011898375968,3.808517360482207
Lowndes,Georgia,30.83368,-83.268967,116.83661984697841,118.6176529160525,120.39771586563667,122.16936668320528,123.93378811717758,125.68837546316962,127.43223833753994,129.1632903189198,130.8833254639001,132.5900978794151,134.28197298057086,135.95730289316523,137.61723049769319,139.2608388318972,140.88876578256506,142.5038685509343,144.10597437599998,145.69899031433792,147.28759420239282,148.87048368797275,150.44545274593608,152.01137178509597,153.57160300039698,155.12265130381377,156.6629086890684,158.19220239515585,159.70875165479322
Lowndes,Mississippi,33.471424,-88.439723,14.09304360969945,14.153722614879,14.212756005438075,14.269371944430802,14.323410239283499,14.375162149221033,14.424185931085695,14.47091361939436,14.51549084375946,14.557320522770034,14.596422073707735,14.632907145942095,14.666950495008027,14.698605518430096,14.727610082905917,14.75466321057517,14.780493049499999,14.805250083613256,14.829497414083,14.853375816201256,14.876768786278078,14.899948166256666,14.922845995651219,14.94518557819812,14.967617392832897,14.98968027911618,15.011548992582892
Lubbock,Texas,33.611469,-101.819944,260.0772116852269,264.39910417864826,268.7426825808478,273.0913225763168,277.44339888281286,281.79858644388736,286.15285688141074,290.540631351447,294.9862078235214,299.48644021557885,304.03800830818096,308.63878762525377,313.2876520783864,317.9872833832789,322.74092049525746,327.5525917924515,332.42705702999996,337.3855841869614,342.4488143478155,347.62191358826163,352.90972292755055,358.3182443008206,363.8191049237815,369.41134123624664,375.10046758868174,380.8944943007103,386.79098344896863
Lucas,Iowa,41.033344,-93.331467,6.948777942116067,6.969898349024317,6.99012809400546,7.008878871418177,7.025935047322218,7.041298965564763,7.0547620237470925,7.066291408008737,7.076046499957702,7.083860886444452,7.089598624332743,7.093372218287053,7.09496134667278,7.094429293363694,7.091616676751787,7.086638345348711,7.079581021499999,7.070397828262122,7.059379402684975,7.046589028642327,7.032031393828526,7.015654933605698,6.998793297017312,6.9814136702029,6.963473863913283,6.945269202892712,6.926471548536464
Lucas,Ohio,41.682321,-83.468867,377.0990209807242,377.8818770600042,378.63345577048466,379.330941094715,379.9798312648945,380.5797970455623,381.1289288710443,381.6291033834685,382.0808473595725,382.4767530014826,382.8114208476381,383.08014283094536,383.2806143031776,383.40944413908574,383.46722496249964,383.4510595013621,383.36368041,383.2107834618893,383.00530761064925,382.7493270396844,382.44787905154885,382.10205012326395,381.74785861426847,381.3848435949169,381.0167912730113,380.6464343028784,380.28434114281777
Luce,Michigan,46.940602,-85.582368,9.978691285596891,10.026384141176246,10.07303972576883,10.118077521237153,10.161555481168547,10.203489321790085,10.243721880831046,10.28182096204694,10.31786711110151,10.351578418171647,10.382736820606723,10.411138007454797,10.436630710030302,10.459003741531948,10.478161822333112,10.493952701484032,10.506290921999998,10.515480003516348,10.52176256528851,10.525185755997702,10.525804582438674,10.523713341973862,10.520988541105199,10.517699920590314,10.51379247363446,10.509318260239805,10.50450221890633
Lumpkin,Georgia,34.568149,-83.998828,25.924702713034613,26.319893475128747,26.714868978861194,27.107977927210822,27.499482758454207,27.888805518633937,28.27574864185643,28.659849175206816,29.041505199216992,29.420218376035926,29.795626010067906,30.16736245697254,30.535681308792352,30.900379102144395,31.261597376773324,31.619970112785474,31.975458976499993,32.32893089885299,32.68142383797202,33.0326488168784,33.382116343955126,33.72957577590438,34.07577314513032,34.419932931781965,34.761698337752975,35.10103102936249,35.4375358748233
Luna,New Mexico,32.184482,-107.746639,9.876003514500436,9.968531988811387,10.058025969402372,10.144039977920713,10.226238595371463,10.304469835022529,10.378204363772499,10.448553257042162,10.516229280195791,10.580828882255082,10.642053330677658,10.699546242781375,10.753438641611138,10.803237880518115,10.847838125003314,10.888256113895192,10.923868177500001,10.955083107717844,10.982655597287366,11.00605107218536,11.02524856872464,11.040442001011668,11.048324347393068,11.048775066667538,11.041380126013177,11.026700304062173,11.00440542274137
Lunenburg,Virginia,36.945757,-78.242313,13.92764888096092,14.099032662431096,14.270651658606747,14.441746088653524,14.612539966576648,14.783096763010917,14.953392209772446,15.123724992201506,15.294283655419155,15.465010329140714,15.635520455990568,15.805800968485078,15.975480376732273,16.144564281082285,16.312795065429114,16.480234333624196,16.64684475,16.813307690489037,16.98005064848459,17.146935482016776,17.314006993886636,17.4811270421243,17.64979092021454,17.819899688638387,17.991669894267552,18.165361019991405,18.34118214554814
Luzerne,Pennsylvania,41.172787,-75.976035,913.1407433334209,915.7252978872924,918.248541763753,920.6648604083356,922.9849389751558,925.2215259584349,927.3598832145647,929.4153384128975,931.3936394294411,933.275331914632,935.0421405703963,936.6781482016371,938.1652268917153,939.4812694252194,940.6201594725517,941.5664956736412,942.3092981115,942.8682422078451,943.2571818176683,943.4727271679399,943.5159836194302,943.3845193784441,943.1330129577685,942.7575587493468,942.2557986502018,941.629869691157,940.8966470466435
Lycoming,Pennsylvania,41.343624,-77.055253,334.3538157007234,335.3001711046219,336.22407711166124,337.10883158643765,337.9583469839327,338.777291267676,339.5602679480378,340.31288937423295,341.0372601772171,341.72625699067896,342.373188167478,342.9722254988141,343.516731302443,343.9986108439201,344.4156245800491,344.76213317916705,345.0341162565,345.2387781257034,345.3811914870291,345.4601151478623,345.4759538449253,345.42781715742893,345.3357260618995,345.1982504885849,345.0145269991445,344.78533808457445,344.5168627255008
Lyman,South Dakota,43.894812,-99.841925,3.902503945965516,3.9184457337064784,3.9344382914720937,3.9499383799985774,3.964869844248951,3.9791260671714426,3.992549661689629,4.00520662883556,4.017025890574718,4.027743442778914,4.037608058568943,4.046137422710605,4.053554923312371,4.05962701826084,4.064678635713787,4.06867423665396,4.071446279999999,4.073121690813539,4.07376647012663,4.073532928013228,4.072553066537429,4.0709690417682625,4.069440864026215,4.067973610313752,4.06648097158896,4.065206643970177,4.063947547358789
Lynn,Texas,33.178412,-101.818493,5.013064588211634,5.096370334503048,5.1800940830510065,5.263915395294815,5.347802943442231,5.4317504619348025,5.515680302601751,5.60025594332886,5.685945734610211,5.772689034790814,5.860421845666509,5.949103217337429,6.038711444118947,6.129298216868272,6.220925967399949,6.31367234388476,6.407629092,6.5032061582842005,6.600801405698892,6.700514411869428,6.802438488862713,6.906689325740115,7.012720028756989,7.120512025007935,7.230171605216644,7.341853170644902,7.45550972960434
Lyon,Iowa,43.38358,-96.207201,9.550863281529153,9.57989257567429,9.60769768473729,9.633470002256004,9.656913146578963,9.678030339245858,9.696534863224295,9.712381616958611,9.725789665147722,9.736530278473644,9.744416607634369,9.749603286535011,9.751787490444723,9.75105620093513,9.74719035330732,9.740347803006106,9.730647746999999,9.718025754495208,9.70288129641328,9.685301354325826,9.665292371312237,9.64278347349933,9.619607716970627,9.595720000170472,9.571062335384442,9.546040636613466,9.520203888300955
Lyon,Kansas,38.455498,-96.161589,37.419918305370146,37.574736913044404,37.72895465463966,37.879772040469646,38.0283771466451,38.17221629233028,38.31163087870644,38.44741295651408,38.58043651277719,38.71003240118053,38.835831908448355,38.95646942985563,39.07158990817389,39.18164399296234,39.28473349365327,39.3820191742629,39.473705875499995,39.560216934829306,39.641962033668335,39.719801502993846,39.79307985253782,39.86202923510353,39.92723686072269,39.98812917541084,40.0451841408217,40.09946692864081,40.14992602322988
Lyon,Kentucky,37.023976,-88.083391,4.056152328954635,4.078080769972798,4.099515534559409,4.120162767695689,4.140083199418848,4.159285645379454,4.177753453793108,4.195628654585553,4.213029769281031,4.229897047359057,4.246235386403279,4.26206143819809,4.277364428059473,4.29215121260453,4.306484480903935,4.320356396823854,4.333804182,4.3469404808562375,4.359906343801581,4.372657692583217,4.385224892219748,4.397699037766999,4.410257421752967,4.422900044177654,4.435666085710227,4.448585911369295,4.461696742790572
Lyon,Minnesota,44.409195,-95.847268,53.07899794183362,53.57736988014645,54.08188152053512,54.58844317949211,55.097738196540185,55.609714803533684,56.12325480852625,56.63830644337224,57.15391717419139,57.667943799753196,58.179837577713634,58.68655454110761,59.18734922863758,59.67972641568246,60.162982055461256,60.6349004713395,61.094373825,61.544011230984204,61.984288956232284,62.4146168438836,62.835553989911396,63.24811504997065,63.65851220154111,64.06698357809287,64.47436782358565,64.88260106666736,65.29133128394744
Lyon,Nevada,39.022214,-119.197417,23.11715849974276,23.76741399988458,24.42987612687247,25.102695697997127,25.78638805925951,26.481589814543142,27.18734100561096,27.904591485876484,28.634553834165473,29.377965702596942,30.134281430699307,30.902470326470645,31.68135012555584,32.470476215718776,33.26782763224985,34.072838505030354,34.88471055299999,35.70278696262815,36.52867440085897,37.36072578145411,38.19753653394039,39.03794460360977,39.88093950810747,40.726106949668015,41.57244655076011,42.42053428632604,43.26988512483547
Mackinac,Michigan,46.167981,-85.303756,15.375931831738821,15.44942063655911,15.521311134795175,15.590708819637104,15.657702990411094,15.722317863883578,15.78431127239027,15.843017254854423,15.898559922203972,15.950504886191126,15.998516139181696,16.042278863212132,16.081559971905566,16.116034052463128,16.14555429073834,16.169886086806446,16.188897761999996,16.20305700262062,16.212737655000048,16.218012369437556,16.21896590461564,16.215743561132864,16.211544979253485,16.20647762087852,16.200456727325463,16.19356251663311,16.18614159127096
Macomb,Michigan,42.671467,-82.910869,1348.0399238897098,1354.4828402567161,1360.7856297611866,1366.869869130623,1372.7433874226856,1378.4083077716552,1383.8433988347233,1388.990274419167,1393.8598155881753,1398.413938620586,1402.623185028252,1406.4599540655222,1409.9038105649438,1412.9262249096178,1415.5143255979667,1417.6475447666446,1419.3143378729997,1420.5557079478308,1421.4044308765983,1421.8668760621447,1421.950474474453,1421.667964919208,1421.2998665132664,1420.855600665,1420.327736404425,1419.7233066138474,1419.0726986526613
Macon,Alabama,32.387027,-85.692887,7.878816726433971,7.90318529687275,7.927794777313719,7.9520411470267485,7.976186264709875,8.00012887833319,8.023926596810261,8.047476422386529,8.07098784202042,8.094326434913611,8.117500929689369,8.140507834898385,8.163478079889678,8.186418647561862,8.20930335204513,8.232240428268005,8.2553835,8.27886000514082,8.30290736224335,8.327705380946899,8.353220892483051,8.379638943665089,8.405814339120287,8.43180817921151,8.457662361330451,8.48338037692642,8.509086172449813
Macon,Georgia,32.366216,-84.052162,7.6092200859487855,7.725213450192695,7.841143633451752,7.956525959677783,8.071437457742727,8.185708491029724,8.299281071511578,8.412019316796217,8.524040068430969,8.635197058108432,8.7453838301966,8.85449306357052,8.962599190623301,9.069642492341869,9.175664512387494,9.280851331742957,9.385191698999996,9.48894006908391,9.592401095510688,9.695489959971903,9.798062990638988,9.900046620611771,10.001659819604878,10.102674962974252,10.20298732607377,10.302585657495174,10.401353981184073
Macon,Illinois,39.860237,-88.961529,164.6764971184561,165.31333822041756,165.9329051279,166.52457557813418,167.09041935026252,167.63154292999016,168.14539489145594,168.64250637507692,169.13007604667592,169.60231112814967,170.05841755328615,170.49275875372865,170.90549093922377,171.29263076123297,171.65633912125105,171.99517107912183,172.30872309299997,172.6027228535944,172.8851110230243,173.15485922045787,173.41328221126247,173.6597681739304,173.90375478065258,174.14667395410635,174.38666419481115,174.62448051654235,174.8623879606258
Macon,Missouri,39.829795,-92.56434,21.215560956933416,21.33370148464742,21.45215285005885,21.56952368442686,21.685836190444103,21.80090164522288,21.91434630343651,22.026580914899444,22.137868211475,22.247453301612275,22.354844025623674,22.46008108844579,22.56252061199108,22.662144094015648,22.758648097719636,22.851988217717707,22.942345776,23.030279540332142,23.117136474069632,23.202372611241987,23.28651711602457,23.369688402778316,23.453325946078195,23.537226221241376,23.621992401418808,23.70768739423974,23.794525825733338
Macon,North Carolina,35.152959,-83.421901,29.885895738329324,30.326490801654867,30.770779793472595,31.216772871170225,31.66507639659457,32.115774005862434,32.568681002549226,33.02418768853335,33.48361830233088,33.94701117716201,34.41437676754137,34.88591370924634,35.36216563703615,35.84348451956904,36.33048717320642,36.82253238771946,37.320139403999995,37.82347200944343,38.333373534894214,38.84965579908953,39.371451077317545,39.89844573414022,40.43115204077301,40.968660454445626,41.51121839867033,42.059111630179494,42.61169196906793
Macon,Tennessee,36.537838,-86.001231,7.984593175975968,8.055612489185775,8.12707743707374,8.198627460672993,8.270359789367856,8.342236611731094,8.414193108173155,8.486533120520058,8.55941599692945,8.632697243732958,8.706301238076104,8.780376524851608,8.854747551004438,8.929535853265005,9.004699568981717,9.080423704066423,9.1566717975,9.233632906418638,9.311508241631557,9.390444997623382,9.47050799398365,9.551605402960503,9.633414477014297,9.715839337168825,9.798839471180619,9.882494553128497,9.9668680521939
Macoupin,Illinois,39.2659,-89.926344,65.26758145286787,65.51998588957936,65.7655439036688,66.00004548695262,66.22431097190776,66.43877890105334,66.64243804693352,66.83946230246556,67.03270477368565,67.21986956152307,67.40064194722883,67.57278794361729,67.73636946257346,67.88980775102856,68.03395925672578,68.16825129472838,68.292523926,68.40904725299254,68.52096846319617,68.62787997003433,68.73030286520614,68.82799466049522,68.92469586562345,69.02097400620383,69.11609129893948,69.21034698460814,69.30463878554308
Madera,California,37.210039,-119.749852,173.44896887952825,175.449334748571,177.44788959600163,179.432657311159,181.40550733570737,183.369360672247,185.3236623302838,187.28438045736576,189.27056485878433,191.277804820613,193.30083280149603,195.33344167090794,197.3704807275969,199.40683334867475,201.4383419737739,203.4634146564771,205.476676752,207.49363391581224,209.52546385119734,211.57083263363464,213.62639084680922,215.692562036098,217.7646190456263,219.84016665326186,221.92095259222725,224.009469451408,226.10926624896337
Madison,Alabama,34.764238,-86.55108,163.58674614570188,164.0927072924979,164.6036704192537,165.1070943298382,165.60841595899046,166.105533025278,166.59964165434334,167.08860331852262,167.57676756560687,168.06134343576343,168.54251216015038,169.02020124630445,169.49712916159513,169.9734408909487,170.4485927408913,170.92483197778174,171.40534827,171.89278759245244,172.39207943263546,172.90695715240315,173.43673207335533,173.98524629604063,174.52872229253458,175.06842868094296,175.60523537082403,176.1392148546409,176.6729406148365
Madison,Arkansas,36.012545,-93.724053,8.98774288096704,9.053618630668531,9.119112936110145,9.183795449921766,9.247838963092905,9.311021781523811,9.373223277542557,9.434929222044195,9.496335227469693,9.557666248126154,9.6185473601684,9.679271982257877,9.739439108890611,9.799289995410456,9.858831162232105,9.918003925623282,9.976948474499999,10.035909324413463,10.09491255702247,10.154069019376896,10.213531941222165,10.272929658920447,10.332151325421862,10.39087744040617,10.449094963043976,10.506865837274919,10.56374993510683
Madison,Florida,30.447228,-83.470437,37.19065010848721,37.8989695849494,38.62363058325338,39.362260877182095,40.11568728280756,40.88451151444396,41.66912966460743,42.472234296631925,43.29621711669428,44.14147205287068,45.00767660360426,45.895071021732676,46.804014604292455,47.73434068940521,48.686752720064135,49.66251040033704,50.662018480499995,51.687759573208965,52.74206045144143,53.8255704471911,54.93976137964369,56.08596005050642,57.24969934295931,58.430866706123496,59.63042964466956,60.849429254227424,62.08862525322976
Madison,Georgia,34.128486,-83.203637,29.225409892815364,29.670915946863502,30.116179336070978,30.559338521934084,31.000689356107873,31.43958030011605,31.875788634173343,32.30879246266354,32.739040549333076,33.16597110845492,33.589175266393454,34.00824082533714,34.42345366441332,34.834584415484954,35.24179263899521,35.64579303276244,36.0465423825,36.445017995922306,36.84238998294599,37.2383325743329,37.63229395688372,38.023991575647,38.4142664471253,38.80224431305706,39.18752294815844,39.57005913814275,39.94940744343946
Madison,Idaho,43.789709,-111.65655,22.783826299024074,23.132342011431746,23.487548883561573,23.84655344093911,24.209569406110763,24.575824089870284,24.944561243207314,25.315501382791936,25.686129158654882,26.057677585486967,26.428584844679836,26.798259089181887,27.167242845457075,27.535108668412597,27.90070574433702,28.264625920281937,28.627855608,28.991594941790265,29.35507123244648,29.720553226999765,30.08713671467684,30.45755076799337,30.831713185969996,31.210117174483006,31.594505394295446,31.984483280706236,32.38100436507629
Madison,Illinois,38.827082,-89.900195,419.4607099249984,421.08285895908926,422.6610075073408,424.1680987525373,425.60940479509213,426.9877440534652,428.2966175862665,429.5628501056619,430.8047779105734,432.00764575141625,433.1694309984724,434.2757762965281,435.32707953995407,436.31319442229466,437.2396251490128,438.1026911971783,438.90136467299993,439.65023503674115,440.3695285855848,441.0566258482567,441.7148757690444,442.34271992832885,442.96419777768017,443.5829566821643,444.19425506719557,444.8000160888996,445.4060092156534
Madison,Indiana,40.166203,-85.722454,199.1104868915506,200.08462255626728,201.04601605137944,201.98275761032195,202.8951673881101,203.78369360176518,204.64753586374908,205.48823091813478,206.31160558619877,207.11679544940003,207.9016234536352,208.66522518036334,209.41070613323174,210.13355212652633,210.83443548577884,211.51213962193168,212.16698469,212.80226828664024,213.42173622553017,214.02663711122892,214.61524210665453,215.18649470025687,215.75749116984713,216.32595841481736,216.8944896907906,217.46183639320768,218.02902301811716
Madison,Iowa,41.330622,-94.015184,12.666634085236602,12.705133583747935,12.742009532216619,12.776189533114485,12.807280516431204,12.835286754666894,12.85982799531156,12.880844423363637,12.898626568830753,12.912871084204939,12.923330164479683,12.93020888966038,12.933105644736472,12.932135787211,12.927008787076316,12.917933996837933,12.905069499,12.888329843560271,12.868244820532661,12.844929787420204,12.818393289223122,12.788541330938951,12.757804965131545,12.726124376799335,12.693422660940302,12.660238152568587,12.625972701668479
Madison,Kentucky,37.723528,-84.277008,46.03187793766426,46.28073627395153,46.52399204618426,46.758310394806195,46.98438052412563,47.202302479929244,47.41188728684219,47.614746793650006,47.81222606037369,48.0036469989035,48.189065190232014,48.36866960973411,48.54233797922604,48.710148112097464,48.87281144505372,49.03023904850663,49.182853337999994,49.3319326763637,49.47907779618478,49.62378846852979,49.76640929555286,49.90797408371647,50.05049486495284,50.19397163926203,50.33884905458486,50.48547171307545,50.634262030277625
Madison,Louisiana,32.365824,-91.240729,1.8575345301223856,1.864809008874162,1.8718943051165637,1.878678554409265,1.8851350244411582,1.8912641264785692,1.8970395394767146,1.9025690152126726,1.9078628353445621,1.9129156534101617,1.9176731822546065,1.9221440584707172,1.9263241693952455,1.9302427149372468,1.933930128804752,1.9374579713382623,1.940831589,1.944197392601568,1.9476158382927014,1.9511774046648396,1.9548286270957682,1.958613922348558,1.9622388237347046,1.9656963397266871,1.9689889379224534,1.9721482858290083,1.9751612229239603
Madison,Mississippi,32.63437,-90.03416,26.826580407061808,26.94208492521637,27.05445696083859,27.16222729645753,27.26509100014526,27.363602493588925,27.456920903896368,27.54586862323684,27.630722862453904,27.710347057088946,27.78477816858775,27.85422872526373,27.919031380129166,27.979287777160042,28.034498936837924,28.085995471211962,28.135163434499994,28.182289277907067,28.228444883361625,28.273898221345814,28.318427523184763,28.36255024911981,28.406137034090616,28.448661177494408,28.491360887765783,28.533358330566784,28.574986158909688
Madison,Missouri,37.473235,-90.345453,17.3633111817595,17.46000015218265,17.55694351944586,17.653002554836505,17.748195429557445,17.842367688384353,17.93521344940242,18.027068879864558,18.118149005671302,18.207836005925365,18.295727085630006,18.381855558657136,18.46569446012379,18.547228647360907,18.626209780596056,18.702601517423517,18.776552255999995,18.84851930493082,18.919605050522886,18.989364298306104,19.058230128615325,19.126299454532468,19.1947503757097,19.263416322787446,19.332790946776775,19.40292573275245,19.473996335675462
Madison,Montana,45.319288,-111.917328,4.085702699260271,4.1177708262516,4.149741857345074,4.181629032890401,4.213313189740213,4.24437505015378,4.274858748630122,4.304274392230067,4.332829413099032,4.360126600745793,4.386293945217521,4.411194629567242,4.434625635099443,4.456723778761097,4.477365483954936,4.4963697992349605,4.513789686,4.52958542320093,4.54380555878668,4.556745793900715,4.568300205745375,4.578455553970953,4.587383963123643,4.59492654900696,4.601511416261442,4.606966440340892,4.611604976188385
Madison,Nebraska,41.909929,-97.606856,37.14051854712621,37.25578622442704,37.370562673901674,37.48057634923548,37.58595539681789,37.68642216613844,37.78176307988143,37.87268294318875,37.96007878078648,38.044142812258784,38.123636289174414,38.19847378060707,38.268954294798796,38.33428759568135,38.39451639871792,38.449683419371624,38.501112837,38.54876193613992,38.593890822954194,38.63649949744282,38.67780535030548,38.71701814547397,38.75522712725851,38.789634432823014,38.8211798023567,38.85037582141733,38.8763468230104
Madison,New York,42.910026,-75.663575,83.184040138111,83.40572831116289,83.60802250451435,83.7879386958309,83.94721359477315,84.08743232786414,84.20950872487535,84.31834974851353,84.41870211645431,84.50857359317692,84.58814607844627,84.65571317922934,84.71036972764817,84.75120622487808,84.77818369239796,84.79023671729885,84.786598722,84.7714360773079,84.74896712539054,84.71793589168048,84.677653755639,84.62747540619522,84.57511425957209,84.52168336909324,84.46732565600252,84.4110320096992,84.35570849547555
Madison,North Carolina,35.86408,-82.712731,19.142246619865677,19.42445262886464,19.70902463990057,19.994688136781857,20.28183150097496,20.570508302337306,20.860600240767045,21.15235730893225,21.446627696242384,21.743435955548787,22.04278878308364,22.344813407258357,22.64985803214631,22.95814809756423,23.270078681210734,23.585239080845454,23.903961875999997,24.226351974311847,24.552949538510212,24.88363403641584,25.21784968075779,25.555395584570643,25.89659986323124,26.24087994453991,26.58839430599157,26.939325977932484,27.29325979396749
Madison,Ohio,39.896607,-83.400885,46.673127113427356,46.77002034111257,46.86304240359041,46.949369387714846,47.02968180358027,47.10393890207921,47.17190433838846,47.233810382420494,47.289722232747216,47.33872303445109,47.38014450216999,47.41340392366745,47.438216055191354,47.454161180935,47.46131264929177,47.459311868116174,47.44849705499999,47.42957316950205,47.40414165154497,47.372459220505675,47.33514933772807,47.29234647526674,47.24850858547629,47.203578619606276,47.15802519239234,47.112186521426295,47.06737065305711
Madison,Tennessee,35.606056,-88.833424,38.199635396512974,38.539403724207844,38.881304043082565,39.22361137845526,39.56679089203789,39.910661687609135,40.25491365736102,40.60100043164344,40.94968435881768,41.30027415689511,41.65240803343309,42.00679665215825,42.362600137757305,42.72039994237022,43.07999578803768,43.44227277412825,43.807056465,44.1752513417595,44.54782003072735,44.92546673505082,45.30850156253792,45.69648519379399,46.08787355035848,46.48220793109876,46.87929451863485,47.27951448714737,47.68317148386499
Madison,Texas,30.966878,-95.930372,11.462083457042507,11.652557248002385,11.843986777047306,12.035639379863682,12.227443427258839,12.419384593394255,12.611285340199517,12.804662671647947,13.000587444169934,13.198921004113963,13.39951702327215,13.602281872056935,13.807165921670542,14.014287360280871,14.223788934636174,14.435848182806847,14.650674875999998,14.869206333365405,15.092352245649968,15.320340291358947,15.553383823159093,15.791747357426173,16.034180453111034,16.280640644335165,16.531370958716547,16.786724425847623,17.04659360193939
Madison,Virginia,38.412059,-78.276961,17.438782598853305,17.653371904742066,17.868255722514906,18.08248273203833,18.29633342082098,18.509887260323644,18.723113864399547,18.936387216393555,19.149943393292123,19.36370993582218,19.577205340427213,19.790413245335866,20.002868508762983,20.214578142896265,20.425219587100777,20.634869975441394,20.843482559999998,21.051910490282076,21.26068902994997,21.469645211706673,21.67883513305392,21.888085826694706,22.099269546749273,22.312262411234634,22.52733555807582,22.744813885303675,22.964959181259623
Magoffin,Kentucky,37.698954,-83.069716,6.363400997358997,6.397802926115325,6.431430361992161,6.463822297323141,6.495074007025978,6.525199321330666,6.554172116469442,6.582215212814385,6.609514550124259,6.635976390173571,6.661608416423428,6.686436752641591,6.710444495213625,6.733642400985078,6.756128818258109,6.777891453494946,6.798988700999999,6.819597280378706,6.8399384753109205,6.859943134646691,6.879658895844872,6.899228671282038,6.918930602250229,6.938764688749444,6.958792398468531,6.979061368866349,6.999629994247304
Mahaska,Iowa,41.330797,-92.636366,16.61504014230105,16.6655405916643,16.71391140272347,16.758745893335604,16.799528466858675,16.836264727603993,16.868455891863505,16.896023499278645,16.91934864301961,16.938033416982222,16.951752771109533,16.960775712345228,16.964575435424603,16.963303256753488,16.956578083161666,16.94467452590414,16.9277999445,16.9058422527227,16.879496385176743,16.848913658267946,16.814105280618946,16.77494795738057,16.7346305416976,16.693074573211476,16.650179174318318,16.606650488245254,16.561703911406585
Mahnomen,Minnesota,47.325842,-95.810703,11.686522265684726,11.796249935375629,11.907329397070823,12.018860215961382,12.130992844445759,12.24371588461498,12.356783141635207,12.470183217597471,12.583706390976655,12.696880788341238,12.809585591856099,12.921150604473581,13.031411696304456,13.139819488136188,13.246218968406739,13.35012230661202,13.451285587500001,13.550283265682953,13.64722020192344,13.741966460059162,13.834645137507033,13.925479633282944,14.015837696463745,14.105771757430723,14.19546646230925,14.285348092894948,14.375339143406794
Mahoning,Ohio,41.01088,-80.770396,204.28093235684412,204.70501876619264,205.1121616946394,205.49000131874772,205.8415161241077,206.1665277582887,206.46400177719377,206.7349547896768,206.97967215962677,207.19414095735644,207.3754362030048,207.5210074568152,207.62960625177362,207.6993955578457,207.7306964094062,207.72193930506648,207.67460456999999,207.59177770125515,207.4804679493524,207.34179893460416,207.17849944919766,206.99115805615384,206.7992865113742,206.60263512145593,206.40325493935032,206.20262629023097,206.00647428711818
Major,Oklahoma,36.313119,-98.542015,3.847491790819059,3.863014589256255,3.878652574536979,3.8941874401673067,3.9096224771999104,3.9248721182653146,3.939956109679551,3.9550916609189852,3.9704060260202763,3.9857796300696657,4.001228928330518,4.0169426078227,4.0327637950355095,4.048761602075059,4.064929446836007,4.081339732477139,4.098117519,4.115398836581707,4.133374566277247,4.152065551420212,4.17151018762511,4.191697504716367,4.211963807071757,4.232230109427146,4.252476665466503,4.272784654489073,4.29290505350933
Malheur,Oregon,43.1877,-117.603976,43.7633084192184,44.19949177879207,44.65188698043286,45.11782687499097,45.59691815014939,46.08946808115581,46.59516939276253,47.11295276710766,47.64554680839053,48.19169783360062,48.750410270935504,49.322888639366056,49.9072401233666,50.503341812838066,51.11264404694947,51.73265175068973,52.364532569999994,53.00985975414833,53.67115296016564,54.34897757450764,55.04437833301642,55.757158579533446,56.47690782866765,57.201893048022164,57.9328394071815,58.67060727683912,59.41373402681613
Manatee,Florida,27.481386,-82.365784,761.7526578200396,776.2607194486164,791.1034941746921,806.2323931830533,821.6643516264477,837.4116940401211,853.4825333375628,869.9320195973534,886.8091406304517,904.1219650174861,921.8638871622281,940.0398280122032,958.6571468222708,977.7124299621651,997.220085611579,1017.2059154953804,1037.6782098585,1058.6878184920413,1080.2823992211452,1102.47525190399,1125.296522885781,1148.7733882100638,1172.6095270366154,1196.8026340566848,1221.3725260589586,1246.340527149383,1271.7221981620276
Manistee,Michigan,44.350385,-86.602967,37.8799434192444,38.06098947219284,38.238097958063086,38.4090651816438,38.574111139580445,38.73329549198027,38.886021637770824,39.03064892400287,39.167483108726024,39.29545403876659,39.41373393013656,39.52154720144171,39.61831962414985,39.703249515569844,39.77597518630151,39.83591867905596,39.882755592,39.91763811095482,39.94148723882602,39.95448195593533,39.9568310726581,39.948892549637804,39.938548978544205,39.926065101103184,39.91123210693939,39.89424762015806,39.87596552604416
Manitowoc,Wisconsin,44.105108,-87.313828,176.29122564852048,177.42795301810304,178.5630192994962,179.6840941072944,180.79156076954135,181.88372625404403,182.95691700038364,184.00714000810498,185.03570498135744,186.0333162150813,186.99575710079583,187.91890686203132,188.79950721041644,189.63330959346666,190.4158099066687,191.14573038987677,191.822272443,192.44716104223485,193.02537945214954,193.55769432883136,194.04503204838602,194.48704122677336,194.9155061476167,195.32576298638443,195.72167696751708,196.10510084322593,196.48002761396614
Marathon,Wisconsin,44.898036,-89.757823,287.16826320652905,289.0199266870086,290.8688843504027,292.6950507083464,294.49905018016733,296.2781249138358,298.0262908907978,299.7370437430593,301.41251690332234,303.0375682028974,304.6053290291828,306.1090868744091,307.54353417429337,308.9017502812901,310.17639826830214,311.36539673757176,312.4674448155,313.48535238906027,314.42723690950885,315.2943472155003,316.0881923204096,316.80819983985305,317.50614454306157,318.17442932821814,318.819350423541,319.4439258557791,320.05465999292653
Marengo,Alabama,32.247591,-87.791091,7.201757970382172,7.224032450482147,7.2465271382082985,7.268689918787747,7.290760148335906,7.312645275821481,7.334397959589862,7.355924052902324,7.3774150406511945,7.398748053363891,7.419931069577601,7.4409608978774475,7.461957216321136,7.482926407738413,7.503844536517737,7.52481053652014,7.545964829999999,7.567423903600147,7.589404773531887,7.61207179766113,7.635394657546598,7.659542498176507,7.683468535472805,7.707228619195752,7.730861046323815,7.754369008271863,7.777865800267859
Maricopa,Arizona,33.346541,-112.495534,1868.0753241626107,1915.3867816321156,1963.7323122420294,2012.990490737228,2063.2089732662275,2114.3942880685518,2166.5206485980843,2219.8289468932167,2274.460192927641,2330.4764049768232,2387.822419416797,2446.5354472128397,2506.5988413541713,2567.9864888826983,2630.7130783373486,2694.8167999193297,2760.2859027974996,2827.2591120617194,2895.790285688051,2965.965270026219,3037.746527698967,3111.2078278129034,3185.870650411008,3261.7434822046603,3338.784542460913,3417.1021999558475,3496.6546739565156
Maries,Missouri,38.162615,-91.923601,7.75416270075948,7.797342368518802,7.840635645627609,7.88353399499772,7.926045531582664,7.9681012782773974,8.009564633364082,8.050585723483115,8.091260575584656,8.13131328124852,8.170563959004681,8.209027486267956,8.246468529385833,8.282880325897027,8.318151971436565,8.352267236097378,8.385292392,8.41743166547506,8.449177363703672,8.480330670324241,8.51108499172934,8.541483607671157,8.57205263763721,8.602717694553423,8.633699234657502,8.665020250317788,8.696759186085124
Marin,California,38.051817,-122.745974,317.446581710419,321.1076545400815,324.76541283507765,328.3979378984209,332.00865118525036,335.6028987192216,339.17966475584,342.7681742244213,346.40329210923727,350.0769459145686,353.7794949777568,357.4995789985344,361.22777115518915,364.9547069962849,368.6727773481524,372.37906862789936,376.063744152,379.75518239602457,383.47384081049415,387.21727804460585,390.97936399123535,394.76087382381235,398.5531558940547,402.35182646256527,406.16008423349757,409.98249114703765,413.8255426219266
Marinette,Wisconsin,45.346899,-87.991198,96.97435592247383,97.59964742021684,98.22402518582881,98.84070651541407,99.44990227023358,100.05068114638456,100.64102239011578,101.21872952995832,101.78452300855399,102.3332894403234,102.86270935139547,103.37051598321436,103.85491701506155,104.31357540129416,104.74401352209543,105.14552850659528,105.51768106050001,105.86142005948408,106.17948669994063,106.47230270439165,106.74037765421791,106.98351825993015,107.21920843442015,107.44488269901235,107.66266723808856,107.87358121441031,108.07982109944642
Marion,Alabama,34.138219,-87.881551,12.05935151364127,12.09665015466946,12.134317533605946,12.17142913366616,12.208385756924342,12.245032426578444,12.281457319084806,12.317502785627559,12.353489467866092,12.389211620735628,12.424682604305314,12.459897074547492,12.495055432499274,12.530168366215976,12.565195795490178,12.600303385179222,12.635726272499998,12.671659514461968,12.708466504945767,12.7464224613757,12.785476615489033,12.825912200751562,12.865976376091963,12.905762661994235,12.945335186790244,12.98469929450765,13.024044698128264
Marion,Arkansas,36.266656,-92.678588,8.577570922106792,8.640440312408119,8.70294566635068,8.764676276247656,8.825797047458153,8.886096403295019,8.945459221149076,9.004349102878917,9.06295273379674,9.121484802011555,9.179587494008338,9.23754083775537,9.294962128362664,9.352081611048588,9.408905508656881,9.465377815593884,9.521632323,9.577902387515467,9.63421290051524,9.690669650342894,9.747418873826309,9.80410586887233,9.86062484713738,9.91667088927822,9.972231549607372,10.027365945140359,10.081654033924757
Marion,Florida,29.202805,-82.0431,651.9439657149161,664.3606512832192,677.0638001567962,690.0118277286823,703.21922790386,716.6965486027086,730.4507332404421,744.5289818636513,758.9732205587372,773.7903547987542,788.9747312019157,804.530561347942,820.464143635333,836.7725565177965,853.4681311972149,870.5729500104987,888.0941081414999,906.0751252473241,924.5567891495836,943.5504824961696,963.0820059556371,983.174618071844,1003.5747134497647,1024.2803190970976,1045.3083951592014,1066.6771918148625,1088.4000267621136
Marion,Georgia,32.359538,-84.529561,5.0839687354850085,5.161467694731662,5.238924440696528,5.316015145464535,5.3927912745436135,5.4691394881634885,5.545021042627177,5.620345150465631,5.695189877336952,5.76945749660248,5.843076881773728,5.915976328098072,5.98820556629104,6.059724696127383,6.130561474285537,6.200840227554324,6.2705534384999995,6.339871116777978,6.4089968113634495,6.477873852371276,6.546406247955201,6.614544845663834,6.682435946323088,6.749927466465707,6.816949436131471,6.883494337886635,6.949484684337236
Marion,Illinois,38.648396,-88.920221,69.1597278864065,69.42718412994594,69.68738567344907,69.93587145042781,70.17351071280822,70.40076815501602,70.61657224637524,70.82534578442122,71.03011201641847,71.22843813037294,71.41999063969664,71.60240233631446,71.77573882414534,71.93832720325622,72.09107499452584,72.23337536170395,72.36505882799999,72.4885308704418,72.60712635490893,72.72041338893503,72.82894413883783,72.93246165593483,73.03492951032875,73.1369490712766,73.23773855874424,73.33761505833998,73.43752982688842
Marion,Indiana,39.782976,-86.135794,1501.0521709195507,1508.39597524207,1515.643719022296,1522.7056170297433,1529.584082845876,1536.2824954847454,1542.7948209926897,1549.1326445607388,1555.33989337155,1561.4100507551689,1567.3267043576348,1573.0833375089942,1578.7033619494537,1584.1527461803619,1589.436558722794,1594.5456279671853,1599.4823674949998,1604.271637195324,1608.941675971293,1613.501896790621,1617.9392663133976,1622.2458197207893,1626.5504422630092,1630.835997511659,1635.1220354766012,1639.399143190124,1643.675044112915
Marion,Iowa,41.331455,-93.093849,26.60586180120556,26.68672877264528,26.76418552888724,26.835979533050796,26.901285154088068,26.960111366249585,27.011659461239013,27.05580379954908,27.09315463021517,27.123074781450327,27.145043746724372,27.159492290062293,27.165576831915157,27.163539677047016,27.152770576422476,27.13370926831706,27.106687799999996,27.071526686460896,27.029338734764284,26.980366249674223,26.924627179691747,26.861924091305397,26.797363333061323,26.73081926545223,26.662130351968745,26.592427348176454,26.520453859002494
Marion,Kansas,38.359647,-97.102771,13.416881467023606,13.472391553686652,13.527686200302668,13.58176165210708,13.635043892829252,13.686617302269301,13.73660428954486,13.785288843808832,13.832984332402349,13.879450833454857,13.924556145119315,13.967810630925204,14.00908698539018,14.048546788549528,14.085509445709205,14.120391147869173,14.1532653405,14.18428381090755,14.213593450032976,14.241502728852714,14.267776621860905,14.292498367257547,14.315878508724953,14.337711398945515,14.358168410683914,14.377631460387152,14.395723527972928
Marion,Kentucky,37.552247,-85.269242,9.824528719403432,9.877642256835644,9.92956004571442,9.979570330948425,10.027820208589866,10.074331031291482,10.119062466264769,10.16235852847053,10.204506292462279,10.245361034704775,10.28493461778287,10.323267374485074,10.360333207124707,10.396148723320566,10.430865764158801,10.464465349503643,10.497037634999998,10.528855460099537,10.56026046724611,10.591145893176005,10.621585285915327,10.6517992895424,10.682217329628983,10.712839406175087,10.74376041985955,10.775053918708473,10.806810058366764
Marion,Mississippi,31.230126,-89.821736,6.724615295839576,6.753568797841505,6.781737080869144,6.8087518563770235,6.834536687119861,6.859230549907268,6.882622663244667,6.904919176066314,6.926189576777012,6.94614896291706,6.964806599607105,6.982215761290825,6.998459834053987,7.013564296978354,7.027404070935278,7.040312700267818,7.052637626999999,7.064450655816787,7.076020475216758,7.087414257324557,7.0985764114163405,7.10963664918108,7.120562542696527,7.131222063993557,7.141925594613631,7.152453087941533,7.162887930063028
Marion,Missouri,39.807538,-91.635379,40.539895456298865,40.76564506774681,40.991988645471814,41.21626748328131,41.43852400733793,41.658397595259174,41.87517407330715,42.089638325490824,42.30229239473487,42.51169379150927,42.71690206920866,42.917995009131225,43.1137422525602,43.30410844436003,43.488513760307875,43.666873348078425,43.839533688,44.007562505165865,44.17353365344332,44.3364076918475,44.49719577725484,44.65612418253281,44.81594353722635,44.976264934844565,45.138240952806036,45.3019917985716,45.467927591713526
Marion,Ohio,40.588208,-83.172927,58.3139688088303,58.43502837793289,58.551251266463225,58.659109243224876,58.75945254575003,58.8522302616116,58.93714709873256,59.014493257947244,59.08435019913897,59.14557239269851,59.19732487482181,59.23887959780168,59.269880174648584,59.28980220736363,59.29873733831557,59.2962375381461,59.282725379999995,59.259081648865646,59.22730720312718,59.187722791075174,59.141107372843884,59.08762895944269,59.03285737039376,58.976721328299156,58.9198063260703,58.862534936851894,58.806541449553116
Marion,Oregon,44.900898,-122.57626,494.47784763954337,499.4062458024998,504.51782017084804,509.78243485636193,515.1956458570912,520.7609250495597,526.4748005572435,532.32519024984,538.3429243908803,544.5138377241469,550.8266813697036,557.295065083523,563.8976021062193,570.6329036871824,577.5173570836051,584.5227706581144,591.6623375414999,598.9538337415639,606.4257286458005,614.0844105070133,621.9416837053833,629.9953262399353,638.1277109340451,646.319256404119,654.5781562787535,662.9141318122145,671.310656872249
Marion,South Carolina,34.080701,-79.362131,16.309212481157907,16.474359844838816,16.63869112864648,16.801747773414053,16.963016814649762,17.12268867099071,17.280312555459293,17.436090544976505,17.590275235693586,17.742357549213416,17.89227919411649,18.039783688156923,18.184750562401042,18.327607287258658,18.467976911550213,18.605742852436673,18.740990604,18.874097117419733,19.00554815452519,19.13531651265391,19.26340219180592,19.38986348340072,19.51541931494569,19.63987926780373,19.763425988422686,19.88609056555961,20.007826366078895
Marion,Tennessee,35.133422,-85.618399,10.656803583510207,10.751590989058913,10.846973170212403,10.942468899435898,11.038207945952255,11.134139843952587,11.230178080621654,11.326728184780894,11.424002833767782,11.521809176098333,11.620046280154774,11.71891240447203,11.818173243508824,11.917991008793726,12.018309827466908,12.119376621521853,12.2211427275,12.323860474445793,12.427798412556552,12.53315299801688,12.640010743642023,12.74824908961038,12.857437274196077,12.96744733052656,13.078225188092306,13.18987718556205,13.302488033400717
Marion,Texas,32.797757,-94.357673,6.1841423674829565,6.286908766365383,6.390190814990377,6.493593218694471,6.5970773313513495,6.700635423735746,6.804171708663153,6.9085046558802,7.014212024975323,7.121219008089722,7.229446656708208,7.338844454822812,7.449385626188868,7.5611339369148025,7.674166403209485,7.788578812257433,7.904484341999998,8.022388704604415,8.1427827058749,8.265789185284392,8.391523253080557,8.520127623887015,8.650927646755777,8.783900410054812,8.919177034569836,9.056947990494843,9.197155308640355
Marion,West Virginia,39.505839,-80.243402,16.569663802267065,16.60756500356754,16.639786959575574,16.66528877967488,16.683705239087804,16.695684611794675,16.701190375317726,16.70080688930119,16.69465285179782,16.683011312010272,16.66574531064694,16.64290963142447,16.613773824787565,16.579579654980225,16.539724501119338,16.494874898424104,16.445268242999994,16.38998234228346,16.33068809963223,16.267467690621277,16.20041242144502,16.128645752637095,16.052861611275034,15.971863886212047,15.886857819214361,15.797441663026575,15.70429108348733
Mariposa,California,37.570034,-119.91286,19.610140764589715,19.83630213370028,20.06225874870379,20.28665659050522,20.509707018182823,20.731740280296364,20.952693629619475,21.174372424945528,21.398930437298446,21.625868991352984,21.854592538873035,22.084399301669105,22.31470694144748,22.54493697281431,22.774619341986202,23.003574063498085,23.231193479999998,23.45923066093001,23.68894935744348,23.920198756031446,24.15260017167871,24.386201490426448,24.6204682600221,24.855129676646676,25.09038333902176,25.326511059251672,25.56391408933654
Marlboro,South Carolina,34.601805,-79.677942,14.780085653583908,14.929749052934875,15.078672886813846,15.226441589860357,15.372590292349141,15.517291559557012,15.660136869604186,15.801309352988499,15.941037922832237,16.07886123115048,16.214726451838082,16.348401150032423,16.47977615178287,16.60923884852714,16.736447631451966,16.861296848347077,16.983863977499997,17.104490627724,17.223617016561946,17.341218491831427,17.45729505353244,17.571899527770135,17.685683436507944,17.798474214469064,17.910437383449604,18.021601117372317,18.131923155353082
Marquette,Michigan,46.656597,-87.584028,103.15398447254195,103.64700584609471,104.12930450739984,104.59487939306874,105.04432959403191,105.47781757562645,105.89371868448147,106.28756512382716,106.66018952851609,107.00867767656425,107.33077536141961,107.62437053370006,107.88789946453612,108.11917902596075,108.31722427186784,108.4804613193044,108.60800676299998,108.70299821477711,108.767943733277,108.80333071451092,108.80972778715864,108.78810974324271,108.75994231542555,108.72594644364044,108.68555349920756,108.63930164855608,108.58951617682294
Marquette,Wisconsin,43.826053,-89.409095,39.23860809407463,39.491618983305074,39.744260150286266,39.99378711832175,40.24028520793058,40.48337758682026,40.722246600016426,40.956003492112245,41.18493977488113,41.40698642573591,41.62120491896688,41.82667805899416,42.02268062140572,42.208266970448676,42.38243459002403,42.54489907840159,42.6954826845,42.83456935065501,42.96326824361441,43.08175000441632,43.190220824315155,43.28860249283508,43.383969503014875,43.4752837885393,43.56340566464221,43.64874751383241,43.732198091516764
Marshall,Alabama,34.309564,-86.321668,47.28805192923157,47.434310214499725,47.58201442306945,47.72753926898171,47.87245640799908,48.01615813322671,48.158990208932366,48.30033445051609,48.44144818258795,48.5815246218565,48.72061615684715,48.858701832149734,48.99656747564555,49.134254998154944,49.27160723410165,49.40927380120087,49.5481767375,49.689080915470186,49.83341130300286,49.982247103721676,50.13538924123003,50.293948352266824,50.45105106229693,50.60706409099831,50.76223890329297,50.91659645459107,51.07088066195358
Marshall,Illinois,41.031119,-89.342371,20.6608366614346,20.74073676993308,20.81846960309577,20.892702458078666,20.963695015950623,21.031586099924567,21.09605560000366,21.158424786532002,21.21959682700072,21.278844941059827,21.336069502638864,21.390563329959097,21.442346021591753,21.490917813970334,21.536549820663588,21.5790607548876,21.618399986999997,21.655286131279425,21.690715448430353,21.724558914525474,21.75698148420602,21.787906396401326,21.818517731456872,21.848995142942293,21.87910508121706,21.908942272708796,21.938790896700418
Marshall,Indiana,41.325003,-86.269036,70.9184569565703,71.26542109334977,71.60784676999718,71.94149200870068,72.26647084112183,72.5829429115869,72.89062314094188,73.19005888116247,73.48332550849001,73.77011513743811,74.04965235270784,74.32162926881284,74.58715199287077,74.84461267845288,75.0942507920486,75.33563301334375,75.56887337399999,75.7951464001319,76.01578626218028,76.23123768362541,76.44088489349463,76.64435158730461,76.84772705578531,77.05020167413927,77.25269909882557,77.45477460636391,77.65679309807146
Marshall,Iowa,42.041691,-92.981452,31.940657644899094,32.037739418413345,32.13072718749575,32.2169167544821,32.29531693935205,32.36593851580149,32.427822624897686,32.480818434898424,32.52565855712307,32.56157805916463,32.58795206666245,32.60529771701846,32.61260228282055,32.61015665385732,32.59722821880936,32.57434488877448,32.5419052905,32.499693950068426,32.44904680576808,32.390254747387516,32.32333932231849,32.248063509251786,32.17055754113931,32.090670586238836,32.008208718024655,31.924529422176775,31.83812438127297
Marshall,Kansas,39.782709,-96.521243,11.00316201970222,11.048685748802935,11.094032795881914,11.138379983337877,11.182076659713813,11.224371926417335,11.265366170960794,11.305292292372847,11.344407282685104,11.382514382373364,11.419505172924282,11.454978104288465,11.48882877345306,11.52118969193437,11.551502705163736,11.580109130683143,11.607069200999998,11.63250739662962,11.65654418258683,11.67943253540275,11.700979711053666,11.721253973047977,11.740427987906928,11.758333104609768,11.775109865673786,11.791071480137518,11.805908754462926
Marshall,Kentucky,36.882017,-88.332752,15.81451102081622,15.900007704378996,15.98357959549457,16.06408098437293,16.141748651037343,16.216616966781512,16.288621008050665,16.35831453457665,16.42615964930809,16.491923391254357,16.555624855578614,16.617328965835632,16.67699371266644,16.734645829299474,16.790529733823266,16.844614873976752,16.897046373,16.948263419645837,16.998815954613473,17.048532121434413,17.097530310120277,17.146165690705974,17.195129508098137,17.24442176229677,17.294195214607207,17.344568255041075,17.39568600683845
Marshall,Minnesota,48.362728,-96.357761,18.689371723152863,18.864850891424354,19.04249187847189,19.220854686965726,19.400179924054633,19.58044936192431,19.761269279785857,19.942621449824994,20.124170480258567,20.305161739574544,20.485402012941336,20.66381950487808,20.84015173485884,21.013520122234322,21.18367676873005,21.34984152389395,21.5116243125,21.669943816388944,21.824967731452347,21.976488260607173,22.124702264247883,22.269967007534767,22.41446982818388,22.558294574141016,22.701736535997846,22.8454774340092,22.989393319037845
Marshall,Mississippi,34.76619,-89.504231,10.077840535202041,10.121231682988837,10.163446062847648,10.20393173937864,10.242574159951646,10.279581602076046,10.31463817819595,10.348052833283605,10.379929706093693,10.409841827731999,10.437803083365807,10.46389331270705,10.488237482261352,10.510873776238766,10.531614744880853,10.550960254210118,10.569430997999998,10.58713458629701,10.604473688952615,10.62154897342967,10.638277128724436,10.65485254717899,10.671226630707816,10.687201515677001,10.703242355190822,10.719019376526099,10.73465754618846
Marshall,Oklahoma,34.027007,-96.770533,8.434433790339828,8.46846271691785,8.502744154965178,8.536799535125697,8.57063607201282,8.604066185677915,8.637133163801433,8.670313170868356,8.70388517193049,8.737587036033982,8.771454836245873,8.805902210401605,8.840585261928688,8.875655497708708,8.911098488514849,8.947072955842101,8.983853054999997,9.02173699000944,9.061143208448128,9.102117402867657,9.144743743757793,9.188998182407177,9.23342577177837,9.277853361149564,9.322237662840301,9.366756637314673,9.410864378824742
Marshall,South Dakota,45.737054,-97.580884,4.8259574198102975,4.845671528981942,4.8654484219407585,4.884616312164017,4.903081023970962,4.920710711408535,4.937310744736507,4.952962742878198,4.967578808531571,4.980832466003337,4.993031355850631,5.003579032095334,5.012751743400993,5.020260684346628,5.026507671170127,5.031448755220472,5.03487675,5.036948614976638,5.037745969073707,5.0374571636527214,5.036245436560324,5.034286582400594,5.03239679040675,5.0305823389575135,5.028736495614691,5.027160622556703,5.025603584634866
Marshall,Tennessee,35.468387,-86.765886,12.845279040124616,12.959531936335129,13.074501750948968,13.189608431803443,13.305008397459284,13.420640818476201,13.53640141581371,13.652778997474089,13.770029916098519,13.887921716325929,14.006332739275749,14.125501957749087,14.245146949344637,14.365463237263302,14.486383474624773,14.60820529119043,14.730870029999998,14.854681838254896,14.979964415476621,15.106954561986274,15.235756556824343,15.36622267135014,15.497833682841252,15.63043534521696,15.763962484076966,15.89854327574187,16.034279826772135
Marshall,West Virginia,39.854717,-80.671378,7.482207104700942,7.499321793389333,7.5138719587425795,7.525387575583503,7.533703722797304,7.539113135362749,7.541599321168362,7.541426153997819,7.538647233213439,7.533390372679183,7.525593726977003,7.515282034274121,7.502125452340935,7.486684712967769,7.468687696315198,7.448435383417736,7.426034972999998,7.401070039247119,7.374295096259309,7.345747251287397,7.315467734610079,7.283060735551844,7.248839604230805,7.212264223995993,7.173878834526248,7.133502022595291,7.0914388922655025
Martin,Florida,27.079954,-80.398211,306.75285451168185,312.5951568289896,318.5722459396825,324.66455544302545,330.87890501518706,337.2202576665727,343.6918804148235,350.31598183887604,357.112289012464,364.08405110067304,371.2286080727464,378.5479415623351,386.045015093638,393.71845401988827,401.5740604215956,409.622224486012,417.86628464099994,426.3267177676208,435.0227153629458,443.9596331935997,453.1496109972648,462.6035923904106,472.2022508926417,481.94465817107647,491.8387943179852,501.8932464125231,512.1142807016408
Martin,Indiana,38.705322,-86.801847,19.572378500568647,19.668135144221083,19.762639244271664,19.85472008157494,19.944409127075673,20.031750440096545,20.116665343275628,20.19930489714783,20.280241872907954,20.359391299005132,20.43653917301492,20.51160052338644,20.584880618283968,20.65593571738624,20.724831909677263,20.79144960556693,20.855820276,20.918268071707605,20.97916120274356,21.03862240579247,21.096481737752573,21.152635344506123,21.20876377450386,21.264643584037923,21.32052968776093,21.37629934898829,21.43205327474326
Martin,Kentucky,37.796774,-82.506623,5.883509576374915,5.915317107814098,5.946408554210828,5.976357674468412,6.005252558413499,6.03310599327899,6.059893825402737,6.085822071314812,6.111062648257551,6.135528887207956,6.159227892184306,6.182183816848748,6.204381032361072,6.225829484346863,6.246620104240083,6.26674152561149,6.286247738999999,6.305302136826009,6.324109314815933,6.342605336805269,6.360834247707341,6.378928182262129,6.3971443059313025,6.415482618714859,6.433999952759031,6.452740352977141,6.471757809908102
Martin,Minnesota,43.677118,-94.537198,39.148174738597895,39.515746706464846,39.88784698381439,40.26145924308224,40.63708747824117,41.01469350792958,41.39345261473754,41.77332661730343,42.15361297857429,42.53273099018104,42.91027592969094,43.284002733043515,43.65336158863209,44.01651215482884,44.37293516511635,44.7209964572193,45.05987895,45.391506984081765,45.71623182799105,46.03361821420594,46.34407850143142,46.64836104435433,46.95104760636346,47.252313821722076,47.55277822848763,47.85386880958302,48.15532593174949
Martin,North Carolina,35.841059,-77.112867,20.117753221907293,20.414340710279134,20.71341477434126,21.013635947377487,21.315412403133212,21.618800441435376,21.923675733499458,22.23030101185124,22.539567690417414,22.85150157328534,23.166109697933383,23.48352577645055,23.804115757712015,24.12811657015619,24.455943425006836,24.78716469025733,25.122129893999997,25.460949290062594,25.80419056836689,26.151727054302228,26.502974637164012,26.85772219260118,27.216314557053803,27.57813946990379,27.943363484805875,28.312178959502138,28.684149570333716
Martin,Texas,32.30983,-101.961836,4.415176151085476,4.488546349654062,4.5622846969990505,4.636108972002774,4.709991583215175,4.7839270123462505,4.857846872016222,4.932335509720831,5.007805417638352,5.0842031866047535,5.161472451229217,5.239577145544892,5.318498152618523,5.398280998342698,5.478980668535734,5.560665550577404,5.643416447999999,5.727594414635627,5.813549861899942,5.901370491187754,5.99113848560386,6.082955736431661,6.176340575785972,6.271276645878548,6.367857560557779,6.466219306256063,6.566320495798319
Mason,Illinois,40.236993,-89.913575,23.959953566206313,24.052612102785904,24.14275729408032,24.228843631609767,24.31117226224714,24.38990417645909,24.46466814916958,24.536996430819986,24.60793640644626,24.67664524360537,24.743007407962413,24.806202795140262,24.86625413320478,24.92258185647605,24.9755003698654,25.02479943876344,25.070420348999995,25.113196462990636,25.15428312408423,25.19353070584708,25.231130502833675,25.266993496785982,25.302492841684206,25.337836878132265,25.372754763345075,25.407356349641066,25.441971193975494
Mason,Kentucky,38.594068,-83.828052,8.611554756172964,8.658110692743051,8.703618512458208,8.74745433623812,8.789747099092718,8.83051551739441,8.869724237995312,8.907674802450913,8.944618841990271,8.980429501200387,9.015117178065939,9.048717225734803,9.081206768640707,9.11260036396219,9.143031105903052,9.17248235768782,9.201033143999997,9.228922618487042,9.256450243107501,9.283522435999332,9.3102036646675,9.336687331626896,9.363349843922652,9.390191201554765,9.41729458840061,9.444724471965156,9.472559876931905
Mason,Michigan,43.996636,-86.750814,42.044193668207356,42.2451426302684,42.441721157268745,42.631483295495485,42.814673226452925,42.99135716885413,43.16087293556868,43.32139951198795,43.473276269016296,43.61531540848852,43.74659814576121,43.866263637564835,43.97367452878636,44.067941005469315,44.14866161666589,44.21519486859351,44.26718069699999,44.30589795078096,44.33236888131896,44.34679214475314,44.34939950657912,44.340588279075135,44.329107609701715,44.31525134399795,44.29878771646822,44.27993607659945,44.25964417972205
Mason,Texas,30.703232,-99.237608,3.516640109535481,3.5750786801160537,3.6338104772201163,3.6926107147761282,3.7514574164921797,3.810346187109889,3.8692225568200183,3.9285519520905305,3.988662918485485,4.049512916182683,4.111057050757223,4.173266596056107,4.23612632564851,4.299672500416087,4.363948915969146,4.429010042116917,4.494920238,4.56196707909539,4.630429664310351,4.700377846858456,4.771877084694894,4.8450085331262205,4.919388548885084,4.995004103169855,5.071929758399511,5.150273826298472,5.230003342428869
Mason,Washington,47.354126,-123.17385,84.41286077029882,85.23218225111924,86.08809873604577,86.97764306258335,87.9026697072914,88.86550020008502,89.86605211978384,90.90580904763543,91.98718867159866,93.11019099167362,94.27430774391433,95.47958013891105,96.72463449032341,98.00944332442464,99.33226205956254,100.69379127577062,102.09423702599997,103.53991826741608,105.03598632379509,106.58301814340001,108.18553315429043,109.84545451734283,111.52659933435318,113.22915992140909,114.9548945970262,116.70418799337982,118.47771321677665
Mason,West Virginia,38.759288,-82.024172,7.177555191876683,7.19397302433357,7.207930752770178,7.21897748995449,7.22695502984019,7.232144188159495,7.234529144307773,7.234363027959136,7.231697256078639,7.226654438352181,7.219175247512389,7.209283414466214,7.196662527121015,7.181850486034279,7.164586251229581,7.145158548741453,7.1236702124999995,7.099721772238269,7.074037020618173,7.046651554000131,7.01760492389573,6.986517435793798,6.95368968118234,6.918603535259662,6.8817810779786175,6.843048282688256,6.802697830574272
Massac,Illinois,37.216119,-88.705658,20.90585149305672,20.986699129090077,21.065353788282422,21.140466963397675,21.212301415036983,21.280997612704095,21.34623165024918,21.409340466831534,21.47123794051678,21.531188672138185,21.589091854169514,21.644231918432816,21.696628695916843,21.745776496408077,21.791949648584442,21.834964715799853,21.874770467999998,21.912094041439623,21.947943511380995,21.982188323814732,22.014995389562948,22.04628703725298,22.077261389122757,22.10810022923597,22.13856723830982,22.16875826612335,22.198960862013656
Matagorda,Texas,28.783341,-95.997755,31.277571175243644,31.79733336124532,32.319703551811955,32.842682462930135,33.366074633872316,33.88984097249299,34.41349701541738,34.94118234162573,35.475819088995145,36.017028901402966,36.56441248050575,37.11771433120961,37.67679902715329,38.24198907853728,38.81367401066866,39.39233828692218,39.978554327999994,40.57487987713711,41.18379728557359,41.80592783919349,42.44185373173536,43.092296771743115,43.75384477337269,44.42638185633561,45.11057119095754,45.807376119395755,46.51650345055893
Mathews,Virginia,37.425348,-76.268808,11.738693056836054,11.883141098482797,12.027787387030623,12.171991553521279,12.315942404527215,12.45969343524397,12.603224191626193,12.74678641577049,12.890539019875346,13.034433228909549,13.17814492492371,13.3216630942011,13.464674632509066,13.607184260011913,13.748974849151317,13.890098321734705,14.03052321,14.170823800605092,14.311360399425759,14.452016575742313,14.592830090869251,14.733684514086889,14.875840129266379,15.019213546838213,15.16398727982245,15.31038002916551,15.458568014335015
Maui,Hawaii,20.855931,-156.60155,26.909316303805884,27.22825679653837,27.536084603073192,27.828725782788947,28.10394073482046,28.3571649393092,28.595949050600584,28.82321521458538,29.035806660520294,29.231505117072192,29.40768705179902,29.56170760272668,29.689748783618345,29.802859292075535,29.91259973446894,30.02069780289456,30.125255168999995,30.230025830425934,30.33974494328729,30.452087588590707,30.567565675105364,30.687224349901673,30.807032331422334,30.92402481471249,31.039929491868126,31.15500231727385,31.270075142679573
Maury,Tennessee,35.615696,-87.077763,45.65935835182613,46.06547751159794,46.4741450032654,46.88329899465839,47.293495485463254,47.704518253579735,48.11599663255029,48.529668121394685,48.94644394182107,49.365497816517816,49.786397301284445,50.2099918400862,50.63527754460051,51.06294941443531,51.49276806083677,51.92579142765244,52.361811015,52.801907933380605,53.24723279325626,53.69862731637429,54.15646216919229,54.62021224089535,55.088031921413595,55.55937293327858,56.03400360995434,56.51237956229492,56.99486373454002
Maverick,Texas,28.745217,-100.311368,49.31642744067389,50.135954442586566,50.959593575430766,51.78419249900628,52.60944302362877,53.43528351136135,54.260950092057726,55.092969782962,55.93595001985554,56.7892942355636,57.65237284258809,58.52478299298445,59.40631115532851,60.29746584259947,61.1988612328112,62.111261196109965,63.035568287999986,63.97581539063684,64.935916513012,65.91685125805087,66.91953759074187,67.94511361156228,68.98819920916493,70.04861167109404,71.1273966409216,72.22607305352065,73.34417862436455
Mayes,Oklahoma,36.303804,-95.235638,20.852291476208215,20.93642054915679,21.021173901445263,21.105368375086584,21.18902180663333,21.27167044571871,21.353421311658135,21.435451616921135,21.518451041540356,21.601771524105818,21.685502247380366,21.770665840377912,21.856412094092704,21.943115576128676,22.030740613380694,22.11967961000526,22.210610354999996,22.304270092537724,22.401693342667425,22.502993070222036,22.608377368314866,22.717786781770663,22.82762427248812,22.93746176320556,23.047192234607607,23.157255654990923,23.266302391877826
McClain,Oklahoma,35.016414,-97.449811,22.346011559162676,22.436167081816645,22.52699160304861,22.617217211267892,22.706863020719574,22.795432061031434,22.883039017673987,22.97094543082287,23.05989038462141,23.1491793948315,23.238908032678555,23.330172181547493,23.422060729089228,23.51497507445055,23.608876989141304,23.70418698655337,23.801631408,23.90200030894473,24.006402315602536,24.114958484858953,24.22789181623998,24.345138595595333,24.46284411683275,24.580549638070167,24.69814047383706,24.816088108845562,24.932946231884177
McCone,Montana,47.629628,-105.757222,0.7794334355932651,0.7855511030384312,0.7916502474057288,0.7977333945694124,0.8037778116611889,0.8097035126629889,0.815518917155662,0.8211305677917798,0.8265780366013347,0.831785547356682,0.8367775168422847,0.8415278443575099,0.8459977998304506,0.8502134839617397,0.8541513219249991,0.857776793438746,0.861100002,0.8641133699859963,0.8668261589356696,0.8692947800407105,0.8714990263070805,0.873436371860525,0.8751396530663564,0.876578559433517,0.8778347608962458,0.8788754210892303,0.8797603190365013
McCook,South Dakota,43.678924,-97.362036,5.796366155037015,5.820044398593446,5.843798050568845,5.866820240880241,5.888997856899176,5.91017254094582,5.930110526921361,5.948909845770462,5.966464925706569,5.982383642951034,5.997035498756812,6.009704113143692,6.020721283155138,6.029740130063893,6.0372432677513626,6.043177910324263,6.04729521,6.049783687825993,6.050741374746907,6.0503944960196465,6.048939113533534,6.046586370861685,6.0443165774507035,6.042137274142484,6.0399202666247795,6.038027515308645,6.036157386518201
McCormick,South Carolina,33.897605,-82.316192,5.803718808522646,5.862487364139917,5.920965513453693,5.978990075779154,6.036378510011243,6.09319857762078,6.149289863697257,6.204724278372976,6.259591709313297,6.31371099830033,6.367061402026677,6.419551649939822,6.471138872537808,6.521975187408188,6.571926454496487,6.620951187187922,6.669079808999999,6.716446459987193,6.76322400104444,6.809402751961624,6.854982712738743,6.8999846266831915,6.944664327919478,6.988954054976784,7.032918803551606,7.076569636741224,7.119889959899721
McCracken,Kentucky,37.053688,-88.712378,34.188952392423325,34.3737852993776,34.55445705096917,34.72849076900595,34.89639834164762,35.05825407523996,35.21391761335207,35.36458611377682,35.511258584051646,35.65343139227753,35.791145819757645,35.92454222292289,36.05352978290621,36.17816629353211,36.29898015548153,36.415905318669395,36.52925552099999,36.639980232446995,36.749268354542565,36.85674835555793,36.96267617957291,37.06781965882706,37.17367317649627,37.28023673258057,37.38784057750553,37.49674065535102,37.60725070402137
McCreary,Kentucky,36.731136,-84.491052,8.823990767372925,8.8716951791885,8.918325618450583,8.963242815782092,9.00657888685429,9.048353009748496,9.088528959200003,9.12741571540773,9.165271117020438,9.201965179264787,9.237508556630392,9.271937474381955,9.305228492642316,9.337396527696942,9.368577957012944,9.39875573340693,9.428010831,9.456588303053364,9.484794998868024,9.512535028037414,9.53987444839717,9.567011433454184,9.594331675732624,9.621835175232496,9.649607167870741,9.677713711482992,9.706235780190342
McCulloch,Texas,31.205477,-99.359856,7.098008881779778,7.215961666284135,7.334506301078336,7.453189076518347,7.571965635516063,7.690827106653866,7.809663547720522,7.929414378474808,8.050742737383878,8.173562761798616,8.297783836524752,8.423347980511405,8.55022446063325,8.678486466085658,8.80822239420849,8.939542187212979,9.072575747999998,9.207903520751024,9.346088840484978,9.487272699374758,9.631587218175648,9.779196201277287,9.92932530065592,10.081948218895029,10.23721545325782,10.395345620821379,10.556272185953548
McCurtain,Oklahoma,34.117073,-94.766086,17.313457547210746,17.383309109310918,17.45367900455742,17.523584868225306,17.593041509833043,17.6616638819005,17.729540841538476,17.797649816965762,17.866563442896393,17.93574364015942,18.00526445634718,18.075974970518406,18.147169262292874,18.219158331558376,18.291912559277975,18.365757754857942,18.44125668,18.519021461467418,18.59991105133127,18.6840192432085,18.771518814814545,18.86236040108786,18.953557415804372,19.044754430520882,19.135862588126596,19.227247190077012,19.31778764947484
McDonald,Missouri,36.630218,-94.343956,28.999253098478196,29.160737730976056,29.322647243168518,29.48307979261307,29.642065727859343,29.79934708623562,29.95441300049005,30.107824918790488,30.259941965640728,30.409732290353865,30.556523166746782,30.70037023382711,30.840393383656032,30.97656732577553,31.108477296674227,31.236062599252875,31.359571080000002,31.47976651074756,31.598490036838818,31.71499811880824,31.830014063754955,31.943699730610245,32.058022717007425,32.17270482790838,32.2885705322443,32.40570581757241,32.524404053205664
McDonough,Illinois,40.455789,-90.677579,47.48293800595281,47.66656522108799,47.845211582732226,48.01581426010282,48.178970054786134,48.33499801165533,48.48316245076752,48.626499928621705,48.76708611362821,48.90325071203914,49.0347647622396,49.16000301211084,49.279010503282024,49.390638674209626,49.49551060076367,49.59320964787447,49.683619457999995,49.7683915575427,49.849815562651415,49.92759494926748,50.00210881776965,50.07318075511042,50.14353202638467,50.213575513193014,50.282774469454665,50.351346596377205,50.41994499758343
McDowell,North Carolina,35.682232,-82.048029,39.49973560188149,40.08206342170766,40.66927345085594,41.25873574449339,41.85125172188611,42.446931923622515,43.0455322392365,43.64756852480736,44.25479100631855,44.86725034820638,45.48496036804444,46.10818359973022,46.7376385570885,47.37379043176223,48.017454460591054,48.66778316573038,49.32546281999999,49.99070989871891,50.664639019487105,51.34700146598058,52.03665037959448,52.73317123312214,53.4372410876677,54.14765781433205,54.86474842902258,55.58889061208312,56.31922767395331
McDowell,West Virginia,37.382663,-81.658205,5.121497547991627,5.13321238492753,5.143171830735,5.15105415777956,5.156746479171928,5.1604491691405885,5.162150938996612,5.162032407762857,5.160130263678347,5.156531994082281,5.151195266391172,5.144137013638415,5.135131462045433,5.124562427035807,5.11224364524221,5.098381135237596,5.083048273499999,5.065960020633968,5.047632834157998,5.0280921136221775,5.007366080748827,4.985183807003658,4.961759777476315,4.936724287604381,4.9104498641225085,4.8828123314524765,4.85402053033947
McDuffie,Georgia,33.482464,-82.473188,20.484081666408755,20.796336735797706,21.10842172146732,21.419031871598037,21.728374548532603,22.035993089134173,22.341731389167197,22.645223652139407,22.946784416435868,23.24601992659675,23.542643603204546,23.836366536927777,24.127389100367306,24.415550529459644,24.700962660075056,24.98412642371568,25.265011531499997,25.544302978133278,25.82282089333067,26.100336945523757,26.376464368994604,26.651005121056297,26.92454866994161,27.196482248278137,27.466523936476303,27.73464344565458,28.000528567341846
McHenry,Illinois,42.324298,-88.452245,504.9942952214639,506.9472218933361,508.84717579848615,510.66158287689524,512.3967902799641,514.0561911389449,515.6319612923622,517.1563953658966,518.6515686722817,520.0997171714333,521.4984057926888,522.8303495262583,524.0960274024363,525.2832241487155,526.3985663508354,527.4376229785726,528.399156537,529.3007314702454,530.1666984849406,530.993903964981,531.7863797486776,532.5422496340441,533.2904550347002,534.035387061678,534.7713372706359,535.5006209746632,536.230184113029
McHenry,North Dakota,48.233842,-100.633267,6.727923559394152,6.732171768397796,6.7365259177755945,6.739852445524084,6.742596301214717,6.744291347201208,6.744407881612779,6.743443824207962,6.741526303435743,6.738718883520617,6.734195229544169,6.728622765863579,6.7215247607951465,6.712731709740224,6.7020741081001605,6.689816806810345,6.675430103999999,6.658998751968449,6.640978294324563,6.62104031590846,6.599767488777994,6.576534764725648,6.551215015302434,6.523183192300835,6.4928630572174715,6.460646589436721,6.425982899012975
McIntosh,Georgia,31.482978,-81.370199,13.478206374910041,13.683665342286535,13.889012397227432,14.093389033377486,14.296931691925293,14.499339895646518,14.700510930387942,14.90020410776068,15.098626389118241,15.29551868950697,15.490692444138137,15.683957555175928,15.875445864667764,16.0650515923663,16.252848324530554,16.439165666279056,16.623983688,16.807753105529883,16.991013551434868,17.17361478710278,17.355302326721187,17.53594586128972,17.715933251715303,17.894861306620392,18.072544527310367,18.248962984173406,18.42391124890308
McIntosh,North Dakota,46.117034,-99.443041,2.992016886247203,2.9939061337933435,2.9958424947446254,2.9973218556660433,2.9985420928591866,2.999295907341437,2.9993477320870916,2.9989190001003116,2.9980662474672655,2.9968177422310376,2.994805999831531,2.9923278347211313,2.989171236576706,2.9852608239500302,2.980521215392878,2.975070194418102,2.9686721939999994,2.961364904862681,2.953350914648252,2.9444841718007773,2.9350238000485307,2.924691830301181,2.9134317264725595,2.900965519472338,2.8874816629210773,2.873154476417798,2.85773897025577
McIntosh,Oklahoma,35.369092,-95.671764,10.055398587853183,10.095967336006817,10.136837124341096,10.177437410037466,10.217776794243942,10.257631647112044,10.297053575529889,10.336610255266688,10.37663426404582,10.416813093489283,10.457189749337173,10.498257364075878,10.539605949649848,10.581416130167476,10.623670703332728,10.666558894402,10.710407546999999,10.755572175244817,10.802551645721527,10.85140043236758,10.902218881909851,10.954978323854956,11.007944193352497,11.060910062850041,11.113824325459474,11.166899142831916,11.219483694767307
McKean,Pennsylvania,41.81459,-78.572463,118.98914652790702,119.32593353775755,119.65473130254222,119.96959590075166,120.27191968879758,120.56336389191603,120.84200801850466,121.10984937982992,121.36763696761676,121.61283573295003,121.84306426624276,122.05624843656445,122.25002603924413,122.42151633687821,122.56992232545176,122.69323709124026,122.790029868,122.8628645120201,122.91354628540677,122.94163347509148,122.94727011794447,122.9301393328513,122.89736614365677,122.84844162008623,122.78305848348337,122.7014952051305,122.60595074791235
McKenzie,North Dakota,47.742475,-103.403215,13.613841409811258,13.622437590065203,13.63124813890404,13.637979312469476,13.643531458818037,13.64696135617622,13.647197161619593,13.645246407497126,13.641366336110682,13.635685568611189,13.626532030036534,13.615256242471508,13.60089354728411,13.583100954738534,13.561535475098951,13.536733029827582,13.507621775999999,13.474373208484103,13.437909112194905,13.39756494451927,13.354519732674062,13.307508702008453,13.25627461022058,13.199552682659615,13.138200393665098,13.073010907001112,13.002869506026252
McKinley,New Mexico,35.573732,-108.255307,29.84863463064997,30.128287085064756,30.39876826952167,30.65873179723934,30.9071639181706,31.143605276825344,31.366456048910393,31.579074281456958,31.78361419331525,31.978856116459774,32.16389717975479,32.33766027377519,32.500541394633146,32.6510515969469,32.78584867352972,32.90800555421207,33.0156372975,33.109979411263495,33.19331283310865,33.2640218988978,33.322043249253014,33.36796295842031,33.39178608452848,33.39314831115435,33.370798290583444,33.32643088617587,33.259048187728936
McLean,Illinois,40.494559,-88.844539,270.7569949826721,271.80407326078563,272.822749738583,273.79555955618684,274.72590579291136,275.61560770499386,276.4604703015812,277.27780862144954,278.07945853164813,278.85589569069975,279.6058145147163,280.3199474983951,280.9985514779108,281.6350771308091,282.23307735750655,282.79017642338727,283.30571083499996,283.7890979187495,284.2533935135148,284.6969067811464,285.121799426114,285.5270655067338,285.9282222085587,286.32762386319007,286.7222098395463,287.1132215124717,287.5043830064989
McLean,Kentucky,37.530575,-87.262931,4.798404770965047,4.82434598999922,4.849703192667054,4.874128750179061,4.897694505818404,4.9204108884487665,4.942258199105409,4.963404458369921,4.983989876520727,5.003943769037297,5.02327192973279,5.0419940575719435,5.060097406165809,5.077590086852809,5.094546260441368,5.110956656830432,5.126865308999999,5.142405474652712,5.1577440156075225,5.172828787546007,5.187695712109747,5.202452554223482,5.217309049923535,5.232265199209911,5.247367352587871,5.262651431698995,5.278161469523286
McLean,North Dakota,47.653055,-101.421794,11.193456645945712,11.20052452400429,11.207768658373547,11.21330310652914,11.217868144975952,11.220688245946956,11.220882127888707,11.219278195461452,11.216087956238006,11.211417164004784,11.203891019538421,11.194619937596253,11.182810764780184,11.168181490993112,11.150450106137935,11.130057250991376,11.106121643999995,11.078784290212349,11.048803091764382,11.015631654092973,10.980239386906899,10.941586377973104,10.899461119718758,10.852823699910815,10.802379143792018,10.74877959971191,10.69110853485492
McLennan,Texas,31.549493,-97.201472,217.91585655266823,221.53712309320744,225.17656001997895,228.82023800049646,232.4667952285111,236.11595934277312,239.7643550092234,243.44082333877148,247.16572333483492,250.93641892960375,254.7501281474557,258.60507091308006,262.5003036892902,266.4380734563965,270.4210940997088,274.4527409532862,278.53700216399994,282.6916979393327,286.9341232186425,291.26860660036294,295.69920432167714,300.230945338518,304.84005640465864,309.5257301635373,314.2925870292119,319.14733876105095,324.08794264968157
McLeod,Minnesota,44.821644,-94.27232,72.49545223386825,73.17613009987188,73.8651935891131,74.55705699977258,75.25265363898978,75.95191280167836,76.6533072579738,77.3567663027898,78.06098896253803,78.76304804664488,79.46219408119534,80.15426960711379,80.83825647115722,81.510746688165,82.1707786689632,82.81532623585727,83.44287630000001,84.0569923977419,84.65832501587714,85.24606811642165,85.82098531430769,86.38446242922711,86.9449840715384,87.50287548463852,88.05928209092598,88.61684826062907,89.17509319916081
McMinn,Tennessee,35.424471,-84.619963,19.992532157967077,20.170356609619265,20.349296880880235,20.528450172248338,20.708059935274566,20.88803149435577,21.068202548457936,21.249333883677952,21.43182449005776,21.615312571542383,21.79960877692548,21.98508504607665,22.171301813695464,22.35856339422068,22.546764968234502,22.73636976993815,22.927286505,23.119988551435892,23.314979718705544,23.51262856540702,23.71309739257431,23.91615627374258,24.120997085013357,24.327379756107174,24.53520284887777,24.744665858346117,24.955927704274675
McMullen,Texas,28.384922,-98.578853,0.6396213907147362,0.6502504453298997,0.6609328332265214,0.6716276693622845,0.6823309565961799,0.6930418955000063,0.7037505788742635,0.7145416604553134,0.7254748975012348,0.7365425526890761,0.747736460430776,0.7590513958920165,0.7704845896250985,0.7820426369126865,0.7937335034857903,0.8055670965439101,0.8175551219999999,0.8297498852992584,0.8422021501324954,0.8549246216979173,0.8679292057655281,0.8812306632060527,0.8947592153578828,0.9085124924874208,0.9225040563230886,0.9367536070598576,0.9512551489862147
McNairy,Tennessee,35.175626,-88.564671,11.37627527257249,11.477462050525649,11.579283759108087,11.681226681719753,11.783429348679759,11.88583788708623,11.98835994339309,12.091428424847573,12.195270367250453,12.299679899155265,12.404549274758256,12.510090137602516,12.616052363500753,12.722609115351865,12.829700748157341,12.93759085432994,13.046227485000001,13.15588000467691,13.266835094159953,13.379302472960012,13.493374494623163,13.608920324959131,13.725480120269738,13.842917274268082,13.96117406598786,14.080364013329465,14.200577545806757
McPherson,Kansas,38.395812,-97.647489,32.84961487755643,32.98552462477918,33.12090689305002,33.25330410997937,33.38375924531305,33.51003051350545,33.632417618506516,33.75161587348011,33.868392520538144,33.98216013993868,34.09259505141579,34.19849843916967,34.299558611092394,34.39617117639786,34.48666978112438,34.57207341870176,34.6525619115,34.72850689241701,34.80026800619273,34.86860050678104,34.93292896259804,34.993457172329684,35.05070062676989,35.104155823282746,35.154242347398174,35.20189527544002,35.24619151924245
McPherson,Nebraska,41.596473,-101.060237,0.3013058500142685,0.30224096957767005,0.30317210401045114,0.3040646000028694,0.30491949715421696,0.3057345429993607,0.3065080048728134,0.30724560057068273,0.3079546072880144,0.30863658442374686,0.3092814825180549,0.3098886085047435,0.31046038811549487,0.31099041048800646,0.3114790221553758,0.3119265696507003,0.3123437955,0.31273035317017767,0.31309646538760727,0.3134421321522888,0.31377722965749877,0.314095347040935,0.31440532089658163,0.31468445330655753,0.3149403679990059,0.315177223371096,0.3153879154943304
McPherson,South Dakota,45.784249,-99.211421,2.46462949742528,2.4746975462606158,2.484797658945745,2.494586752287872,2.5040167305123053,2.513020259534478,2.521497941420028,2.529491459173687,2.5369559234057446,2.5437246020972717,2.5499546081122575,2.5553413348776597,2.560025863332573,2.563860699767942,2.567051052822452,2.5695744778012437,2.571325163999999,2.5723832710432033,2.5727904819355882,2.5726429882265354,2.5720241559255106,2.5710237638119358,2.5700586419331337,2.569131996674086,2.5681893194901413,2.5673845168603098,2.566589333385417
Meade,Kansas,37.243886,-100.360094,4.547943822002504,4.566760173351996,4.58550349661122,4.603833547268695,4.621894721775635,4.639376650748397,4.65632082742009,4.67282351609152,4.688990939439444,4.70474177072697,4.720031197262343,4.734693246113134,4.748684764316912,4.762060522941377,4.774589819610454,4.786413731316707,4.797557153999999,4.8080715392693865,4.818006679004596,4.827467136153056,4.836373243707205,4.844753217065553,4.852678424589045,4.8600791576460605,4.8670135067629525,4.873610930827009,4.879743630680266
Meade,Kentucky,37.967476,-86.200863,9.991624670659036,10.045641565118874,10.098442373689236,10.149303235721616,10.198373749083382,10.245675629593974,10.291167858483321,10.335200301731529,10.378064916466823,10.419614517690679,10.459861169747233,10.498845891406573,10.536542141111584,10.572966808944063,10.608274318509025,10.642445366855846,10.675571643,10.707930626856742,10.739869771537357,10.771280497944565,10.802237605012047,10.832965489540836,10.863900880788865,10.895043778756131,10.926490698195764,10.958316438041443,10.990612687308653
Meade,South Dakota,44.606792,-102.715864,26.78432454251038,26.89373891404053,27.0035017389832,27.109884565824462,27.21236471444554,27.310210432680147,27.402341514949487,27.48921095068983,27.57033090512365,27.643889420505865,27.711593918557803,27.77013409186056,27.821043135429203,27.86271816356617,27.89738927811156,27.924812561676596,27.943838117999995,27.95533708061303,27.959762438951994,27.958159553254415,27.951434402392845,27.94056265592234,27.930074208205596,27.920003904583872,27.909759374255884,27.901013193601724,27.89237154897132
Meagher,Montana,46.585706,-110.921781,1.2122604097833305,1.2217752775133122,1.2312613361199718,1.2407225141201257,1.250123454862424,1.259339755314339,1.2683845105319254,1.2771123653929672,1.2855848666609253,1.2936841588312993,1.3014482175666506,1.308836448193207,1.3157886134531123,1.3223453080201395,1.3284698657373324,1.3341085968748636,1.3392772154999997,1.3439639360622908,1.3481831631233974,1.3520226335588923,1.3554509192342423,1.3584640916326307,1.3611132214726738,1.3633511665525717,1.365304948916064,1.3669234978445328,1.368299788235974
Mecklenburg,North Carolina,35.246862,-80.833832,976.4367767908321,990.8319693348449,1005.3478505027557,1019.9194078377287,1034.566452491234,1049.2917170358883,1064.0891670404967,1078.971554510603,1093.9821451793025,1109.1221914757114,1124.3920349714067,1139.7981655263525,1155.3583448625568,1171.0840725564476,1186.9955013310712,1203.071681463035,1219.329577674,1235.7745412520062,1252.4341256376047,1269.3021825424073,1286.3503615255183,1303.5684154396254,1320.973081292004,1338.5346423554504,1356.2611824906214,1374.1620379872898,1392.2160314076775
Mecklenburg,Virginia,36.687256,-78.368959,48.2708781215996,48.864865355056835,49.45966780294669,50.05265219325269,50.644594920672574,51.235715963704,51.82593121292142,52.416275861255116,53.00740337424237,53.59911318325291,54.19007247738898,54.78023596695989,55.368316130758544,55.954332378652374,56.537391856739006,57.11770807356031,57.69515162999999,58.27208405993034,58.84998698323286,59.42838162317727,60.007423258703135,60.58663311308016,61.17119362091575,61.76076187455172,62.356088388862545,62.95807248770645,63.56743880613463
Mecosta,Michigan,43.635295,-85.332751,64.8987157049739,65.2088971693379,65.51233250307686,65.80524617285803,66.08801509317654,66.36074147813277,66.62240318672289,66.87018933118652,67.1046237587881,67.32387300410203,67.52651884648559,67.71123250263382,67.87703016183058,68.02253832210202,68.14713731046459,68.24983692782084,68.330081385,68.38984469181561,68.43070477844229,68.45296828718119,68.45699296738363,68.4433921036519,68.4256707339986,68.4042824334942,68.37886945278736,68.34977037608559,68.31844814270055
Medina,Ohio,41.116051,-81.899566,174.783958631927,175.14680944023664,175.49516330734457,175.8184450961426,176.1192032162946,176.39728506841956,176.65180557610714,176.88363455582964,177.09301616659653,177.2765169223339,177.43163419319217,177.55618580802198,177.6491035711559,177.70881570896879,177.73559690034665,177.7281042707361,177.68760439499997,177.61673724243082,177.52149996870463,177.40285394992227,177.26313395661404,177.10284356673753,176.9386771525817,176.77042107501333,176.59983022691452,176.4281711831483,176.2603423838468
Medina,Texas,29.353661,-99.111085,38.72392246554848,39.36742609562524,40.01415862624534,40.66164479746336,41.309642614591894,41.95810367869346,42.606428188649986,43.259741246234,43.92166067202217,44.59171803344104,45.269418969914916,45.954447159816674,46.6466349353986,47.34638158789496,48.054169378147044,48.77059810727292,49.49637647399999,50.234671151666284,50.988555472801835,51.75879863480586,52.54612143614017,53.351417528614654,54.170462376400614,55.00311251121913,55.850188986473874,56.712884490267044,57.59083603056754
Meeker,Minnesota,45.123156,-94.527346,44.19440362452246,44.609355892857856,45.029420173141375,45.451191330938784,45.875238325421336,46.301518053621535,46.729099491440934,47.15793953591194,47.5872450924322,48.01523169814628,48.44144246159846,48.86334292829842,49.28031241551385,49.69027336021019,50.09263956202912,50.48556621396073,50.8681309125,51.24250604721007,51.609088165392166,51.96738589321649,52.31786474273231,52.661369532103045,53.00307261743135,53.34317227236785,53.68236676498638,54.02226814627227,54.36258331604637
Meigs,Ohio,39.089807,-82.028397,18.475430161872165,18.51378508197225,18.55060761187572,18.584779913260203,18.61657136419184,18.64596583424752,18.67286976697311,18.697375105780434,18.719507659346473,18.738904493150972,18.755301068254738,18.76846671960712,18.778288534246254,18.784600368813994,18.787431258071944,18.78663925429664,18.782358239999997,18.77486727150203,18.764800274431433,18.752258870453886,18.73748985504315,18.720546458595546,18.703193349400628,18.68540794486604,18.66737574485768,18.64923063188746,18.631490392537614
Meigs,Tennessee,35.503397,-84.823888,6.7355048889728435,6.795414131785037,6.855699295384591,6.916056225679912,6.976566941751881,7.037199547291268,7.097899362910817,7.158922698238275,7.220403973433973,7.282221299030492,7.34431088240937,7.40679803049973,7.469534653294428,7.532623274644562,7.5960285807791985,7.6599066357827885,7.724226682499999,7.789148202476986,7.854840929645012,7.921429031779294,7.988967188267081,8.057377936643107,8.126389019125003,8.1959195557858,8.26593537200846,8.336503677873145,8.407678013613213
Mellette,South Dakota,43.58493,-100.760598,2.064988050552341,2.0734235580227596,2.08188593016665,2.090087714977857,2.097988615446169,2.1055322157572958,2.1126352354234696,2.119332598520206,2.125586694504644,2.1312578270747244,2.1364776331304647,2.140990898273873,2.1449158270682305,2.148128842015562,2.1508018770260917,2.1529161268283925,2.1543829379999995,2.1552694722245977,2.1556106535777,2.155487076079726,2.154968587881704,2.1541304100693566,2.1533217833978298,2.152545394334469,2.151755572934372,2.1510812696302084,2.150415025728086
Menard,Illinois,40.022569,-89.794133,19.123641698709843,19.197597128088223,19.269546530427945,19.338256357828836,19.403966970727314,19.466806863696327,19.526479743367684,19.584208575735563,19.640829331374487,19.695669303402607,19.74863627806757,19.799075688897858,19.84700567630375,19.89196365982268,19.934200581797086,19.973548643431727,20.009960981999996,20.044102745879453,20.076896072593513,20.10822153777439,20.138231823208745,20.16685587895625,20.195189688139017,20.22339953785141,20.251269254870746,20.278886517846786,20.30651436272883
Menard,Texas,30.883707,-99.854936,1.7732246810493755,1.8026916473726384,1.8323064697438323,1.8619558024131506,1.8916285640922064,1.9213225385233197,1.9510102599417003,1.9809264142050096,2.011236666574662,2.0419195668424193,2.072952477519142,2.104320913777867,2.1360171978687816,2.1680596139177273,2.2004702453494214,2.233276557928656,2.2665110039999994,2.3003185901372247,2.3348400487028713,2.3701106023636003,2.406163257528401,2.443038935812253,2.4805441895807094,2.5186724492127968,2.557461311936979,2.596965392674599,2.6371680694930753
Mendocino,California,39.432388,-123.442881,106.40201400423214,107.62913549469954,108.85514601663142,110.0726988426157,111.2829407788825,112.4876637101666,113.6865271783683,114.88932682003718,116.10774871011776,117.3390871026607,118.58011063219452,119.82701154365803,121.07663014696911,122.32582765736754,123.57205362558102,124.81433147442908,126.04936413600001,127.28666353176028,128.53308660729456,129.787815068574,131.04879422110284,132.31628388816765,133.58738420297277,134.86062582003586,136.13708088372312,137.4182784690081,138.70639571584343
Menifee,Kentucky,37.950715,-83.597345,3.3021827928012986,3.320035110646028,3.337485518087678,3.354294782743463,3.370512345972491,3.3861453847462473,3.40118034256304,3.415732848407881,3.4298993926751615,3.4436313314470492,3.456932651929923,3.4698169106254735,3.482275335679666,3.494313509181432,3.505982467372432,3.5172758307224594,3.5282239019999997,3.538918386951787,3.549474117121559,3.5598552076518972,3.570086379222357,3.580241793871601,3.5904657884705773,3.6007583630192848,3.611151415168763,3.621669665598564,3.6323434170771773
Menominee,Michigan,45.544174,-87.509892,34.664863059430544,34.8305427322708,34.99261904113446,35.14907533061416,35.30011292502303,35.44578642078493,35.585549853660964,35.717901821994275,35.84312213245723,35.960231461696374,36.06847228433024,36.167134846848334,36.255693658670694,36.33341508035135,36.39996812107047,36.45482387797165,36.497685483,36.52960732959185,36.551432250040946,36.56332403361899,36.56547376780958,36.55820903115602,36.54874337616448,36.537319074465984,36.5237450385769,36.50820211915136,36.49147172750628
Menominee,Wisconsin,44.991304,-88.669251,9.947530788119776,10.011672553911145,10.075720589989961,10.138979133489979,10.201469814344863,10.263097100347583,10.32365370463385,10.382914315394643,10.440952834903321,10.497244737268487,10.55155209321982,10.603642380970408,10.6533317460841,10.700380456796093,10.744534361385819,10.785721360074389,10.8238963905,10.85915678736415,10.891783739804493,10.92182050768836,10.94931936335544,10.974260479366546,10.998437337721459,11.021586774227249,11.043926890715046,11.065562231864233,11.086718109483826
Merced,California,37.194806,-120.722802,347.0559951260438,351.05854972052515,355.0574806214679,359.02882469418154,362.9763225255445,366.9058187825545,370.8162029784821,374.7394259595812,378.71360469578866,382.72991373993796,386.7778132092099,390.84488318623426,394.92081757487176,398.9953784667649,403.0602469525534,407.1122376887237,411.140596488,415.17634879102826,419.2418601901866,423.3344616208794,427.44745119828247,431.58167639911034,435.7276786039388,439.8806651858295,444.04413320386936,448.2230701072299,452.4245771663132
Mercer,Illinois,41.204791,-90.741433,25.089830878909595,25.186858905522634,25.281255065259515,25.371400968240103,25.457611962492496,25.540056630295883,25.618346240747695,25.694085300481536,25.76837058597255,25.84031951940621,25.90981111820568,25.975986604407613,26.038869777863177,26.097853742367324,26.15326772919469,26.204891589721875,26.252663840999997,26.29745714423894,26.340481325206945,26.38157970155042,26.420952588683452,26.458506770522256,26.4956801547422,26.532690906645765,26.569255411339725,26.60548870143812,26.641735874783038
Mercer,Kentucky,37.812085,-84.879695,11.424676228226154,11.486440510852796,11.546814290131792,11.604969885499058,11.661078350937842,11.715164516865064,11.767181481382092,11.8175292900949,11.866541774164329,11.914050638542353,11.960069677905036,12.004645794151015,12.047748638992932,12.089397524977288,12.129769023957756,12.16884106445262,12.206718485999998,12.243718566149457,12.280238591571749,12.316154410182266,12.35155154897263,12.3866865889177,12.422058897291135,12.457668474092946,12.49362567673167,12.530016032198922,12.566944380032826
Mercer,Missouri,40.421414,-93.567631,4.457603311272672,4.482425827566372,4.50731365399503,4.531974449954548,4.556412880454565,4.580589292913144,4.604425159668014,4.6280067833975105,4.651389366715708,4.674414299294847,4.696978173421248,4.719089541612582,4.740613118589293,4.761545016843349,4.781821481243004,4.801433181768979,4.820418216,4.838893986678668,4.857143504389804,4.875052476397231,4.892732085430696,4.910207211541616,4.927780302854972,4.945408596782398,4.9632188260857815,4.981224208292432,4.999469838495534
Mercer,New Jersey,40.282503,-74.703724,1665.9563491293243,1677.6965893060358,1689.0485447983187,1699.9114994701424,1710.3508708498625,1720.398120739972,1730.05977170928,1739.4937082910303,1748.787409643375,1757.9239938235128,1766.8831257639781,1775.629123176577,1784.1230424887133,1792.3516467225065,1800.27369022225,1807.862699032187,1815.1225099575001,1822.1425205589312,1829.0295858608029,1835.7424602074068,1842.3131809220147,1848.696281863217,1855.0791909641607,1861.456153017072,1867.8177678492546,1874.1521413646449,1880.5026294617992
Mercer,North Dakota,47.303279,-101.820765,9.454422262116669,9.460392062668591,9.466510736052236,9.471185342968205,9.475041149309721,9.477423114617224,9.477586874732113,9.476232131963473,9.473537533709361,9.469592403668816,9.463235533754421,9.455404822806011,9.445430343080853,9.43307389804819,9.41809729117728,9.400872704547414,9.380655774,9.357565597800411,9.332242329125044,9.304224462195563,9.274330797586426,9.241682985590494,9.206102378809701,9.166710627536904,9.124103223098983,9.078830994973291,9.0301198044349
Mercer,Ohio,40.535333,-84.632059,36.38153437497723,36.457062296754664,36.529572659204646,36.59686423220723,36.65946747092839,36.71735061158574,36.770329424241396,36.818584962455,36.86216804827838,36.90036399660767,36.932651881411594,36.958577480601924,36.97791844770189,36.990347615752825,36.995922159563044,36.994362557847474,36.98593245,36.971181349456025,36.95135757286367,36.926661232052005,36.89757831289169,36.86421363586458,36.83004215876466,36.79501941229658,36.75951067995786,36.723779601142375,36.688845793264974
Mercer,Pennsylvania,41.300014,-80.252786,318.8419431025978,319.74439368541016,320.6254363793935,321.4691439211042,322.279247252706,323.0601977741594,323.8068493583424,324.5245539774621,325.21531862109634,325.8723504014435,326.4892681208717,327.06051396208926,327.5797581887352,328.0392816101262,328.4369485835065,328.7673814060331,329.02674621299997,329.22191308411544,329.35771937887455,329.43298148803893,329.4480853711431,329.4021819172117,329.3143632578685,329.1832656694266,329.00806577154583,328.7895097526592,328.53348992832184
Mercer,West Virginia,37.403448,-81.106456,16.439137870219955,16.47674050845454,16.508708639104952,16.534009571070552,16.552280956596732,16.564165962947914,16.569628355348655,16.569247890206313,16.563142330541144,16.551592495862973,16.534462505763813,16.511806712406862,16.482900420282903,16.448975611757596,16.409434413035846,16.364938108769813,16.315722225,16.260871833646007,16.202044675685173,16.13932227936229,16.07279523161601,16.001593897835267,15.926406738753823,15.846047065475329,15.761710625589998,15.672998836567755,15.580582041754635
Meriwether,Georgia,33.03022,-84.663279,17.888073557166365,18.160755620282103,18.433289154890097,18.704534764218643,18.974673530968953,19.24330666627093,19.51029784943939,19.775327642450826,20.038670721312712,20.29998323235644,20.559014915219652,20.815513474902904,21.069653890196125,21.321295771139948,21.570536780314804,21.817814364695558,22.063102074,22.30699809153328,22.55021860955189,22.79256423362081,23.033697213982684,23.273444606484674,23.512321174311143,23.7497918079068,23.98561031618348,24.219750248858976,24.451938964562913
Merrick,Nebraska,41.169801,-98.031051,7.179357921426243,7.2016394604161755,7.223826043801739,7.245091970675397,7.265462012064376,7.284882497409686,7.303312141665948,7.320887185482911,7.337781026051151,7.354030819911513,7.369397113800805,7.383863393700883,7.397487458675272,7.410116554056075,7.42175893685237,7.432422864073233,7.442364303,7.451574996623593,7.46029852671174,7.4685348932644375,7.476519421040337,7.484099355371542,7.491485249989474,7.498136270799698,7.504234072001872,7.509877737704899,7.514897999222733
Merrimack,New Hampshire,43.299485,-71.68013,165.23535546575417,167.02511763287006,168.82212065764276,170.61480457433942,172.41066430579787,174.21071611274172,176.01127605004748,177.82466627899063,179.63767541016233,181.44941421542933,183.2508633808684,185.0457068516031,186.83114991064303,188.59232974490345,190.33115184324132,192.03110196889577,193.69306934999997,195.32556517011545,196.92350812562336,198.48461162989528,200.018022029445,201.517895825111,203.02412125030037,204.53403062061335,206.05778654328742,207.5953890183226,209.15547626187086
Mesa,Colorado,39.019492,-108.461837,202.2165718299844,204.1196116908009,206.023447173801,207.91521572034915,209.8023873387251,211.68235415621584,213.56064132687447,215.44701732306677,217.35315127015298,219.27851275334396,221.2256212428879,223.19381372029855,225.1833995942027,227.19009134505532,229.21853010226084,231.2656217795497,233.3324272065,235.42358751251635,237.54904797489425,239.7067753369423,241.89482474443378,244.11469903927107,246.38907345368813,248.71370466937208,251.09305701079805,253.53380486406195,256.0293180443001
Metcalfe,Kentucky,36.990394,-85.629554,5.287466091713157,5.316051282535502,5.343992933081149,5.370907983661586,5.396875599945771,5.42190727372436,5.44598129828167,5.4692828191338165,5.491966337021831,5.5139539631423835,5.5352520818236135,5.555882399781207,5.575830871493252,5.595106435019142,5.613790809759098,5.631873780788091,5.649403868999999,5.666527913942084,5.683429784264834,5.7000520210149705,5.716434207026972,5.732695090804278,5.749065785025626,5.765546289691015,5.782187679425577,5.7990295370637925,5.81612038349954
Miami,Indiana,40.772881,-86.044259,51.46101177792012,51.712781575171334,51.96125810068014,52.203363221059185,52.43917968182963,52.66882332672111,52.8920872919307,53.109368755960006,53.322173687294224,53.53027867302625,53.733121043612115,53.930477386144716,54.12315033217929,54.309973169867455,54.49111966480365,54.66627538400744,54.835523073,54.999715010649304,55.15981931955303,55.31615870724372,55.46828634790707,55.61592918132322,55.76350581832244,55.91042876570446,56.0573682621907,56.204001600248645,56.35059356554599
Miami,Kansas,38.566772,-94.832963,31.756230153387676,31.887616205521987,32.01849233560514,32.146482770444265,32.272595765004155,32.39466415056741,32.51297765557218,32.628208449994986,32.741098238637505,32.851079153760956,32.95783828865212,33.0602167295584,33.1579131589041,33.251310018227585,33.33879641741271,33.42135743314922,33.499166902499994,33.57258408872834,33.64195666596005,33.70801474985928,33.77020206182476,33.82871561719445,33.88405374888196,33.93572971311119,33.984149129695574,34.03021595136214,34.07303781452138
Miami,Ohio,40.053326,-84.228414,95.4504401001978,95.64859483713677,95.8388327181547,96.01537860519538,96.17962419819439,96.33148616182629,96.47048115120326,96.59708417768056,96.71142857777899,96.81163930667509,96.89634966503091,96.96436795769206,97.01511083738005,97.04771995024247,97.06234529986513,97.0582535353838,97.03613634,96.99743541484463,96.94542583820922,96.8806326226444,96.80433079863002,96.71679537274026,96.6271432295831,96.53525769970302,96.44209713934295,96.34835323170454,96.25670104073576
Miami-Dade,Florida,25.610494,-80.499045,5213.398349031841,5312.690821155963,5414.274053531446,5517.815506656895,5623.431083898673,5731.2051337799385,5841.193180688245,5953.7726690941445,6069.278869206612,6187.767002001242,6309.191859096916,6433.587119220509,6561.003148756353,6691.416584984006,6824.926036788457,6961.708089926833,7101.819482434499,7245.60822782249,7393.40049394116,7545.2873043766585,7701.474979257585,7862.149510111633,8025.282891439456,8190.859345819451,8359.014498394981,8529.894290315833,8703.605219177798
Middlesex,Massachusetts,42.479477,-71.396507,2909.4563537146737,2923.02161888589,2936.0313238301155,2948.3074561098088,2959.9544915384386,2971.0186147030754,2981.5697750753984,2991.780604364359,3001.772617357298,3011.551194782806,3021.1279948861616,3030.5070532138093,3039.6740211561732,3048.6383149882877,3057.3914152232164,3065.848126991608,3073.9860305909992,3081.8696947644803,3089.587004745699,3097.109263315504,3104.3472400581004,3111.243092141138,3118.0510589905275,3124.764863089579,3131.3827108620967,3137.8185106506294,3144.1431087149535
Middlesex,New Jersey,40.439593,-74.407585,3617.236655477053,3642.7278558518396,3667.3759863622763,3690.962365348883,3713.629031756197,3735.4442975692746,3756.422325028921,3776.905923669898,3797.0850341335836,3816.9230012084813,3836.3756720262036,3855.3655707988196,3873.808140617998,3891.674640465637,3908.8755149954713,3925.3532821712975,3941.1162727229994,3956.3585926568962,3971.3122528002814,3985.887697806892,4000.154489271267,4014.0139080442714,4027.872910280782,4041.71899988597,4055.5317665716184,4069.285385075084,4083.073992644067
Middlesex,Virginia,37.606828,-76.527958,18.276718531528008,18.501618883451815,18.726827898596753,18.951348545764407,19.175474789927282,19.39928992116092,19.622762093259972,19.8462832595211,20.070100840462842,20.29413889513397,20.517892783665005,20.741345358099217,20.964009126523877,21.18589143806329,21.406654232999074,21.626378351698673,21.8450148,22.06345772136109,22.282268098937816,22.50126465433046,22.72050618053353,22.939811399147306,23.16114252636327,23.384369727651897,23.609777169153272,23.837705360293896,24.068428668381433
Midland,Michigan,43.648378,-84.37922,125.10121176232775,125.69912925016452,126.28404264220785,126.84867407802786,127.39375011221905,127.91946777653591,128.4238567534339,128.90149866966587,129.35340331297326,129.7760364262607,130.16666419393528,130.52272520318914,130.84232302338577,131.12281004032485,131.36299174899497,131.56095940427494,131.71564164599997,131.83084364992783,131.90960709376776,131.95252307278312,131.96028119811447,131.93406366028844,131.8999032798613,131.85867438524338,131.80968736529417,131.75359488770022,131.69321696944704
Midland,Texas,31.870896,-102.024326,139.30630246453413,141.62125677754958,143.9478268094045,146.27710800475725,148.60822980652145,150.94101810327967,153.27331515711057,155.62355812345257,158.00476183074832,160.4152411292091,162.85321759507252,165.31755328586124,167.80764502987967,170.3249292463204,172.87114083109162,175.4484375221147,178.05936880799996,180.71532655005046,183.42736682326432,186.1982567555235,189.03058936329273,191.92757948952703,194.8740296948026,197.8694238631325,200.91671567034578,204.0201957192258,207.17855817414278
Mifflin,Pennsylvania,40.61189,-77.620661,123.68883487819006,124.0389238910628,124.38070810940096,124.7080088459247,125.022273450643,125.32522876184251,125.61487843468315,125.89329866779863,126.16126803567653,126.41615136312797,126.65547318255136,126.87707744151945,127.07850863587898,127.25677224836988,127.4110397958836,127.53922509806223,127.639840878,127.71555225605833,127.76823579638685,127.79743233967238,127.80329161177787,127.78548421580473,127.75141659110953,127.70055970630966,127.63259414623064,127.5478093808744,127.44849122508266
Milam,Texas,30.791242,-96.984395,21.068328018788858,21.41843577380257,21.770300260352148,22.12257477631802,22.47512766087843,22.827932581869053,23.180663208538828,23.536107929005443,23.896235072553996,24.260789781450967,24.629503091446217,25.00220290303703,25.378797994082642,25.759505604938916,26.14458811681491,26.53437186046166,26.929242413999997,27.330922653325906,27.74108467087555,28.160146959975204,28.588501681786777,29.026635040916275,29.472248615589816,29.925264349748772,30.38612894975266,30.85549131536577,31.33315395535552
Millard,Utah,39.09454,-113.525014,7.341304852733939,7.447051219614921,7.554429902629493,7.662689420387857,7.771654221909601,7.881496778333373,7.992229409026215,8.104243253891843,8.218000289194475,8.333706864332136,8.451406097089484,8.571322815915112,8.693524777327768,8.81816597341553,8.945489711677554,9.075803976289993,9.209016372,9.345992334342554,9.48691665382335,9.631733893290674,9.780989184736315,9.934583973223903,10.090571798760179,10.248552281916142,10.408722532564525,10.57074684795333,10.734378840741636
Mille Lacs,Minnesota,45.929043,-93.632996,69.02161329365542,69.66967442021125,70.32571934749518,70.98443002949104,71.64669505110277,72.31244709529221,72.98023211403469,73.64998279029201,74.32046049056167,74.98887828946303,75.6545226263914,76.31343525950179,76.96464682344441,77.60491263697904,78.23331718838638,78.8469793084324,79.4444584125,80.02914727931346,80.60166522562405,81.1612448371965,81.70861313804316,82.24508954211232,82.7787520939856,83.30991045203858,83.8396551522898,84.37050385196713,84.90199879521103
Miller,Arkansas,33.305505,-93.901509,24.723014708596054,24.90422228767118,25.084380609755716,25.262305897732087,25.438473456049024,25.612273460130783,25.783374093664097,25.953111589910506,26.122024029377997,26.29073020465075,26.45819879475512,26.625236920453105,26.790741516703296,26.95537621613224,27.11915895475686,27.281928308424757,27.4440699015,27.60625633461757,27.768559351845212,27.931283865470782,28.094851371892197,28.258239518144286,28.421143391939193,28.58268412844717,28.742825855634365,28.90173896566165,29.05821277738603
Miller,Georgia,31.162908,-84.730386,9.753914814873532,9.902601458333208,10.051207112948145,10.19911049442989,10.34641034260286,10.492889207966098,10.638472758292238,10.782986812093268,10.926581143260153,11.069068257070132,11.210311692866993,11.35017388055829,11.488750231659749,11.625964195071552,11.761869023732698,11.896703246432509,12.030452440499998,12.1634427801866,12.296064787045053,12.42820973632488,12.559693461612003,12.690421660826926,12.820675021335683,12.950161761409948,13.078747639265966,13.206418232232757,13.333024875855582
Miller,Missouri,38.21672,-92.429871,27.173796759022963,27.32511619364083,27.476833762459915,27.6271673409605,27.776145367299815,27.923526117141414,28.068830881505257,28.212585766300094,28.355127289719814,28.495488554418603,28.633039181244552,28.767831306819247,28.89904022458303,29.02664223607154,29.150248686469325,29.269802699461902,29.385536520000002,29.49816584170722,29.609415912788798,29.718589998392634,29.826365874599365,29.93289521158085,30.040021749864167,30.147484806341364,30.256056950950512,30.365818758470425,30.477045131087653
Mills,Iowa,41.033703,-95.619101,12.059988380913929,12.096644015046353,12.13175385615133,12.164296867255464,12.193898803731066,12.220563733454515,12.243929615427287,12.26393949937994,12.28087000090687,12.29443230078452,12.304390462182385,12.310939743167092,12.313697763358169,12.312774355418087,12.307892903752467,12.299252734304318,12.2870043585,12.271066418811747,12.251943331911678,12.22974493046227,12.204479350216296,12.17605709789322,12.146792795157825,12.11662949174068,12.085493965866798,12.053898769961068,12.021274401329173
Mills,Texas,31.494889,-98.594623,3.9390798030035357,4.004538361718757,4.070325371068791,4.136189042344295,4.202104759330668,4.268067598784992,4.3340165476610775,4.400472942218141,4.467804794864462,4.53596445564178,4.604901637140266,4.6745841624508335,4.744994976053369,4.816174694701965,4.888172374995712,4.9610490299808045,5.03487675,5.109977655804354,5.186664373319296,5.265015146941235,5.345103297823658,5.4270197301304846,5.510334715086828,5.595033658794036,5.681200080551645,5.768955303131613,5.85826240221204
Milwaukee,Wisconsin,43.017655,-87.481575,2141.5554826032608,2155.364251142928,2169.1528410690203,2182.77146498077,2196.22477948131,2209.492217906805,2222.5291544772326,2235.28708290996,2247.781913265693,2259.900722918463,2271.592289233811,2282.806553728059,2293.503935274582,2303.6328231886578,2313.138502383478,2322.0054508486014,2330.2239673275,2337.8150065342716,2344.8391043096412,2351.305573859873,2357.2256686425394,2362.595120104767,2367.8000382563073,2372.783767759046,2377.593262694569,2382.251029978021,2386.8055758920323
Miner,South Dakota,44.017327,-97.60979,2.308111959485487,2.317540631807147,2.3269993317476665,2.336166763785255,2.3449978864916257,2.3534296418671743,2.3613689442934382,2.3688548296749348,2.3758452593452617,2.382184089686352,2.388018456030616,2.3930630959988926,2.3974501311141627,2.401041434329673,2.404029182406123,2.4063923560103095,2.408031864,2.40902277542234,2.4094041261818466,2.409265999135096,2.4086864660911216,2.4077496043827273,2.406845773055078,2.4059779748700585,2.40509516287561,2.4043414696422545,2.4035967846945563
Mineral,Colorado,37.651478,-106.9323,1.0278098292580686,1.037482444398936,1.0471591034630758,1.0567744296909292,1.0663663910287686,1.07592173239476,1.0854685365894001,1.095056454003968,1.1047447955131142,1.1145308651679908,1.1244274687256246,1.1344312362499558,1.1445437403778125,1.1547431888560087,1.1650531712369618,1.1754579611523939,1.1859629504999998,1.1965917288321979,1.2073948451898826,1.2183619651024715,1.2294832034241892,1.2407661986767713,1.2523262026734578,1.2641416478234673,1.2762352250296018,1.2886408583148616,1.3013248483186501
Mineral,Montana,47.155213,-115.06455,2.9975998278900273,3.0211275828506032,3.044584100457872,3.067979094896375,3.0912251385052354,3.1140146154406243,3.1363799063176825,3.1579615863083563,3.178911844303805,3.1989392547677693,3.218137721484155,3.2364068645460273,3.2535977331237462,3.2698107071242424,3.284955120825125,3.2988982137043217,3.3116788425,3.3232678646585327,3.3337008988565753,3.3431948952155635,3.351672140259162,3.3591229198028296,3.3656735182456106,3.3712073653730017,3.37603855315186,3.3800407971831388,3.383443999834331
Mineral,Nevada,38.516647,-118.416279,1.8692689055203946,1.921849000391148,1.9754161312769418,2.0298207720264907,2.0851045938622845,2.1413190730003397,2.198386586575234,2.256383940369595,2.3154091843186926,2.37552196546648,2.4366781613420887,2.4987944295005384,2.5617751712549426,2.62558443496237,2.6900588040640367,2.755152521923487,2.820801039,2.886951244911972,2.9537330558236348,3.021013287239581,3.0886783646514577,3.1566343235379657,3.2247994556197144,3.2931402605021534,3.361575846988685,3.430152788798563,3.49883186595768
Mineral,West Virginia,39.405626,-78.956581,7.609442467032587,7.626848191986879,7.641645783739156,7.653357224307051,7.661814788082721,7.667316188020094,7.669844651558383,7.669668539670144,7.6668423631779286,7.661496109427814,7.653566881316859,7.643079837686244,7.629699527320275,7.613996217285626,7.595693160329355,7.575096455685779,7.552315124999999,7.5269256611122035,7.49969540867829,7.470662105960026,7.4398676843593705,7.406909602417492,7.372106538789299,7.334909192109096,7.295871056882777,7.254807634941704,7.212029218660402
Mingo,West Virginia,37.721151,-82.158993,6.969975085658894,6.985918102483694,6.99947216328223,7.010199420808528,7.01794624444997,7.022985328543956,7.025301310029224,7.025139997885972,7.0225513220633,7.017654346285988,7.010391459074305,7.000785705020143,6.98852982289826,6.9741461567915675,6.957381216189244,6.9385153769593195,6.917648498999999,6.894392665014414,6.869450735055309,6.84285727601052,6.8146506955332065,6.784462280153074,6.752583928034105,6.718512498919964,6.682754973832302,6.6451423590972345,6.605958871348111
Minidoka,Idaho,42.856937,-113.64001,12.497430655376562,12.688599201474133,12.88343799608634,13.080359904720364,13.27948215890125,13.480380921576925,13.682641373504964,13.886110211921844,14.089407711955982,14.293210209328741,14.496661012126388,14.69943547920267,14.901831198274978,15.103613706293244,15.304151756584195,15.50376999029408,15.703009476,15.902528513804084,16.101903266654276,16.3023781922779,16.50345731114594,16.70663757965504,16.911873908757105,17.119436832740682,17.3302822394253,17.544193701380138,17.76169425156304
Minnehaha,South Dakota,43.667472,-96.795726,227.88640488958043,228.81732430596094,229.75120843385855,230.65633486003998,231.5282565172295,232.36074751124107,233.14461723637172,233.88371981759346,234.57390465878257,235.1997552600499,235.7757987078293,236.27387024270797,236.70701459536144,237.06159409281088,237.3565828887658,237.58990568516435,237.751778934,237.84961441406543,237.88726625033306,237.87362857735422,237.81640964507352,237.72391064573893,237.63467282907317,237.54899266622797,237.4618301476241,237.3874158885441,237.3138910429191
Missaukee,Michigan,44.325424,-85.085471,20.32805512594319,20.425212455454936,20.5202567121001,20.61200529543913,20.70057626541438,20.786001638281416,20.867961251484694,20.94557465799646,21.019005941126437,21.087680809290607,21.15115503694317,21.209012412761897,21.260944780287097,21.306521921084745,21.345549736605548,21.377718069373824,21.402852831,21.421572335419455,21.434370833577326,21.441344374240266,21.44260501430272,21.438344851298016,21.43279403299127,21.426094631516513,21.418134589979307,21.409019962226164,21.399208980914715
Mississippi,Arkansas,35.766943,-90.052209,23.841459633835044,24.016205846333243,24.189940215474916,24.36152117439625,24.531407079489526,24.699009850855223,24.864009503842123,25.0276946252889,25.190584109224545,25.35327468378242,25.514771802073597,25.675853805141575,25.835456960226917,25.99422123663205,26.152163930824614,26.309129374595887,26.465489442,26.621892750573203,26.778408486186017,26.935330688788213,27.093065825369166,27.250627997273803,27.40772316455232,27.563503800290725,27.71793531155374,27.87118201478389,28.02207639841591
Mississippi,Missouri,36.826264,-89.295929,18.65455309246239,18.758432445503598,18.86258511388826,18.965787686078983,19.06805968460029,19.16923516799364,19.268985507096072,19.367671868611446,19.46552526908006,19.561881942667807,19.656309140080847,19.74884265261417,19.838916327056307,19.926513894636816,20.01136854752041,20.093441240658017,20.172891407999998,20.250210366413775,20.326582482387686,20.401529454070676,20.47551656829745,20.548647945198848,20.62218929511545,20.695961661572355,20.770495406486056,20.845845843676067,20.92220169087953
Missoula,Montana,47.027263,-113.892681,66.07192855541226,66.59051817179834,67.10753760217278,67.6232009628099,68.1355812072409,68.6378979867792,69.13086502233914,69.60656001177118,70.06833744337287,70.50977382891483,70.93293895904873,71.33562029894004,71.71453473238259,72.07189479421098,72.40570206586496,72.71303029159553,72.9947359365,73.25017665175538,73.48013753036754,73.68940050246279,73.87625263784659,74.04047982024466,74.18486556122305,74.30684046549003,74.41332762591502,74.50154353093197,74.57655559903296
Mitchell,Georgia,31.22894,-84.192407,21.142884460982604,21.465182182792272,21.787304350701834,22.107904249861168,22.427195911737517,22.744707986133353,23.060279348236246,23.373532436918573,23.684791906653125,23.99365133813692,24.299814935072536,24.60298449631457,24.90336683878644,25.200796027979823,25.495387496596162,25.78765828694399,26.077577136,26.3658510690605,26.65332659260271,26.939768031527866,27.224776181076816,27.508146629174107,27.790487802350224,28.071167225595207,28.34989391230752,28.626636599463847,28.90107303743934
Mitchell,Iowa,43.348564,-92.784466,7.650788030605709,7.674042156398931,7.696315639888148,7.716960741025178,7.735740041146949,7.752656120891107,7.767479303507495,7.780173460069126,7.790914073935668,7.799517919834527,7.805835320782459,7.809990147386286,7.81173981970765,7.811154014962888,7.808057249792331,7.802575975440449,7.7948056755,7.784694737218138,7.77256315966249,7.758480620049391,7.7424522796541275,7.724421364448576,7.7058562572510985,7.686720829134711,7.666968628621857,7.6469248160554395,7.626228102165565
Mitchell,Kansas,39.393026,-98.207362,7.035449968500922,7.064557957449387,7.093552975460768,7.121908680669099,7.149848447427255,7.176892149252621,7.203103974177636,7.228632838437545,7.253643063395383,7.278008840507576,7.301660846699097,7.324342329840204,7.34598653437717,7.366678188512804,7.38606040678677,7.404351428509349,7.4215897664999995,7.43785501391894,7.453224196405092,7.467859067800193,7.481636387081966,7.49459980211247,7.506859716307487,7.518308293772532,7.52903539775301,7.53924129491012,7.5487282861039615
Mitchell,North Carolina,36.013102,-82.163554,15.331755683740674,15.557785243821947,15.78570982520864,16.01450861925415,16.244492695493516,16.475704960069503,16.708050661916847,16.941730029701773,17.17742241068471,17.4151474701811,17.654910571458785,17.896813616606828,18.141135495553204,18.3880567716487,18.637893877696204,18.89031786660119,19.145595113999995,19.403809644422193,19.66539409480732,19.930251926334158,20.197937987771528,20.46829138108407,20.74157490639621,21.017321959405376,21.29565947078394,21.576734036519657,21.860213134006113
Mitchell,Texas,32.303781,-100.92458,7.302415185070771,7.423764738027377,7.545723185198662,7.667823751148106,7.790020801405655,7.912305209077303,8.034563865869421,8.157763244665588,8.282585580793063,8.408942538956245,8.53674089445203,8.665920996508856,8.796451226958183,8.928406882675597,9.0618789066407,9.19698040714712,9.333845027999997,9.473069928836006,9.615234667424788,9.760484296189006,9.908954740657306,10.060814522408384,10.215266993979347,10.372285100648666,10.532023673654015,10.694707625740637,10.860268505203468
Mobile,Alabama,30.684573,-88.196568,183.816257443848,184.38478690364428,184.9589368996861,185.52461536283604,186.0879315716219,186.64652327167963,187.20173450428527,187.7511622865513,188.29969404129992,188.84419367222026,189.38486482192974,189.92162603338147,190.45753194583932,190.99274547339738,191.52665568820277,192.06178775871376,192.601725795,193.14944297927823,193.71047839074706,194.2890270673289,194.88431516707686,195.50065991348396,196.111343395122,196.71779111031404,197.32098054362464,197.9209931521008,198.5207206609123
Modoc,California,41.592919,-120.71837,9.616994368089015,9.727905994839956,9.838717208283413,9.948763984934425,10.058149977239424,10.167037142145961,10.275394707834005,10.384108038950169,10.494233364720746,10.605526130154924,10.717694272890624,10.830393634414296,10.943338630641755,11.056245566986536,11.16888392472663,11.281165437325615,11.392792104,11.504623646213036,11.617279819217359,11.730686662673588,11.844658465948527,11.959218712799572,12.074105302899936,12.189185431552625,12.304556002997922,12.420355220497743,12.536779861743359
Moffat,Colorado,40.573984,-108.204521,17.496825064782023,17.66148592929321,17.82621563515621,17.98990124718329,18.15318910917765,18.315853574486088,18.4783727080518,18.64159172869434,18.806520309573703,18.97311255645535,19.141586466953385,19.3118846732746,19.48403394705584,19.657663309901174,19.833174336362895,20.010299310072806,20.189130019499995,20.370068039196752,20.5539738860608,20.74067163219305,20.9299929987335,21.122068019346695,21.31885867255947,21.519997804495464,21.72587169162876,21.937057836410734,22.152982560909557
Mohave,Arizona,35.717705,-113.749689,88.96243480452077,91.21552513562101,93.51786062463688,95.86365869620711,98.25518885571539,100.69276199431022,103.17515009195517,105.71382503202834,108.3155020633364,110.98313465178965,113.71409576718371,116.5101574890647,119.37052704500414,122.29396087040816,125.28115847036075,128.33393855808046,131.4517415295,134.6411738215241,137.9048002861276,141.24670914191265,144.66511276477564,148.16352422469407,151.71915520048614,155.33240985064472,159.00129847181984,162.73098185707573,166.51947030306232
Moniteau,Missouri,38.633037,-92.583642,21.479983676692736,21.5995966632173,21.71952436160267,21.838358061614763,21.956120242672213,22.072619829716672,22.187478419201216,22.30111188037048,22.413786219678244,22.52473713689113,22.633466338229518,22.740015035960894,22.843731326945036,22.944596478333068,23.042303271403732,23.136806747319778,23.228290488,23.317320225479893,23.405259711156294,23.491558199272774,23.57675144930667,23.660959351490657,23.745639321465855,23.830585297894835,23.916407971650337,24.00317103441848,24.091091787246018
Monmouth,New Jersey,40.287056,-74.152446,2809.829343169598,2829.630625094915,2848.777019693575,2867.0986574762,2884.7058727206527,2901.651729419804,2917.9472286453465,2933.858661044435,2949.5335704021263,2964.9434833563923,2980.054102448426,2994.805245344848,3009.131229176433,3023.0097282388633,3036.371176931729,3049.170923846393,3061.4154402014997,3073.2555053914266,3084.8713428553783,3096.1933869929435,3107.2756724797896,3118.0415153750005,3128.807034709279,3139.5625236546603,3150.292127725471,3160.975786143917,3171.686623680663
Mono,California,37.915836,-118.875167,15.62562481542097,15.80583324655293,15.985878526849072,16.164681755620936,16.342411346634528,16.519330446399216,16.695389057078234,16.872025712922863,17.050956567751776,17.231784270335808,17.41403427980305,17.59714740982106,17.780659645378304,17.96411004150584,18.147124053005314,18.32955826502912,18.510928488,18.692631591305247,18.875674548920756,19.059937190607243,19.245117775033965,19.43125445844477,19.61792138207197,19.80490276577789,19.992356058890625,20.180505813098197,20.36967175140949
Monona,Iowa,42.049432,-95.956566,6.859023227605977,6.879870830273223,6.899839275353792,6.918347856125956,6.9351837239108365,6.950349192281029,6.963638353275443,6.975018816877728,6.984647906024446,6.992361357061246,6.998024982777528,7.001749834657927,7.003318436878367,7.002793255898958,7.000016968783133,6.995102940588124,6.988136773499999,6.979072196066831,6.968196091290589,6.955570925631375,6.9412013262343875,6.925036394502497,6.908392553243129,6.891237412439928,6.87352932778616,6.855559809428984,6.837004957204889
Monongalia,West Virginia,39.633645,-80.059074,28.017830056542515,28.08191762220755,28.13640208841616,28.1795234015702,28.21066399900368,28.230920054448756,28.240229811638837,28.239581370839538,28.22917543991729,28.209490629938255,28.18029535490271,28.14168224921053,28.092416187529697,28.034596882924646,27.967205356996452,27.89136866161061,27.807488212499997,27.71400466393295,27.613743365106462,27.506843267620386,27.39345876214121,27.272107698270535,27.143963445073755,27.00700348481971,26.86326577430622,26.712070994600673,26.554561636635185
Monroe,Alabama,31.580332,-87.383266,8.73206660378569,8.759074210067045,8.786348816109614,8.813220987729482,8.8399809420584,8.866516461805428,8.89289139473955,8.918991588788938,8.945049217659005,8.97091530322211,8.996599519382649,9.022097996578864,9.047555843376632,9.072980798899469,9.098343841434195,9.123764927395271,9.1494143175,9.175433250752498,9.202084857352231,9.229568419729663,9.25784717704811,9.28712621608069,9.316136320571166,9.344945207850296,9.373599312659152,9.402102504559494,9.43059215299369
Monroe,Arkansas,34.679513,-91.203314,3.9821576089626105,4.011344872260431,4.0403631308167975,4.069021712615709,4.097397175360557,4.125391294073404,4.152950622810371,4.180290389831943,4.207497264236301,4.234670915486356,4.261645227810593,4.288550204856285,4.315208174972157,4.341726030045967,4.368106659047655,4.394324061247767,4.4204403495,4.446563860177081,4.472706149158769,4.498916328934033,4.525262290296449,4.551579361959471,4.577818431434127,4.603837939193389,4.62963210729738,4.655228380960519,4.6804317547119
Monroe,Florida,25.601043,-81.206777,146.3504322880538,149.13776892443684,151.98941174473478,154.89602570556067,157.86086444429944,160.88629579129918,163.97387842624946,167.13420796408943,170.37669610458408,173.7028930100476,177.1115295915525,180.6035512777629,184.18037195298734,187.84133577932377,191.58921090376174,195.42895443875685,199.36215913349997,203.398594417521,207.54741646932442,211.81118050151596,216.1956783293358,220.70613110387532,225.28560868827515,229.93366817901705,234.65411684288378,239.45105153742014,244.32746186137493
Monroe,Georgia,33.017435,-83.922938,20.87993704660262,21.198226452859753,21.516342488525503,21.832955187419415,22.148275919166615,22.461839195603925,22.773485895777622,23.082843154169275,23.390231587625912,23.695249831353838,23.99760576778124,24.297004904396758,24.59365148600666,24.88738164177801,25.178309368811977,25.46694527912428,25.753258498499996,26.037947259183884,26.321847539917933,26.604726596620566,26.886190189316864,27.166036448140137,27.444866232811222,27.722054934213215,27.997315184653544,28.270616109917338,28.54163946809709
Monroe,Illinois,38.277983,-90.179078,52.746855375770686,52.9508393448877,53.149290287410984,53.33880582979083,53.520048934520375,53.69337401551102,53.857963835978815,54.01719158244544,54.17336303012293,54.32462271794554,54.470716301812146,54.609838355562154,54.742038914100725,54.86604208734671,54.98254002482125,55.09106990365177,55.191502467,55.285672328054474,55.376122927826685,55.462524869857724,55.545299281265905,55.62425019200607,55.70240054426396,55.78020899133669,55.857079283938006,55.93325325744275,56.00945641797548
Monroe,Indiana,39.160751,-86.523325,222.39291302364737,223.4809565091447,224.55476785518613,225.6010446600689,226.6201445152367,227.6125680487105,228.57742128188136,229.51642065367872,230.43607432837624,231.33541680907626,232.21201647396217,233.06490782613616,233.89755950260133,234.70492946400276,235.487768652372,236.2447182202231,236.976135759,237.6857044605718,238.37760814482886,239.05324141840123,239.7106732874935,240.3487237003416,240.98648804003483,241.6214274073235,242.25643829290084,242.89012609013685,243.523635091651
Monroe,Iowa,41.028847,-92.869642,5.898166953520269,5.916094089357509,5.933265225681026,5.949181004917284,5.963658395605066,5.976699387216774,5.988126916708407,5.997913131466301,6.006193315613965,6.012826216610675,6.017696445056969,6.020899495628266,6.0222483579185395,6.021796747682711,6.019409380797272,6.015183741410046,6.009193439999998,6.001398687119042,5.992046177345336,5.981189626433804,5.968833013329254,5.954932569638787,5.940620305160581,5.925868367280976,5.910640945496686,5.8951887133306835,5.879233144646336
Monroe,Kentucky,36.714077,-85.713508,5.723036330504441,5.753976308700629,5.784219733137454,5.813351988481958,5.841458761902957,5.868552491860435,5.894609683485527,5.91983073418916,5.944382872155627,5.968181792267225,5.991234404779505,6.013564204561334,6.035155989050503,6.056019432604784,6.0762429864952034,6.095815594312883,6.114789773999999,6.133324461434183,6.151618671975253,6.169610213323266,6.187341929062628,6.2049423499465535,6.222661627225927,6.240499760900746,6.258512033015409,6.276741287154317,6.2952400412596425
Monroe,Michigan,41.916097,-83.487106,244.4732837035496,245.64173642735653,246.78477649563888,247.88818148470813,248.9533712304318,249.980730773045,250.9664097101955,251.89981943541486,252.78293327990843,253.60884458445705,254.37221091579696,255.0680267508704,255.6925860774132,256.2407149172647,256.7100789639988,257.09694814033696,257.39922878999994,257.62435700253064,257.7782768365601,257.8621434127942,257.877304372056,257.8260699557569,257.7593136049755,257.67874393575556,257.5830133072738,257.4733971653094,257.355406398229
Monroe,Mississippi,33.89003,-88.485038,9.870761620095152,9.91326116895482,9.954608130049413,9.994261909117435,10.0321103073499,10.068357322581333,10.102693558096036,10.135421610681888,10.166643479256154,10.195940968258054,10.223327677543223,10.248881806281563,10.27272575317379,10.294896917822904,10.315211702177821,10.334159701041417,10.352250908999999,10.369590724934744,10.386573544659067,10.403297967126322,10.4196823932027,10.435917220867095,10.451954850624777,10.467601484532953,10.483312717755394,10.498765553720768,10.514082391129792
Monroe,Missouri,39.49827,-92.006458,12.98892720360905,13.061257071171271,13.133777244718427,13.205635878413178,13.276846565540149,13.34729376317992,13.416748651041063,13.485462704889406,13.553596778593162,13.620688700474625,13.686437152724304,13.750867056364033,13.813584206139293,13.874577274312886,13.933660485994748,13.9908066546156,14.046126791999999,14.099962995811346,14.153139925317719,14.20532454504547,14.25684082827849,14.307761272534842,14.358967175768612,14.410333932870603,14.462230828073503,14.514696375683787,14.56786197745296
Monroe,New York,43.464475,-77.664656,926.3298850042428,928.7985842824818,931.0513139714118,933.0548442704448,934.8285150199812,936.3899780444261,937.7494096687784,938.9614533822494,940.0789681999975,941.0797687689452,941.965880708287,942.7183017808212,943.3269521196058,943.781703628671,944.0821222467606,944.216343632881,944.1758312489997,944.006981420467,943.7567692209726,943.4112082322729,942.9626300388468,942.4038485154585,941.8207595617416,941.2257580380025,940.6204355021795,939.9935545906482,939.3774769814853
Monroe,Ohio,39.725969,-81.090658,11.928181751050294,11.952944609289178,11.976718119587655,11.998780578658673,12.019305903455969,12.038283679790695,12.055653505367543,12.071474741062937,12.085764049579033,12.098287111666785,12.108873134629112,12.117373195565511,12.123714395154062,12.127789467249643,12.129617157392182,12.129105820719824,12.126341895,12.12150554569975,12.115006050440734,12.106909018612686,12.097373787304955,12.08643472334074,12.075231138979824,12.063748454357821,12.052106432646474,12.0403915116132,12.028937986719969
Monroe,Pennsylvania,41.056233,-75.329037,432.2610886227619,433.4845608785097,434.679009984918,435.82284299794713,436.9211180385755,437.9798699683848,438.99212206878366,439.96513012710693,440.90161506360516,441.79236760973816,442.6287366344524,443.40318728167,444.10713818752316,444.7301242741254,445.26925020326127,445.7172253040029,446.0688519209999,446.33344397357166,446.5175595771937,446.61959408659015,446.6400707556554,446.5778384258218,446.45878072306283,446.2810488169517,446.04352643251383,445.7472251939451,445.4001334440324
Monroe,Tennessee,35.447666,-84.249786,18.571783226074984,18.73697076421602,18.903194827382,19.069616772598195,19.236462750779133,19.40364481434695,19.57101219602528,19.739271617422045,19.908793714758282,20.07924240264711,20.250441785932797,20.422737372956973,20.59572083567952,20.7696748627436,20.944502083616566,21.120632813233016,21.297982245,21.476990116806885,21.658124435407355,21.841727568158138,22.027950282335585,22.216578990964848,22.4068629986491,22.598579295458716,22.79163365184598,22.986211385921415,23.182460123976437
Monroe,West Virginia,37.550353,-80.547891,3.4811485448280606,3.4891112719738175,3.49588083692139,3.501238557210019,3.505107702151717,3.507624468717661,3.508781183839051,3.508700616616666,3.5074077045240992,3.5049619138445447,3.5013344705700016,3.496536884303671,3.4904156936695814,3.4832317830068837,3.4748585466804016,3.46543601819571,3.455014072499999,3.443398964606105,3.4309417374115636,3.417659655321172,3.403571901006926,3.3884943208176592,3.3725727030605457,3.355555754732431,3.337696687103669,3.318911096417475,3.2993409344466227
Monroe,Wisconsin,43.945175,-90.619969,102.07980960598945,102.73802111387387,103.39527078394994,104.04441882017878,104.68568718513156,105.31809554411899,105.93951675583416,106.54763871016087,107.14321977921722,107.72087737065266,108.27816989618444,108.81271125817271,109.32261477476253,109.80542036079034,110.25851995604496,110.68117368528928,111.0729191265,111.43475511124734,111.76956715295637,112.07779917676939,112.35998759223334,112.61592893365803,112.86402759756847,113.10158303934897,113.33083338159202,113.55285144339155,113.76994933486378
Montague,Texas,33.676289,-97.724747,17.704992636721617,17.999209397493946,18.294902446222274,18.590940067514207,18.887211618803445,19.18369497157674,19.480115890330477,19.778817626557995,20.081454286625398,20.387811698136503,20.697663834134456,21.010866068979013,21.32734174317783,21.647273416965284,21.970881585169913,22.298440483295348,22.630274135999997,22.96783038029425,23.31251437677006,23.664677810727433,24.024650238953118,24.392840248638382,24.7673163366973,25.148012907894145,25.535305356650287,25.929738992756754,26.33114785236409
Montcalm,Michigan,43.312782,-85.149468,109.70511782510042,110.22945014393873,110.74237876939044,111.23752152078177,111.71551553628491,112.176533599133,112.61884787699474,113.03770683095902,113.43399597509561,113.8046160101603,114.14716956879336,114.45941046896412,114.73967567205366,114.98564340336686,115.1962661645528,115.36987011804057,115.50551575499999,115.60653995162092,115.6756100490648,115.71324439703098,115.72004773683551,115.6970567678771,115.66710047483312,115.63094558330057,115.58798735196353,115.53879812528173,115.48585086327934
Monterey,California,36.240107,-121.315573,514.4056649911311,520.3382429807137,526.2654499393658,532.1517677593216,538.002740730573,543.8270318062345,549.6229950252141,555.4379878645334,561.3285072167491,567.2814720226594,573.2812600901492,579.3094626438522,585.3508040097773,591.3901095817209,597.4150490897508,603.4209012244204,609.3917261519999,615.3735097152686,621.3994021481411,627.4654473686955,633.5617118573617,639.689451742341,645.8346474778444,651.9901954423188,658.1612789693769,664.355290445676,670.5827553592493
Montezuma,Colorado,37.338025,-108.595786,35.00166945202901,35.33106665009018,35.66060156240707,35.98804780851243,36.31469837225149,36.64010185689723,36.965214611447614,37.29172746093097,37.621660214431,37.95492106244389,38.29194610011269,38.63262056555767,38.9769980143227,39.32433631958538,39.67543881450398,40.02976994363965,40.38751332599999,40.749472294743306,41.11736827806586,41.490849339536446,41.86957884430776,42.25381691930726,42.64748842082251,43.0498588728231,43.46170100529936,43.88417008784083,44.31611850164996
Montgomery,Alabama,32.203651,-86.203831,99.3051255023953,99.61226857092458,99.92244808500566,100.22805092753045,100.53237758279433,100.83415186353648,101.13409987630182,101.43092343060087,101.72726291386991,102.021424077504,102.31351693764631,102.60349748783955,102.89301597023145,103.18216039773655,103.47060072192532,103.75970114297314,104.05139794499999,104.34729736369634,104.65039183815662,104.96294770093037,105.28454689067351,105.61752174962139,105.94743815978893,106.2750662341783,106.6009340502768,106.9250856145417,107.24908315620615
Montgomery,Arkansas,34.545652,-93.664147,4.2676189861889195,4.298898541454219,4.329996976855813,4.360709952034648,4.391119512740951,4.421120392729147,4.450655314777383,4.479954935806104,4.509112137796697,4.538233735027758,4.567141703701626,4.595975366790386,4.624544316232191,4.652963106470752,4.681234833572115,4.7093316329418675,4.737320069999999,4.765316247223247,4.793332548875796,4.821421608080431,4.849656182389241,4.877859796037587,4.905979815902684,4.933864534748267,4.961507760442243,4.988938905612049,5.015948985799565
Montgomery,Georgia,32.172108,-82.533349,8.135114914708756,8.259124910057736,8.383067357804412,8.506424084561269,8.629277442884533,8.751446072088576,8.872867976428818,8.993397882294829,9.113160706485383,9.23200007167461,9.349802164779176,9.46645224740613,9.582029896182842,9.696471264745492,9.809820767955868,9.922277347382392,10.033828973999999,10.144747688837136,10.25535920088024,10.365572829786501,10.475234974158898,10.584266982679686,10.692902958682875,10.800899545738243,10.90814478138171,11.014626636588206,11.120221119868571
Montgomery,Illinois,39.228092,-89.478007,45.532182977114275,45.7082661832138,45.87957316564108,46.043166924760406,46.19961974358903,46.349237559589035,46.491314916965514,46.628763620504394,46.76357406334112,46.89414457288023,47.02025559400193,47.14034864528186,47.25446691789114,47.36150903696642,47.462072480374715,47.55575772978325,47.64245320799999,47.72374259129908,47.80182143087876,47.876405384862544,47.94785797894062,48.01601004769282,48.08347105770719,48.1506369280523,48.216992963939035,48.28274792269445,48.34852807629967
Montgomery,Indiana,40.040296,-86.892715,59.40367054463224,59.69429930555795,59.981126500543915,60.26059890715401,60.532812042120355,60.797899628868024,61.05562287556659,61.306440262530415,61.55209019428468,61.79231477565259,62.02646449285549,62.25428145071657,62.47669216153772,62.692349839395554,62.9014550694276,63.103644888051704,63.299014811999996,63.48854866361364,63.67336398865888,63.85383330239109,64.02944081445666,64.19987131963948,64.37022541143656,64.53982492104964,64.70944353400913,64.87870873505966,65.0479261777441
Montgomery,Iowa,41.021735,-95.15779,8.16687763903873,8.191700389217715,8.215476347135237,8.237514078955439,8.257560150762396,8.275617317272573,8.291440408719481,8.304990859072428,8.316455989051892,8.325640213787961,8.332383759724943,8.336818853253762,8.338686551025521,8.338061230385122,8.334755570612092,8.328904552813826,8.320610101499998,8.309817122341054,8.296867200180207,8.281834712362349,8.264725168320439,8.24547796429197,8.225660533952649,8.205234311271795,8.184149711352816,8.162753828471875,8.14066100232212
Montgomery,Kansas,37.189537,-95.742403,37.114709686046986,37.26826554447875,37.421225437684186,37.57081270949512,37.71820574569999,37.860871694086846,37.99914917126159,38.133823767749824,38.265762342062594,38.3943012056524,38.519074652584884,38.63872821643655,38.75290973593727,38.862066185006846,38.96431485531658,39.060807043326456,39.15174591899999,39.23755136692849,39.318629727038974,39.39583431317826,39.46851498146308,39.5369019911854,39.601577762907354,39.66197342073106,39.718563027904736,39.77240306823871,39.8224506025869
Montgomery,Kentucky,38.038138,-83.912338,14.254609183180062,14.331672698393477,14.407001277632107,14.479562220910958,14.549568952893594,14.617052454579566,14.681954206303056,14.744773346390145,14.805926397168111,14.865203376306678,14.922621495472256,14.978239274330665,15.032018847215788,15.0839843104606,15.134355973395254,15.183106297353461,15.230366090999999,15.276531222662445,15.32209738833359,15.366909683015695,15.411074819040538,15.454912933403465,15.49904708842876,15.543477284116415,15.58834121379777,15.633745589804603,15.679821220801681
Montgomery,Maryland,39.137382,-77.203063,5949.886062659767,6015.4869461284,6081.078162822011,6146.468525412397,6211.809480041562,6277.147212412387,6342.446277683123,6407.75178747054,6473.159335438742,6538.489549206772,6603.622131129915,6668.347634416039,6732.421167431262,6795.732099305896,6858.009760339335,6919.143519661887,6979.0098573705,7037.7645159516305,7095.625534886323,7152.5768028828725,7208.594690046785,7263.756530578232,7319.006446170984,7374.360548116749,7429.942356318576,7485.952724879693,7542.502284669793
Montgomery,Mississippi,33.500714,-89.639625,3.241641362801111,3.2555985730738626,3.269177263804018,3.282199899276907,3.2946296324574087,3.306533457954835,3.317809767278397,3.3285579357652377,3.338811460720012,3.348433003193638,3.3574270294933983,3.3658192208861997,3.3736497741376246,3.380930971592714,3.38760251810309,3.393825200731094,3.399766505999999,3.4054610477912823,3.411038349016274,3.416530790402808,3.4219115741071593,3.4272432284313505,3.4325101212998765,3.4376486078338933,3.442808309327524,3.4478831509826966,3.4529133295649967
Montgomery,Missouri,38.935162,-91.465437,17.627733901518823,17.725895330752536,17.824315030989684,17.921836932024416,18.018479481785548,18.11408587287815,18.20834556516713,18.301599845335595,18.394067013874547,18.485119841204224,18.574349398235846,18.661789506172248,18.746905175077746,18.829681031678323,18.90986495428015,18.987420047025594,19.062496967999998,19.135559990078583,19.207728287609548,19.278549886336897,19.348464461897425,19.41757040324482,19.487063751097363,19.55677539944091,19.627206517008304,19.6984093729312,19.770562297188153
Montgomery,New York,42.900891,-74.435358,72.07422705396532,72.26630721373145,72.44158359606516,72.59747071578316,72.73547333276716,72.85696486875457,72.96273710512958,73.05704164524882,73.14399124928774,73.22185975877856,73.29080477949442,73.34934781918247,73.39670460149534,73.43208709756729,73.45546153473265,73.46590479346297,73.46275267799999,73.44961511105251,73.43014704555019,73.40326025115466,73.36835807743896,73.3248813991603,73.27951345160383,73.23321863200053,73.18612077345783,73.13734553918664,73.08941086903889
Montgomery,North Carolina,35.338071,-79.904196,22.392191760536925,22.722310329948858,23.055196598072953,23.389359663055785,23.72525384525197,24.062941809538025,24.402285170978338,24.743576365663255,25.087807587470717,25.435007557802454,25.78518410976803,26.138486072449144,26.495320767543046,26.85595190973835,27.22084165249927,27.589509565105946,27.962344691999995,28.3394697518979,28.721516615637732,29.10834428724735,29.49930261863305,29.89415661650795,30.293290103240622,30.696021598299122,31.102536485276417,31.513048869167225,31.92707309717865
Montgomery,Ohio,39.755218,-84.290546,496.10866856274123,497.1385882007127,498.12735956481447,499.044966072108,499.89864115599977,500.68795167676495,501.41038542399883,502.06841129413334,502.66272231072884,503.1835728299737,503.62385936037924,503.9773880038783,504.24112678239663,504.4106143567672,504.4866303784948,504.465363218,504.35040793499996,504.1492578467361,503.87893534439854,503.54216920825485,503.1455864760963,502.69061650901523,502.2246447929207,501.74706493219753,501.2628580336828,500.77561915709344,500.29925208760034
Montgomery,Pennsylvania,40.209999,-75.370201,2366.768855286924,2373.467760431122,2380.0077544733326,2386.270609081671,2392.2840190996308,2398.0810273404873,2403.6234340201077,2408.950966913989,2414.0785239379425,2418.955681376915,2423.5350714985834,2427.7754385360863,2431.629796754941,2435.0408464789516,2437.992734797703,2440.4455429367786,2442.3708120569995,2443.819538870182,2444.827631173409,2445.3863030163297,2445.4984193827554,2445.157677308304,2444.505797992102,2443.5326584913555,2442.232146840603,2440.6098020085437,2438.7093627480076
Montgomery,Tennessee,36.500354,-87.380887,74.40974765064921,75.07158840543731,75.73758210367734,76.40436863657638,77.07285410088758,77.74268612565135,78.41326064636563,79.08740921538399,79.76661682460742,80.4495369135833,81.13546474039258,81.8257846195192,82.5188605429366,83.21582513158626,83.91628826047727,84.621974030376,85.332542655,86.04975598914707,86.77548914970919,87.5111138664931,88.25723420400101,89.01299440418822,89.77538672922137,90.54351766702446,91.31700967728364,92.09660525594947,92.88289588284688
Montgomery,Texas,30.302364,-95.503523,445.2437716789565,452.64271179405904,460.0787774833486,467.52350845654894,474.9741222830466,482.4300624767187,489.88443258454475,497.3961605120192,505.00684359681503,512.7110958482448,520.5032331580546,528.3796184919427,536.3383240229839,544.3839407616906,552.5220136947856,560.7594392752898,569.10436605,577.5932041109452,586.2612903269178,595.1174688523685,604.1700273556244,613.4292409554516,622.8465363631389,632.4202639948221,642.1598642400835,652.0790505069468,662.1736491494918
Montgomery,Virginia,37.174885,-80.387314,142.3671365612862,144.11900569795776,145.87327917755772,147.62219059078575,149.36802978804982,151.11144556029885,152.8521898404053,154.5933157622464,156.33675061658212,158.0819028587238,159.82484157880447,161.56543320221706,163.2998803937017,165.02824039951858,166.7478798916986,168.45942857910396,170.16250482,171.86407357604412,173.56850464509822,175.2743859527439,176.9821754690629,178.690461119637,180.414527655939,182.15336372737218,183.90918285599744,185.6846374518707,187.48186470870604
Montmorency,Michigan,45.024134,-84.130107,16.228943987019875,16.30650973784088,16.382388512658537,16.45563618001641,16.526346993308625,16.594546512777665,16.659979135998768,16.72194195630388,16.780565969935683,16.835392690044777,16.886067468266823,16.932258021449645,16.973718332259416,17.01010493493788,17.04126287051503,17.06694452414189,17.087010911999997,17.101955666272158,17.112173373201582,17.117740713515694,17.118747148063143,17.115346038298803,17.11091453125968,17.10556605052177,17.099211135236395,17.091934453706763,17.0841018369033
Montour,Pennsylvania,41.029261,-76.665259,53.997098310998965,54.149931756833475,54.29913969509992,54.44202478302833,54.57921886989441,54.71147581724773,54.83792410884599,54.95947012158119,55.076453746787855,55.1877245830261,55.292201950155466,55.38894461063424,55.476880599484346,55.55470264234235,55.62204905996766,55.67800911788705,55.721933536499996,55.754985789989995,55.77798510362483,55.79073102866875,55.79328892883998,55.785515003958466,55.77064257928329,55.74844070301016,55.71876993254037,55.68175663772903,55.638398704673584
Montrose,Colorado,38.413427,-108.263042,56.01363086394851,56.540769521866096,57.06812856571397,57.59214508961917,58.11488827259386,58.63563573853315,59.1559179452863,59.6784407423307,60.20643645664383,60.73975816427222,61.27910375399507,61.8242895708705,62.37540132053803,62.93125136770672,63.493125296969886,64.06016605193196,64.63266748049999,65.21191516726734,65.80066393636254,66.39835057929712,67.00443637490812,67.61933760773056,68.24933527677757,68.89325399042094,69.55233035860283,70.22841317440515,70.91966588840873
Moody,South Dakota,44.012429,-96.676054,5.930971237665238,5.955199345023429,5.979504611959192,6.00306143099249,6.0257540627569615,6.0474204721397,6.067821464450228,6.087057347139389,6.105020096798584,6.121308483624424,6.136300589547024,6.149263398579432,6.160536412862972,6.169764698340805,6.177442076309404,6.183514535064466,6.187727447999999,6.190273714059936,6.191253640695124,6.190898706638285,6.189409526791111,6.187002147970805,6.184679644685832,6.1824497328939465,6.180181241313275,6.178244535916171,6.176330978392341
Moore,North Carolina,35.310163,-79.480664,103.03755792824501,104.55659686747546,106.08837135843008,107.6260210237178,109.17163641616877,110.7255058878976,112.28699266131798,113.85744237963101,115.44142061798311,117.03905953776,118.65039518297607,120.27611238990319,121.91808544728578,123.577527836939,125.25656615570733,126.95298970404623,128.66858866799998,130.4039277371261,132.16191446191254,133.9419000501017,135.7408928485056,137.55781153669474,139.3944222713705,141.24758922328766,143.11816543411823,145.00713610692014,146.91226651280599
Moore,Tennessee,35.288889,-86.358684,1.3380828609663007,1.3499844974942032,1.361960814862063,1.3739513894811877,1.385972515353022,1.3980178559214491,1.410076548518838,1.4221995118997055,1.434413450121976,1.446694148489057,1.4590289338887132,1.471442699934264,1.4839060269008775,1.4964392822903605,1.5090354506298684,1.5217255357832622,1.5345034274999998,1.5474008085606696,1.5604513984960406,1.5736798646138557,1.587097069581745,1.6006876246205666,1.6143974426977443,1.6282104561174089,1.6421198757122917,1.6561390535113545,1.6702786258766513
Moore,Texas,35.835676,-101.890502,18.263703199050337,18.567204460258814,18.87222859615117,19.177608178168878,19.483229072234995,19.78906845153414,20.094843426604136,20.402971194146122,20.7151580586105,21.031183089034013,21.350813125802347,21.673898979372044,22.00036157113264,22.330389222311116,22.664209385817962,23.002104951115324,23.344410167999996,23.692618562393204,24.04817963707221,24.41145617535304,24.78278813373633,25.162596993063378,25.54889029844799,25.941600384687423,26.34111449239989,26.74799513953607,27.162071124980542
Mora,New Mexico,35.982841,-104.921898,1.8396276114291803,1.8568631192877916,1.8735333844927557,1.8895554266890466,1.9048667665505283,1.919439093132544,1.933173806248534,1.9462778686663267,1.958884048953964,1.9709171766721882,1.9823216061711566,1.9930309531668498,2.0030696236460397,2.0123458510984626,2.020653648995759,2.028182407795284,2.034815955,2.040630437288637,2.0457664331450034,2.0501243661430686,2.053700331324949,2.056530449551067,2.0579987137152895,2.058082670309786,2.0567051964163565,2.053970749658386,2.049817826949208
Morehouse,Louisiana,32.820008,-91.800399,4.4711413556689905,4.4886512443200814,4.505705764994043,4.522035656626134,4.537576573741324,4.55232950627,4.566231098667518,4.579540712694765,4.592283096611367,4.604445381322319,4.615896896016792,4.626658429232871,4.6367200816667085,4.646152138375641,4.655027854208166,4.663519477051283,4.671639876,4.679741466271402,4.68796976763209,4.6965425647667844,4.705331166725422,4.7144424859895935,4.723167732403588,4.731490077150858,4.739415459813717,4.747020105031813,4.754272335032826
Morgan,Alabama,34.454484,-86.846402,54.135696048942165,54.30313356757296,54.47222638941825,54.63882426149098,54.804726426415606,54.96923717704398,55.13275234675349,55.29456423344521,55.456112231218654,55.616472728859975,55.77570570112333,55.933787158107016,56.09161672112329,56.249242369975455,56.40648418040108,56.5640858393516,56.723102902499996,56.884411001256865,57.04964144893501,57.220029725469914,57.39534792679579,57.57686751770057,57.756719810440046,57.93532462829324,58.112969850080056,58.289679465702164,58.466305116668465
Morgan,Colorado,40.262354,-103.807092,38.58764314760689,38.950787584189456,39.31408384406041,39.67507745072408,40.035193856165904,40.393935417385066,40.75235646277317,41.11232104492662,41.47605590540848,41.843459828693184,42.21501358852732,42.59059066550386,42.97025010201277,43.353173739222136,43.74024721298092,44.130880099389806,44.5252748295,44.92431703916044,45.329904519476074,45.74164927759878,46.15918018993467,46.58278403380632,47.01678777293291,47.46038168310966,47.91441766167703,48.38016933733208,48.85637151600487
Morgan,Georgia,33.593732,-83.492324,16.894610417017986,17.1521483351916,17.4095459737948,17.665727215575114,17.920863086310156,18.17457694496157,18.426740041786644,18.677050679627094,18.92576827960628,19.172568084910516,19.417213734071844,19.659466943984356,19.89949297551183,20.13715923563565,20.372557962977464,20.606102309696695,20.837767294499997,21.068117878944914,21.297830479590147,21.52671677591651,21.754457776024164,21.980890140687283,22.206500044307436,22.43078209610355,22.653503777883575,22.87464010835414,23.09393358802983
Morgan,Illinois,39.716806,-90.202277,53.30243040798389,53.50856291087427,53.70910410859853,53.90061579089635,54.083767903149294,54.258918592259505,54.42524201360561,54.58614688299724,54.743963262044694,54.896816146378,55.04444851292623,55.18503591923505,55.318628927220054,55.44393820803358,55.561663201508026,55.671336209924156,55.772826615,55.86798835364067,55.959391656555525,56.04670365780025,56.13034992016441,56.21013240947861,56.289105908143306,56.36773390038477,56.44541385670886,56.5223901597076,56.5993959571571
Morgan,Indiana,39.482646,-86.447457,93.88060223158757,94.3399072349884,94.79320430493038,95.23487798601974,95.66507923135842,96.08401937528927,96.4913210350573,96.88770878555201,97.27592997322951,97.65557702471439,98.02562345891324,98.3856617024507,98.73715600041595,99.07797791407107,99.40844444493021,99.72798197120586,100.036741446,100.33627768626303,100.62835684328813,100.91356763417306,101.1910949121671,101.4604405320337,101.72966538941873,101.9976977172981,102.26576023579784,102.53326422782027,102.80069274329172
Morgan,Kentucky,37.92294,-83.258944,6.548327309266877,6.583728989855608,6.618333670086241,6.65166694498372,6.683826858242889,6.714827642013,6.744642413345467,6.773500467978232,6.80159314925124,6.828823994819558,6.855200911432772,6.880750782039467,6.905456211790562,6.929328270135472,6.952468163468876,6.974863240991437,6.996573593999999,7.017781077735001,7.038713406584468,7.059299419802144,7.079588139235448,7.099726630426653,7.120001117710707,7.140411601087609,7.161021334554038,7.181879339957414,7.203045708594575
Morgan,Missouri,38.420807,-92.874835,27.50398959689501,27.65714773642353,27.81070884794103,27.962869152068247,28.113657432518675,28.26282902772757,28.409899411851036,28.5554010835888,28.699674650217272,28.84174146547748,28.98096349038687,29.11739349508684,29.250196751885937,29.379349274356237,29.504457685079917,29.62546441662998,29.742604535999998,29.856602433313046,29.969204320521374,30.079704996644285,30.188790473520143,30.29661426428764,30.405042513038616,30.513811369065987,30.623702789919832,30.73479832945505,30.847376230235465
Morgan,Ohio,39.624946,-81.861699,11.196446205612931,11.219689983747388,11.24200510559335,11.262714140826692,11.281980337447598,11.29979392012672,11.31609819195381,11.330948872306177,11.344361601710787,11.35611643525721,11.36605305754406,11.374031681361599,11.379983879404357,11.383808965780002,11.385524536081373,11.38504456741016,11.382450194999999,11.377910532048684,11.371809748999768,11.364209430428174,11.355259138872993,11.344991132921093,11.334474833603638,11.323696555459533,11.312768714776336,11.301772446787673,11.291021539565754
Morgan,Tennessee,36.138697,-84.639262,10.593518553136397,10.687743067214674,10.782558824845003,10.877487456244355,10.972657960005911,11.0680201700101,11.163488087194812,11.259464832163706,11.356161819277828,11.453387342294539,11.551041068974703,11.649320080502335,11.747991462750875,11.84721646396179,11.946939543074125,12.047406155744344,12.148567927500002,12.250675688938935,12.353996395483138,12.458725336669495,12.56494851156012,12.672544088150351,12.781083862776738,12.890440628493222,13.000560635885993,13.111549592135562,13.22349170465692
Morgan,Utah,41.091027,-111.577885,6.748284325186277,6.845488645723732,6.94419342613842,7.043707888675542,7.143870663121885,7.244840288634286,7.346628089438238,7.449593609692999,7.554161507854392,7.6605214646993485,7.768713115017085,7.878943125922757,7.991273780656562,8.1058466320371,8.222885333517771,8.342672990735794,8.465124672,8.591035904150962,8.72057655057101,8.853695652245442,8.990894306152132,9.132081918487165,9.275469261623353,9.420688298232314,9.567920215921871,9.716856429547454,9.867270454599295
Morgan,West Virginia,39.554835,-78.257314,4.7011272668398805,4.711880555078309,4.7210225339251926,4.728257883009734,4.733482981149196,4.736881755942937,4.738443845272681,4.738335043030809,4.736589026101707,4.733286100901998,4.728387409488153,4.721908495037584,4.713642115184822,4.703940581951163,4.692632920385098,4.679908239145116,4.665833891999998,4.6501482354633366,4.6333253364461475,4.615388509714546,4.596363660564218,4.576002098156593,4.554500702738874,4.531520114937597,4.507402284655795,4.482033228592452,4.4556046459356375
Morrill,Nebraska,41.732205,-102.990599,4.74677043584779,4.761502303474411,4.776171389378704,4.790231765540411,4.803699809800139,4.816540036836574,4.828725150248699,4.840345228159859,4.851514915454309,4.862258778892957,4.87241849934993,4.881983158264825,4.8909909705990575,4.899340939668881,4.9070385247544985,4.9140891851361115,4.9206621585,4.926751985565961,4.932519715099972,4.937965347102031,4.943244471057912,4.9482560902838655,4.953139416425062,4.957536866628227,4.961568545057821,4.965299963076275,4.968619205439435
Morris,Kansas,38.687696,-96.644905,5.659216230820224,5.682630284539775,5.705953466038839,5.728762393381055,5.751236745729662,5.77299031614759,5.794074736578292,5.8146097931305984,5.83472766357976,5.854327149316599,5.873352487842179,5.891597151382666,5.909007442716866,5.925651516010141,5.941242297656863,5.955955336264791,5.9698216109999995,5.982905145472378,5.995267898014077,6.00703998112261,6.018122261466536,6.028549848767411,6.0384115499679805,6.047620623403234,6.056249353794016,6.064458832803914,6.0720900340470765
Morris,New Jersey,40.858581,-74.547427,2083.430628403876,2098.1128714180836,2112.3095289579164,2125.894646293115,2138.950034019906,2151.5150379968836,2163.5978152922935,2175.3958149404302,2187.01843762129,2198.4445709229444,2209.648783985569,2220.586452847586,2231.208875013295,2241.4994964324324,2251.4067356440355,2260.897484547578,2269.9765414185,2278.7557060745166,2287.368610486589,2295.763673193755,2303.980959795925,2311.9636107291535,2319.9460217486107,2327.9209954411367,2335.876776031911,2343.7984888670703,2351.740354459072
Morris,Texas,33.116466,-94.731265,11.283227941662881,11.470729560227044,11.65917200344202,11.847834039562644,12.036645157105449,12.225591253773743,12.414497561819234,12.604857413731013,12.7977249561869,12.992963699101038,13.190429597585778,13.390030483059167,13.591717501136225,13.795606995764672,14.00183948625799,14.210589740364474,14.422064255999997,14.637185726291044,14.85684964707763,15.08128014414648,15.310687240987637,15.545331326436463,15.783981471453039,16.02659587280073,16.27341376586988,16.524782671543267,16.7805968225957
Morrison,Minnesota,46.020484,-94.266619,67.05908148171443,67.688715908049,68.32610712704626,68.96608830379593,69.6095227575489,70.25634508533157,70.90514258291536,71.55584984732671,72.20726346385239,72.85667574938749,73.5033934324125,74.14357081808284,74.77626610357942,75.39832686557729,76.00886362363623,76.60507713048843,77.1855677625,77.75363182953767,78.3098710389581,78.85353979686282,79.38534445536618,79.90656691274968,80.42505552583893,80.94111114831222,81.45579330834103,81.97154807713602,82.48793071447709
Morrow,Ohio,40.525266,-82.797729,22.957756557886658,23.005416769894712,23.051172818331082,23.093635665979775,23.133140044752878,23.169665910823312,23.203097009994075,23.233547592079464,23.261049727202792,23.285152429254982,23.305526979472067,23.32188675112695,23.33409143743013,23.341934586962786,23.34545227861365,23.344468126704488,23.339148494999996,23.329840141708495,23.317330789233843,23.301746713686587,23.2833945856209,23.26234054966613,23.240777400503767,23.21867707677592,23.19627008249389,23.173722781422367,23.151678580410312
Morrow,Oregon,45.425496,-119.602311,16.19732191789637,16.35875857671949,16.52619543146765,16.698645338459464,16.875962728119816,17.058261326679258,17.245427407907233,17.437065204521346,17.634184605449082,17.836321607669703,18.04310773819615,18.25498880385227,18.47126425105774,18.691888589320317,18.91739860644832,19.146870845449484,19.380737466,19.619580746400388,19.864333241741367,20.115204208287164,20.372580315221747,20.63638877775754,20.902776551202734,21.17110221961689,21.441634176904177,21.714690856510177,21.989730921577372
Morton,Kansas,37.18525,-101.809516,3.1918337295519037,3.2050394038642938,3.21819382566987,3.23105820488007,3.2437338816788195,3.256003032912162,3.2678947793226043,3.2794766810327656,3.2908232871434637,3.301877520999385,3.3126079321986204,3.3228980377711403,3.332717552144736,3.342104914699516,3.3508982141071395,3.3591964608921328,3.3670171274999996,3.374396323651449,3.3813689942374925,3.388008523529247,3.3942589997010986,3.400140224857953,3.4057022866769233,3.4108962623105947,3.4157629207984814,3.420393118857205,3.4246971645998423
Morton,North Dakota,46.713789,-101.279743,34.440561077851015,34.46230786203633,34.48459696004173,34.50162561399234,34.51567154193248,34.524348563053806,34.5249451082559,34.52001005249314,34.51019417234965,34.49582285611745,34.472666055999916,34.44414034906357,34.40780532311802,34.36279327605115,34.30823650575082,34.24549079676724,34.17184458,34.08773170650515,33.995484125709076,33.893420664769494,33.78452404969688,33.665594628952725,33.53598162595294,33.392485389159035,33.237275173851344,33.07235754116417,32.89491245923308
Motley,Texas,34.058383,-100.793696,1.0101078154296637,1.026893512864529,1.0437634356946133,1.0606530171287212,1.0775559447710643,1.0944709561424866,1.111382405519143,1.1284239804261007,1.145690051180379,1.163168398787276,1.1808461279239684,1.1987149873873924,1.2167706035890369,1.235023391981952,1.253485932269171,1.272173870174537,1.2911056919999997,1.3103639999532894,1.330028961460905,1.3501206409237418,1.370657840263537,1.3916638702561632,1.4130285345065903,1.4347480906658872,1.4568439557911894,1.4793472409760202,1.5022484776266989
Moultrie,Illinois,39.636896,-88.625726,20.24571599129776,20.324010734673454,20.400181747938774,20.472923105117797,20.542489269727884,20.60901627572486,20.67219044481059,20.733306500164648,20.793249462699627,20.851307154646808,20.90738195163789,20.96078088069789,21.011523146620576,21.059119027164975,21.103834188644818,21.14549098671779,21.184039809,21.220184831262788,21.25490229718914,21.288065775220105,21.319836905703202,21.35014046986286,21.380136757322305,21.410001812024355,21.43950677684334,21.46874447494911,21.497993375851237
Mountrail,North Dakota,48.210291,-102.364756,11.430448082480149,11.437665603908714,11.445063113402831,11.450714738661107,11.455376429558855,11.458256238607662,11.458454225479768,11.456816334083262,11.453558550096801,11.44878886635972,11.441103375960724,11.43163600371278,11.419576803320911,11.404637793880243,11.38653099448589,11.365706375301723,11.341263995999999,11.313347847033153,11.282731877083057,11.248858123146498,11.21271651958401,11.173245136808838,11.13022798914233,11.082603146997734,11.031090562637251,10.97635619190342,10.917464096855376
Mower,Minnesota,43.666249,-92.759514,78.5288582661607,79.26618528485253,80.01259581703938,80.76203929302393,81.51552669407205,82.27298143069387,83.03274916990888,83.79475332222724,84.55758464103585,85.31807232145536,86.07540451489344,86.8250777593475,87.56598916616387,88.29444712193217,89.00941000959065,89.70759979897412,90.38737747500001,91.05260314795623,91.70398144114937,92.34063923439518,92.96340369418402,93.57377597451669,94.18094681417402,94.78526852480931,95.38798185615796,95.99195125514,96.59665591322447
Muhlenberg,Kentucky,37.213816,-87.134092,15.461469879901177,15.545057946329367,15.626764189133143,15.70546847520273,15.781402298714147,15.854599263660692,15.924995895832806,15.993133592900216,16.059464141883858,16.12375978238475,16.186039183288052,16.24636581880332,16.304698617383195,16.3610637154669,16.415700074784528,16.468577825119812,16.519838849999996,16.56991253378382,16.61933654036398,16.667942849774004,16.715847209101902,16.76339685961171,16.811267614946313,16.859459475105723,16.908121791171236,16.95737031023086,17.007346915811834
Multnomah,Oregon,45.547693,-122.417173,1193.1926309067485,1205.0850309369737,1217.419441664895,1230.1231441205366,1243.185414769154,1256.6146313722656,1270.402416168354,1284.519614547335,1299.0406210314907,1313.931254353826,1329.164370567023,1344.7728104962325,1360.7049671305028,1376.9574893652266,1393.5699202347694,1410.4742323156042,1427.7022611015,1445.2969007314293,1463.3268488498406,1481.8075205379282,1500.7674001848527,1520.2011260232437,1539.8248594928655,1559.5913500187562,1579.5203691180993,1599.6353745231447,1619.8964880890665
Murray,Georgia,34.797097,-84.73799,35.999891459659686,36.54866629803406,37.09714222159568,37.6430261852059,38.18668261925278,38.72730895793781,39.26463085478901,39.79800543822287,40.32798549590675,40.85387901957558,41.37518235824353,41.89138776620131,42.40284738966667,42.909278692720704,43.41087822208961,43.90852634331771,44.402169824999994,44.89301251583428,45.3824957584792,45.87021827003545,46.355500326408375,46.8379938761037,47.31873488415728,47.79664643829864,48.27123307698889,48.742441568822976,49.20972322085705
Murray,Minnesota,44.015594,-95.761581,15.34558007168313,15.489663546906996,15.635522061100588,15.781973252724205,15.92921468092119,16.077231379089774,16.22570006863177,16.37460578294539,16.523673136558113,16.67228251215673,16.820275263762483,16.96677135519141,17.11155526737803,17.25390561011712,17.39361883762463,17.53005437934487,17.66289195,17.792885866319143,17.920173821038567,18.044585194898122,18.166281627196895,18.285556463329552,18.40420569550829,18.522298170101248,18.640076346057064,18.758099974281887,18.87626728188368
Murray,Oklahoma,34.485766,-97.071557,6.759300560122683,6.786571121276728,6.814044043485271,6.841335804368835,6.86845218567183,6.895242862039488,6.921742523938295,6.9483327664995915,6.975237150507397,7.002245605914661,7.029387041443451,7.0569929437735235,7.08478771642113,7.112892776018968,7.141296559078212,7.170126263975973,7.199601596999999,7.229961536919408,7.261541424910234,7.294377878687095,7.328538351934829,7.364003572172051,7.39960755427522,7.435211536378385,7.470780828015066,7.50645804554748,7.54180570364828
Muscatine,Iowa,41.483776,-91.118699,35.25677379349514,35.363934709413535,35.46657657660826,35.561714444474994,35.64825422753326,35.726207818016576,35.794516807144895,35.85301470364944,35.90251017940711,35.942158885840584,35.9712710734078,35.99041756931598,35.998480503617685,35.99578096661696,35.98151028643696,35.95625118251833,35.920443667499995,35.87384989671226,35.81794450710707,35.75304858898847,35.67918592682345,35.59609489147533,35.51054216379617,35.42236125251719,35.3313380974357,35.23897111997058,35.14359540743418
Muscogee,Georgia,32.510197,-84.874946,202.95141997021537,206.04516909489828,209.13723307045342,212.2146847254898,215.2795785568892,218.32739005466487,221.35657257509664,224.36350189334814,227.35129438109408,230.3160488026825,233.2549257972542,236.16506291971558,239.0484454142446,241.9034804686518,244.7312761261994,247.5367954973322,250.319738487,253.08689186018302,255.84638126746995,258.5959444538674,261.33174943642723,264.05183405520626,266.7620386215649,269.45629198179654,272.1318009435112,274.7882654116588,277.4225920987993
Muskegon,Michigan,43.289258,-86.751892,270.7305487742918,272.02449730863003,273.2903037815055,274.51221823238376,275.69181299235026,276.82951445627566,277.9210586754534,278.9547197909409,279.93268307645,280.84730007398855,281.6926545547264,282.463203385345,283.15484251521434,283.76184226326035,284.2816176105794,284.71003785686236,285.0447844799999,285.2940922309316,285.4645435804728,285.5574177132358,285.5742070112675,285.5174698437919,285.4435436330935,285.3543205064105,285.2483080816958,285.12691879195836,284.9962554137844
Muskingum,Ohio,39.966046,-81.943506,82.34969675560517,82.52065440106479,82.6847817932152,82.83709644201079,82.97879903408597,83.10981767203748,83.22973535092639,83.33896188595132,83.4376123129574,83.5240689403715,83.59715265078015,83.65583531131684,83.69961364015877,83.72774709405245,83.74036508832368,83.73683492582386,83.717753355,83.68436420092839,83.639493031557,83.58359280052625,83.51776353810604,83.44224250572705,83.36489527930536,83.28562120247645,83.20524709537777,83.12436970645626,83.04529694235644
Muskogee,Oklahoma,35.617551,-95.383911,38.38855502963454,38.54343458088978,38.69946341503418,38.854463367353986,39.00846727450318,39.16062138347838,39.31112271420343,39.46213848584077,39.614938382344164,39.768329338619125,39.922475537935554,40.07925961512141,40.23711635633716,40.39673533131632,40.55805086675092,40.72178536902844,40.88918663099999,41.06161190102993,41.240965705048886,41.42745600853204,41.62146590577578,41.822885941266854,42.02509405645337,42.22730217163988,42.42931326690254,42.63193731303941,42.83268966989963
Musselshell,Montana,46.505665,-108.436982,2.744686323715222,2.7662289948440333,2.7877064390577835,2.8091275509357994,2.830412279264143,2.8512789623641392,2.871757248833544,2.8915180392372775,2.9107006819847885,2.92903833969628,2.946616993305243,2.9633447321586357,2.979085172706786,2.9939302256027345,3.0077968747727666,3.0205635609660852,3.0322658624999996,3.0428770956365283,3.0524298738332023,3.0611228426949793,3.068884845587249,3.0757069879306833,3.0817048992565277,3.086771844612864,3.0911954153979155,3.0948599820804383,3.097976049704493
Nacogdoches,Texas,31.62056,-94.62025,56.40762277901064,57.3449893398126,58.287059313705086,59.2302270863703,60.174140153615184,61.11872801460109,62.063116962506605,63.014772532563775,63.97896466245912,64.9550110047903,65.9421914438486,66.94004520629593,67.94832805708427,68.96762162813212,69.9986284099386,71.04222210932512,72.09943505999999,73.17488003111836,74.27303382593232,75.39501690419847,76.54187922483477,77.71492253546853,78.90799312004339,80.1208819939306,81.35478515349956,82.6114399408447,83.89031759967642
Nance,Nebraska,41.402386,-97.991408,3.408702923004871,3.419282023241308,3.429816039300343,3.4399129348567423,3.449584471000262,3.458805165369764,3.4675554161489845,3.475899909331588,3.4839209725458735,3.4916362474264764,3.49893204343908,3.505800519857177,3.512269119223537,3.51826531481799,3.5237930270037876,3.528856176144184,3.5335762935,3.5379494587079843,3.5420913224840795,3.546001884828288,3.5497928760933,3.553391769558947,3.5568985344881643,3.5600563870879234,3.5629515753497762,3.5656311436327495,3.5680147244901717
Nantucket,Massachusetts,41.305878,-70.14191,20.158903964591502,20.252894334129657,20.343035364168987,20.428093650527877,20.508793080295288,20.5854536550599,20.658560037422053,20.729308349824883,20.79854053819589,20.866293884273567,20.932649165157976,20.99763434215296,21.061149997289245,21.123261373609175,21.183909441693473,21.24250390734942,21.298889429999996,21.353513390507043,21.406984723932528,21.45910459433784,21.50925474622641,21.55703440090949,21.60420512053061,21.650723409728197,21.6965768412561,21.741168907298512,21.784990484078854
Napa,California,38.507351,-122.325995,171.8708457114688,173.8530112778927,175.83338230026087,177.80009163239797,179.7549917068777,181.70097694959648,183.637497419634,185.58037597855727,187.54848910725414,189.5374662226209,191.5420877099579,193.55620291423506,195.5747079977884,197.59253289125616,199.60555786177898,201.6122054472434,203.60714990399998,205.60575580951553,207.619099166887,209.6458581882883,211.68271393202497,213.73008608985185,215.78329051586007,217.83995378081448,219.9018077162098,221.9713222321443,224.05201405608207
Nash,North Carolina,35.965945,-77.987555,77.11994284451212,78.25688939611445,79.40336805465726,80.55424407196787,81.71108215239315,82.8740981172223,84.04281536110831,85.21824105006752,86.40379235451255,87.59956819253432,88.80559554179393,90.02238697785334,91.25134533909241,92.49337887343664,93.75007926289399,95.01979187758047,96.30385660799999,97.60269610417721,98.91848656411183,100.25074238990304,101.59722443567522,102.95712337159381,104.33176110305531,105.71879057353941,107.11885025436005,108.53267753492212,109.95859980023411
Nassau,Florida,30.605926,-81.764929,160.32130848293343,163.37472930131403,166.49859508789592,169.68267965921572,172.93054725075058,176.24479173020387,179.6271205716392,183.089140866506,186.64116277240186,190.28488443293108,194.01891560964842,197.84429198354337,201.76256241087032,205.77300844625827,209.87866248900062,214.08495486644745,218.39363037449996,222.81539105004913,227.36026713691163,232.03105777289682,236.83410767037248,241.77513640092903,246.7917791741747,251.88355080622262,257.05462201240863,262.309480743687,267.65140199129473
Nassau,New York,40.729687,-73.589384,1706.6235448347763,1711.1717521004202,1715.3220678675284,1719.0132712244233,1722.2809929194104,1725.1577537851083,1727.6623021703765,1729.8953104887557,1731.9541635286337,1733.797988112403,1735.4305161388875,1736.8167388429197,1737.9380855851086,1738.7758968713288,1739.3293730089752,1739.5766557335005,1739.502017757,1739.190937333513,1738.7299589738873,1738.0933148052832,1737.266876925006,1736.2374059777003,1735.1631522444936,1734.0669513920068,1732.951735626459,1731.7968017948447,1730.6617714236306
Natchitoches,Louisiana,31.734982,-93.086106,6.671808374481836,6.697936517710962,6.723385163773346,6.74775252303995,6.770942579606782,6.792956810641591,6.8137006774081375,6.833561197857913,6.852575301184764,6.870723784207892,6.887811660783794,6.9038699514353015,6.918883884484876,6.932958338843035,6.946202624923563,6.958873769915618,6.9709909770000005,6.983080117897059,6.995358336266607,7.008150609014472,7.021264904332663,7.0348607563385945,7.047880512920545,7.060299062226703,7.072125267263586,7.08347286994824,7.094294600912543
Natrona,Wyoming,42.973641,-106.764877,41.590058493622145,41.83889727921753,42.07544671146399,42.29904695930922,42.51027537492399,42.70484305646843,42.87961580644411,43.040037231032436,43.19047871095487,43.325826555556134,43.44641068036239,43.54926184563831,43.63569971348847,43.70110546654686,43.74754107685186,43.77847065742802,43.791997194,43.79010017972466,43.771872346905106,43.7397055831059,43.693517409445505,43.63388517809467,43.5599016213565,43.47296888021712,43.37292199691344,43.26116311243158,43.13472298703625
Navajo,Arizona,35.390934,-110.320908,48.0437804010482,49.26055214666149,50.50391852806584,51.77075669030097,53.06229226999108,54.37869316256414,55.719296181079656,57.090296666829865,58.49532116105901,59.93596467033284,61.41080847828498,62.920809588854866,64.46553986870119,66.04432773611204,67.65755095580036,69.3061917160198,70.98994780499999,72.71238700058542,74.47489444005681,76.2796779482921,78.12577212658039,80.01507419325777,81.93527741345378,83.88660005122478,85.86796757583171,87.88216705137897,89.92812394712752
Navarro,Texas,32.04845,-96.476908,38.39857576614365,39.03667287310057,39.67797175235382,40.32001794034433,40.962571475550966,41.60558436566949,42.24846184892966,42.896285967547,43.55264414626255,44.21707188813182,44.88907898604731,45.56835177602072,46.25472399899809,46.9485915914893,47.650432762525774,48.36084227387774,49.080522869999996,49.81261461879768,50.56016503158929,51.32393684320985,52.104644796190186,52.90317503414765,53.715338514527495,54.54099297442794,55.38095256900993,56.23639996577055,57.10697522242808
Nelson,Kentucky,37.803188,-85.465955,23.906438123694315,24.035681523802246,24.162015258762803,24.28370738503586,24.401115837619734,24.514292574820605,24.623139453171202,24.728493578715934,24.831053502015944,24.930467061218096,25.026763122048056,25.1200398279731,25.210233674396743,25.297385073334937,25.381863506076233,25.463622787459556,25.542882296999995,25.620305946387926,25.69672506852259,25.77187987187297,25.84594932393822,25.91947032721577,25.99348782097482,26.068001805215363,26.143243205742753,26.219390990056137,26.296664537670587
Nelson,North Dakota,47.918667,-98.204428,3.56694055635851,3.5691928276355562,3.571501265278614,3.5732648891713628,3.5747195980510504,3.5756182599072286,3.5756800429098408,3.57516892897914,3.574152317754338,3.572663909055043,3.570265605226368,3.5673112543741836,3.5635481078514384,3.5588862994725154,3.5532359630517973,3.546737514504309,3.5391101219999994,3.530398718631674,3.520844819773182,3.510274309689889,3.4989961033948562,3.486678819328617,3.473255057851959,3.458393437405416,3.4423186234530325,3.4252384315490505,3.4068607965902116
Nelson,Virginia,37.790016,-78.879394,30.023001587754234,30.3924433784809,30.76239220751218,31.131210260641897,31.4993804314935,31.867039539926974,32.23413527246642,32.60131148727644,32.96897461982344,33.33699992258801,33.704558428183255,34.07162196781448,34.43738974288948,34.801873825748814,35.16451888872556,35.52545772756614,35.88460986,36.243444087465086,36.60288193195948,36.96262560908205,37.322771697557485,37.68302241298468,38.04660107030006,38.41329439148665,38.78356917371375,39.15798476876184,39.53699187734617
Nemaha,Kansas,39.791043,-96.005381,11.430230490696555,11.477521143645724,11.524628256969791,11.570696702869995,11.61608938924142,11.660026272677387,11.7026116370558,11.744087420973377,11.78472059115754,11.824306751207606,11.862733274535447,11.899583025629468,11.934747549256661,11.968364500135849,11.99985405990592,12.029570793751722,12.057577271999998,12.08400280665934,12.10897253838323,12.132749262543966,12.155132754095982,12.176193926076257,12.196112146754768,12.214712219216649,12.232140140890953,12.248721277476733,12.26413443463005
Nemaha,Nebraska,40.387448,-95.850954,6.675897986737866,6.6966170096522095,6.717247735822616,6.737022367475715,6.75596393854471,6.774022542174333,6.791159788475913,6.807502364082057,6.823211506525172,6.83832176670506,6.852610483267443,6.866062300256857,6.878730963517433,6.890474430461102,6.901300379065595,6.911216487308645,6.9204607725,6.929025556661924,6.93713734013756,6.944796122926908,6.95222072739538,6.959269110954899,6.96613706203768,6.972321673102161,6.977991859658486,6.983239757439457,6.987907967901537
Neosho,Kansas,37.564283,-95.315683,18.51151765111048,18.58810593666724,18.664396975636325,18.739005869143327,18.812520354759332,18.88367713448672,18.952645098432118,19.019816071642914,19.08562241279211,19.14973309727069,19.21196572376349,19.27164473184397,19.328594475801232,19.383037890576038,19.434035947175488,19.482162871962153,19.527519998999995,19.570316752021263,19.610755799153903,19.649262743466647,19.68551331595474,19.719622361890718,19.751880372257965,19.78200361167735,19.810228526298168,19.8370820532531,19.862044011013726
Neshoba,Mississippi,32.752518,-89.119274,8.45883633551295,8.495256699206589,8.530689342636855,8.564670998777565,8.597105517868568,8.628167717655598,8.657592457890964,8.68563905156416,8.712394907548052,8.737501649463896,8.760970931828078,8.782869768109787,8.803303048956467,8.822302824288164,8.839711758133719,8.855949413082891,8.8714528335,8.886312341887004,8.90086591921898,8.9151980607397,8.929238839350871,8.94315141828184,8.956895006725272,8.97030352782272,8.983767407872984,8.99700985211199,9.010135751187178
Ness,Kansas,38.480437,-99.908745,3.3159295418041843,3.329648641632748,3.3433144963001173,3.3566790317598207,3.3698475282169453,3.3825936937364176,3.394947781250734,3.4069799775632865,3.418767730181266,3.4302517433569797,3.441399343923331,3.4520895201503334,3.4622908089881905,3.4720431443077984,3.4811783198044752,3.4897991954487098,3.4979239229999997,3.5055900160946414,3.512833778251629,3.519731446860857,3.52622493629193,3.532334818538945,3.538113128645798,3.543509041685893,3.5485649117647275,3.5533751280316888,3.557846511454688
Nevada,Arkansas,33.666699,-93.305072,4.772181981606965,4.807159736301754,4.841934957229382,4.876279144755099,4.910284044944371,4.943831945864148,4.976858798374387,5.0096225300930985,5.0422270044906226,5.074791664557849,5.107117438643293,5.139360121952467,5.171306794371171,5.203085554179491,5.23469986349311,5.266118563270919,5.297416089,5.3287222700182735,5.360050954788456,5.391460999277072,5.423033763202553,5.454571905971254,5.4860165716166485,5.5171981164705155,5.548109616301499,5.578783961208541,5.608987458383375
Nevada,California,39.295191,-120.773446,118.41314864436167,119.7787930902424,121.14320115649667,122.49819678430408,123.8450562365049,125.18577367378703,126.51997020561979,127.85854724376358,129.2145100395046,130.58484741020416,131.9659632194218,133.35361987569564,134.74430100901284,136.13451351456834,137.5214190369831,138.90393075868226,140.278379424,141.65535070258792,143.04247558267838,144.43884339755715,145.8421675096356,147.2527370722133,148.66732486857708,150.0842956869629,151.50484270018237,152.9306675920224,154.36419326771883
New Castle,Delaware,39.575915,-75.644132,944.8237907026479,956.1175114919938,967.3129564553875,978.3815570387736,989.2776035556622,1000.0330927865966,1010.5748892331934,1020.9509880662663,1031.0551142647278,1040.911265413985,1050.5217269983618,1059.779081254609,1068.7187531897553,1077.3213161870433,1085.5330613648473,1093.2682830610008,1100.699535342,1107.7308278662179,1114.4135840309546,1120.702094149721,1126.5803598322461,1132.1078036709657,1137.446695052917,1142.6267452743177,1147.6536680459792,1152.5091794933062,1157.2069925222447
New Hanover,North Carolina,34.177466,-77.871378,200.60216639481243,203.55955890463804,206.54174605553874,209.5353714889732,212.54450526866515,215.56970878271417,218.60974229906665,221.6672256288551,224.75104741699317,227.86146496636007,230.99854845046798,234.16363116605427,237.36036213576776,240.59110386786156,243.859996599572,247.1627363554672,250.50280841999992,253.88131217819927,257.3039082934049,260.7693336423923,264.27176382362575,267.8090936317311,271.3847615688196,274.99266253930585,278.6344573163184,282.312063975865,286.02113176017207
New Kent,Virginia,37.498974,-76.993339,37.98491094804197,38.45232635553279,38.920383264666654,39.38700952331086,39.85281608541116,40.31797605458552,40.7824232441565,41.2469722593851,41.71213731984235,42.17776059575891,42.64279328286125,43.10719974216917,43.56996680838929,44.03110975537025,44.489925986074404,44.94658351283687,45.40098051,45.8549752958155,46.309733774063204,46.76487918980991,47.220533733844725,47.67632065123448,48.136318059567124,48.60025612084995,49.06872542389721,49.54243365702941,50.02195104392927
New Madrid,Missouri,36.594261,-89.655949,20.215586712158302,20.328158804268938,20.441027083053044,20.552865760543646,20.663695992931714,20.773337952594062,20.88143551031616,20.988380055630806,21.09442193679773,21.198841843324207,21.301170812977244,21.401447632106922,21.499058771175346,21.59398660002339,21.685941984041218,21.774882610846916,21.860981256,21.944770350306367,22.027533369351055,22.10875198645549,22.18893042417095,22.26818151551589,22.34787688687104,22.427822606485915,22.508593417548315,22.59024926259931,22.672994651484863
Newaygo,Michigan,43.562709,-85.791423,64.48926987043897,64.79749440072264,65.09901536170247,65.39008103987598,65.67106597178574,65.9420717266636,66.20208261219082,66.4483054744908,66.68126085587689,66.89912685825229,67.10049420852475,67.28404250667982,67.44879414886074,67.59338429851414,67.71719719217177,67.81924887789984,67.898987073,67.95837333326287,67.99897563370556,68.0210986820237,68.02509797052885,68.01158291461225,67.99397334903564,67.97271998726544,67.94746733699013,67.91855184629024,67.88742722479704
Newberry,South Carolina,34.28973,-81.600053,22.259378203055,22.484777046295154,22.709062075452422,22.93160743308974,23.1517130074979,23.36963868862953,23.58476922680078,23.79738042359408,24.007817030987454,24.215384241148254,24.420002495927694,24.621321739471146,24.819177551604486,25.01415335875208,25.205734684885158,25.39376241370617,25.578353230499996,25.760021611295386,25.93943054066549,26.116542891474214,26.29135866372156,26.463957415556294,26.635320364146693,26.805187619540074,26.973808463935928,27.14122532834696,27.30737456625413
Newton,Arkansas,35.910063,-93.215084,4.252745247094964,4.283915785143521,4.314905834577227,4.345511767215225,4.375815342857403,4.4057116621378665,4.435143647460464,4.46434115184753,4.493396733563089,4.5224168346107705,4.551224051651193,4.579957222080393,4.608426601457119,4.636746344973669,4.664919537905511,4.692918412773438,4.720809303,4.748707906415231,4.776626564121001,4.8046177258002585,4.83275389542649,4.860859212298046,4.8888812267319794,4.916668760230379,4.944215642242311,4.971551182884715,4.9984671260635345
Newton,Georgia,33.544046,-83.855189,103.57833312773165,105.15725963880044,106.7353261167749,108.30593504750634,109.87013496449342,111.4256167377841,112.97159102193558,114.50620815673126,116.03105861433188,117.54415135921765,119.04403729453091,120.52925554213876,122.000819291714,123.4579156352633,124.90111007399949,126.33293558210451,127.75323900299999,129.16548403161391,130.57381767683975,131.9770853737015,133.37333143050503,134.7615544388528,136.14473506138705,137.51977482271283,138.88524818852318,140.24100200223955,141.58545757297637
Newton,Indiana,40.962399,-87.402172,16.70057789689924,16.782284434835685,16.86292221140562,16.94149228382428,17.01802150539232,17.092547470730675,17.165003046587678,17.23551712880653,17.30457844745936,17.372114498634353,17.437942679886987,17.50199048730547,17.564518397906255,17.625147780149952,17.683935025967966,17.74077809281776,17.795703833999998,17.84898883851155,17.900947289970194,17.951683916248538,18.001053709522978,18.048968053901326,18.096860915639144,18.1445416363017,18.192227727624385,18.239814461734603,18.2873877691945
Newton,Mississippi,32.40197,-89.118412,4.784872325383421,4.805474070517849,4.825517096324231,4.844739348604459,4.863086438751376,4.880657255141626,4.897301817070635,4.913166808963755,4.928301675009312,4.942503694035181,4.955779458599808,4.968166875914237,4.979725279004457,4.990472797406186,5.000320431580443,5.009505513631176,5.018275264499999,5.026680776514846,5.034913233870564,5.043020432615863,5.050962817400089,5.058832684041441,5.0666069585853695,5.074191697074061,5.081807750215358,5.089298544746234,5.096723413692684
Newton,Missouri,36.908017,-94.334741,55.9998999547146,56.31173982291378,56.62440016812005,56.9342083789683,57.241223060959044,57.54494606733795,57.84439087217985,58.14064167724407,58.43439198095334,58.72364919629037,59.00711423466061,59.28489453948164,59.555290551238755,59.81825343201487,60.0729822399697,60.31935976410226,60.557864615999996,60.78997170075903,61.019236418743475,61.24422293519087,61.46632801452999,61.68586421943022,61.90663113984111,62.12809155867463,62.35183759202796,62.578035288819194,62.80725116888654
Newton,Texas,30.786718,-93.73925,8.154959808380292,8.290476716423154,8.426673606050525,8.563029206583055,8.699492555803493,8.83605346126839,8.97258560948212,9.110168307402962,9.24956344017886,9.390672359517847,9.533390956890388,9.677652617398213,9.823422031505082,9.970783286869471,10.119837943910042,10.270712316122422,10.423555649999999,10.579034822557125,10.73779705395292,10.900004331235099,11.065808449007898,11.235397603459328,11.40788213988246,11.583231844962791,11.761619626223137,11.943296654591395,12.128186486741686
Nez Perce,Idaho,46.333766,-116.760903,22.338500281771438,22.68020400781126,23.02846811011874,23.380455669226794,23.73637623032332,24.095472206959723,24.457002131548016,24.820691983457845,25.184075577016113,25.548361826768456,25.91201944095707,26.27446814060005,26.636239848097464,26.99691547307351,27.355366695285568,27.71217379371556,28.0683039,28.424933690963304,28.78130558015686,29.139643970344675,29.49906232419325,29.8622363725636,30.229085521152697,30.600093335778798,30.976968415666388,31.359323908160874,31.748094707177547
Niagara,New York,43.456731,-78.792143,262.3241688791707,263.02327132297637,263.66121408281225,264.2285869259282,264.7308666351003,265.1730519696706,265.55802472805743,265.90125921172086,266.21772438306164,266.50113764837147,266.75207263577136,266.9651481671721,267.13750975978013,267.2662892729894,267.3513637864883,267.389373478424,267.377900916,267.33008491475425,267.25922818397373,267.1613699580596,267.0343386448387,266.8760992302621,266.71097627823104,266.54247984653495,266.37106064298325,266.1935363972844,266.01907150156535
Nicholas,Kentucky,38.337132,-84.025554,3.8274142737297376,3.848106107109474,3.868332103886567,3.8878149803689657,3.9066120418530277,3.924731606849515,3.942157962615877,3.9590251296032726,3.975444945567493,3.9913610294911575,4.006778002769131,4.021711578143965,4.03615158854695,4.050104503930901,4.063629478150121,4.076719116972823,4.089408542999999,4.1018040483136025,4.114038729085818,4.126070992762836,4.137929491992837,4.149700184720356,4.161550365439593,4.173480034150554,4.185526162012174,4.197717401672635,4.210088875732928
Nicholas,West Virginia,38.291416,-80.797516,6.876193848767898,6.891922351793261,6.905294042271823,6.915876964206257,6.923519554088734,6.928490837145653,6.930775657026236,6.9306165153430115,6.9280626702360255,6.92323158342385,6.916066418591049,6.906589910263795,6.894498931426421,6.880308798005562,6.863769430213294,6.845157431451409,6.824571317999999,6.801628392001788,6.7770220565051105,6.750786413299229,6.722959353261101,6.693177123971929,6.661727696096594,6.628114699146944,6.592838292698828,6.555731756893628,6.517075484220836
Nicollet,Minnesota,44.35882,-94.245685,65.9182120850138,66.53713460429206,67.16368195070095,67.79277519217199,68.42526296039257,69.06108096508336,69.69884053621047,70.33847738349448,70.97880856579548,71.61717246554844,72.25288760579228,72.88217371810134,73.50410502245309,74.1155827273829,74.71573248509172,75.30180267162342,75.87241747499999,76.43081712530052,76.97759309309505,77.512012469199,78.03476958862927,78.54712454086118,79.05679215941632,79.56406817957975,80.06999410387687,80.57697438875527,81.08457186031544
Niobrara,Wyoming,43.062159,-104.468373,1.1977548105715379,1.204921135008166,1.2117335375551501,1.2181730156949246,1.224256196630359,1.229859563997282,1.2348928558372603,1.2395128429202047,1.243845416924981,1.2477433083404623,1.2512160184254313,1.2541780358508459,1.2566673656518357,1.258550990205447,1.2598882923790706,1.260779035389921,1.2611685869999998,1.2611139547620012,1.2605890102142732,1.2596626374829887,1.2583324612534519,1.2566151087285322,1.2544844514465785,1.2519808697574148,1.2490996130316507,1.245881061619111,1.2422397041907547
Noble,Indiana,41.400794,-85.41785,70.44033433738947,70.7849592890124,71.12507637818598,71.4564722259375,71.77926009514255,72.09359855382695,72.39920444480174,72.69662142986981,72.9879108933673,73.27276702553006,73.55041963880394,73.82056292342477,74.08429552928601,74.34002044984153,74.58797553713009,74.82773039222435,75.05939827799999,75.28414580207576,75.50329814009633,75.7172970172766,75.9255308140882,76.1276257630417,76.3296301016947,76.53073966363037,76.73187187814116,76.93258502001218,77.13324153044542
Noble,Ohio,39.767232,-81.452604,10.125613700094837,10.14663443417403,10.166815329016316,10.185543743999396,10.202967314020713,10.219077198667241,10.233822123543469,10.247252479003603,10.259382409708481,10.27001300636515,10.278999286200085,10.28621483130709,10.29159775879503,10.295057012409792,10.29660850489482,10.296174440615534,10.293828194999998,10.289722707193462,10.28420540542762,10.277331984304494,10.26923770214329,10.259951732306975,10.250441215979954,10.24069377658399,10.230811078868818,10.220866498262511,10.211143812023003
Noble,Oklahoma,36.384901,-97.236335,5.413266109728554,5.43510606242416,5.457108078372986,5.478965009123692,5.500681485054942,5.5221371163214865,5.543359685195309,5.564654796668191,5.586201492048452,5.60783153424465,5.6295680751501065,5.651676589808189,5.673936363502611,5.696444634185296,5.719192141098925,5.742280752574091,5.765886422999999,5.790200541361404,5.8154916696207835,5.84178913350967,5.869146954112471,5.897549696833639,5.926063568642731,5.95457744045182,5.9830635299889305,6.011636053261092,6.039944644949439
Nobles,Minnesota,43.677686,-95.763132,42.568812515234,42.968501703566865,43.37311487005869,43.77937213043832,44.18782151600172,44.59842150922644,45.01027533162823,45.42334146568468,45.836855988983245,46.249100076095786,46.659633641284636,47.066015454231525,47.46764766261363,47.862529121850315,48.25009519363668,48.62856892801317,48.99706185,49.357666442727115,49.710764667400795,50.05588322426541,50.39347050256314,50.72434024573339,51.05347455646649,51.3810644153656,51.70778240629388,52.03518128458986,52.362978731101066
Nodaway,Missouri,40.360484,-94.883281,29.785810021214058,29.951674658092553,30.117975698826775,30.282759716633954,30.44605788321809,30.60760523909533,30.766877060582033,30.92445002420179,31.08069299511841,31.234546135396553,31.385318472264654,31.53306715384667,31.67688820072719,31.816755636486228,31.95224344783604,32.08328929136869,32.210147735999996,32.33360326961347,32.45554697558391,32.57521514716379,32.69335070996465,32.810119913074374,32.92754372196768,33.04533639602475,33.16434476653706,33.28465715333253,33.40657488288299
Nolan,Texas,32.312338,-100.418108,13.15610069556662,13.374725205074515,13.594446704194512,13.814424245857799,14.034575614568832,14.254884367228494,14.475146726858522,14.697103900204024,14.921985008923537,15.149630907307799,15.379873640844469,15.612605742135793,15.847770247588413,16.085502812769995,16.325967281418112,16.569367430511026,16.815944033999997,17.066772940369702,17.322898286413658,17.584581399957028,17.85206716572585,18.125659193800125,18.40392223652892,18.686807551868426,18.974594085250004,19.26768704161601,19.565963097723113
Norfolk,Massachusetts,42.169703,-71.179875,1248.1084268302761,1253.927700163167,1259.5086473908964,1264.774904135943,1269.7712887861212,1274.5176137617957,1279.0438862239073,1283.4241623068278,1287.7105698350115,1291.9054170516079,1296.0137051501065,1300.03716531287,1303.969642224833,1307.8151753115073,1311.5701098545728,1315.1978986708332,1318.6889240804999,1322.0708850013634,1325.3814827381957,1328.6084066608669,1331.7133784038192,1334.6715843531972,1337.5920889978033,1340.4721993872981,1343.3111461072974,1346.0719972674133,1348.7851447357775
Norman,Minnesota,47.32947,-96.463807,12.315084161276266,12.430713555234812,12.547767447596131,12.665296973488221,12.783460677421344,12.902246548447751,13.021395150096113,13.140894471418681,13.260523510976919,13.379785015534097,13.49855166904411,13.61611722777944,13.732308734092538,13.846547260302003,13.95866945751848,14.068161257178406,14.174765624999997,14.279087912749695,14.381238621146773,14.48108082538691,14.578744243705778,14.674464290679209,14.769682280036825,14.864453462138258,14.958972414337012,15.05368834607881,15.148519582918981
North Slope,Alaska,69.449343,-153.47283,2.5220471103993023,2.5442177605460343,2.5674505699429826,2.5919610491626544,2.6172296637891845,2.6437182221922315,2.671211213799287,2.6991968010006473,2.7281868214060156,2.758088913341462,2.7883719971818763,2.819124586198112,2.8505275553349505,2.88224224512131,2.914514953354341,2.9472263795385483,2.980284162,3.0140500506282635,3.04877804002665,3.0842449228164917,3.1210241110567822,3.1590809691197967,3.1963912369851957,3.233066518342313,3.2690837227726655,3.3043851242300457,3.339159294465398
Northampton,North Carolina,36.421774,-77.398352,17.38302202386928,17.639292532086746,17.897711600310473,18.15712184385783,18.417875950880802,18.68002256802103,18.943454267278213,19.208398066313375,19.47562420361933,19.7451549755735,20.016996463006095,20.291264201691035,20.56827439479904,20.84823176361375,21.131495077117318,21.41769137772376,21.707122679999998,21.999884250285923,22.296466608884852,22.596760300853077,22.90026061728346,23.20678513326981,23.51663180949226,23.829271613722824,24.14484845894307,24.463528554511974,24.784934888956723
Northampton,Pennsylvania,40.752791,-75.307447,948.8235622892739,951.5091135327581,954.1309582602732,956.6416994365015,959.0524397595377,961.3764258967655,963.5983437818459,965.734120043771,967.7897271684133,969.7449505882055,971.5808008608876,973.2807387948139,974.8259280883874,976.1933976421006,977.3767921184228,978.3601083180301,979.1319372615,979.7127232273947,980.1168614380729,980.3408296582763,980.3857764429802,980.2491749712392,979.9878404291694,979.5977145891912,979.0763472006906,978.4259588032864,977.6640840029366
Northampton,Virginia,37.302629,-75.923868,17.76211657287452,17.98068459761376,18.199552594807358,18.417751605813066,18.63556731868265,18.853080678364112,19.070260735318513,19.28748840694821,19.50500414736343,19.72273415381749,19.940187995154833,20.157349006239116,20.373743421051152,20.58937838179224,20.80392534720284,21.01746288149719,21.22994337,21.44223578053539,21.654885301135494,21.867715757501724,22.08078428724442,22.293914716065,22.50901401170902,22.725955995286945,22.945016831915492,23.166527443587945,23.39075447248597
Northumberland,Pennsylvania,40.851524,-76.709877,265.02180836528225,265.77192638015174,266.5042501319593,267.2055408600855,267.87889972816487,268.5280267452237,269.14864444417964,269.7452013907983,270.31936579724163,270.86549140696116,271.3782741607749,271.8530943942341,272.2846908228278,272.6666472459326,272.9971885147094,273.27184467605724,273.487429017,273.64965195609227,273.7625343123915,273.82509226846855,273.8376466343548,273.79949162798164,273.72649665222394,273.6175281783049,273.47190181149165,273.29023778451074,273.0774337971714
Northumberland,Virginia,37.856974,-76.379687,16.512802673252633,16.71599752609542,16.919471252569394,17.122323046580167,17.324818502062204,17.52703287063028,17.728937379608137,17.930886154241744,18.1331027360926,18.335518513394298,18.53767754989269,18.73956435260825,18.94073847826634,19.141206566715322,19.34066318493056,19.539181371244034,19.73671686,19.934077499415775,20.131770131249635,20.329630972575313,20.527713142179717,20.72585285713658,20.925822956958445,21.12750613765759,21.331159140037325,21.53708961040507,21.745545436432987
Northwest Arctic,Alaska,67.005066,-160.021086,2.3691213267661775,2.389947646732333,2.4117717213089134,2.434795993460353,2.458532431040248,2.4834148404009575,2.5092407785780475,2.5355294435309865,2.5627616373003055,2.5908505986155332,2.619297450171457,2.648185338185612,2.677684170146006,2.7074758213942416,2.737791655318244,2.7685196052769876,2.79957291,2.8312913844632956,2.8639136221606725,2.897229950021823,2.931779010934259,2.967528269421555,3.002576207639204,3.0370276621223593,3.070860942553405,3.1040218231382934,3.1366874414709054
Norton,Kansas,39.783867,-99.899235,6.242801942493112,6.268630483775208,6.294358781975676,6.319519795464208,6.3443117321522,6.368308558942736,6.391567232132198,6.414219890328183,6.436412341649423,6.4580329517550155,6.479020207844869,6.499146284733467,6.518351947872576,6.536712379573415,6.5539109028281155,6.570141169044368,6.585437352,6.599870077502521,6.613507693107587,6.626493728682073,6.6387188281369305,6.650221721753699,6.66110037436215,6.671259099384366,6.6807776356352795,6.6898336867595924,6.698251827364456
Nottoway,Virginia,37.143696,-78.052162,24.206026055128373,24.503888265408854,24.80215927500198,25.099518597239136,25.39635556479904,25.692780488607312,25.9887511909571,26.28478678208667,26.581214950333933,26.877935118090225,27.174278930923766,27.470223677761645,27.765123715244993,28.0589887766908,28.351371129518544,28.64237784021487,28.93194402,29.221253889104982,29.511050424058343,29.801093536374882,30.09146109259034,30.381913004219513,30.675048066892753,30.97069432534362,31.269228134494863,31.571100471365988,31.876674713123776
Nowata,Oklahoma,36.789615,-95.613312,5.321793001672156,5.343263903906846,5.364894130857761,5.386381724253198,5.4077312362279,5.428824311278388,5.449688262213155,5.470623529925663,5.491806130292888,5.513070669085603,5.534439906977553,5.556174833027706,5.57805846214634,5.600186389163192,5.622549509808763,5.64524797104754,5.668454753999999,5.692358013569118,5.717221773570361,5.743074864190474,5.769970393668203,5.797893188221043,5.8259252340078715,5.853957279794701,5.881962012773032,5.910051718933352,5.937881953412958
Noxubee,Mississippi,33.10627,-88.565787,2.736918944401482,2.7487030219508513,2.7601675153170824,2.7711625310337453,2.7816569591361113,2.791707363196417,2.8012279551301034,2.810302637569321,2.8189596923001905,2.8270831639996237,2.834676823572438,2.8417623537213217,2.84837369258962,2.8545212101655744,2.8601539992341736,2.8654078123687836,2.8704240585,2.875231962140142,2.87994087952887,2.8845781497260976,2.8891211473029306,2.8936226649267898,2.8980695044308193,2.9024079304213957,2.9067642682098462,2.9110489588067976,2.9152959403555903
Nuckolls,Nebraska,40.176492,-98.046842,3.9477804821358315,3.9600326397380985,3.9722325832168055,3.983926276714912,3.9951273413081276,4.005806264665745,4.015940344994913,4.025604498212044,4.034894071847114,4.043829497513692,4.052279104813236,4.060233813028605,4.06772540466979,4.074669883103241,4.081071788687527,4.08693566178122,4.0924022534999995,4.097467023485299,4.102263912314945,4.1067929199889335,4.111183446726526,4.115351495894167,4.119412846635403,4.123070105463874,4.126423160268127,4.129526495351005,4.132287033361818
Nueces,Texas,27.739406,-97.521643,307.84185460675,312.9574869682507,318.09878797766515,323.2460801704256,328.3974397720632,333.5524820276841,338.70643872485476,343.9000526585774,349.1620842571623,354.4888096428875,359.8762988193379,365.32203713845763,370.82469169936473,376.3874367299331,382.0141060378541,387.7094678355615,393.4791560339999,399.34834459621965,405.34146545797614,411.46463347383104,417.72357874345244,424.12540549112936,430.6365301111327,437.25581208002774,443.98977848976216,450.84791080021887,457.82732334969427
Nye,Nevada,37.966379,-116.459047,18.52899126046117,19.050187603832196,19.581167869485597,20.120449890386862,20.668446729480028,21.225668640990087,21.791346193942854,22.366240720039094,22.951324132088327,23.547187677049667,24.153393994158833,24.769116957527746,25.393408952167135,26.025913610046853,26.665011076484383,27.310247792168628,27.960983914499998,28.616692990706674,29.278662805261252,29.945573176597478,30.616298305711016,31.289906776159444,31.965588660601462,32.643011888827175,33.32137463276875,34.001138551010705,34.681914878429225
O'Brien,Iowa,43.083746,-95.625624,11.503028322123633,11.537991108510553,11.571479490411066,11.602519584861781,11.63075443077651,11.656187908167063,11.678474695982674,11.697560474058054,11.71370908319604,11.726645042558374,11.73614331146029,11.742390130468499,11.745020778473194,11.744140015793157,11.739484001625549,11.731242856548885,11.719560140999999,11.704358254742761,11.686118319241162,11.66494509481397,11.640846341484798,11.613736698993904,11.585823894059104,11.557053606515097,11.52735599614938,11.497219944449544,11.466102249762704
Oakland,Michigan,42.660452,-83.38421,1949.8601615459806,1959.1794596806749,1968.296072581809,1977.0965656158303,1985.5922630524153,1993.7862358799523,2001.647774214568,2009.0924258756124,2016.135929678571,2022.7231997692477,2028.8116261837686,2034.3612860730984,2039.3426211740111,2043.714365080052,2047.4578999241241,2050.543475506225,2052.9543933269997,2054.749961849677,2055.977589457485,2056.646489115585,2056.7674092833336,2056.3587758910535,2055.8263432794124,2055.183738959378,2054.4202144715946,2053.5459424650962,2052.6048764611746
Obion,Tennessee,36.358175,-89.150175,11.559010797776873,11.661822924850897,11.765280181356468,11.868860598935333,11.97270493309983,12.076758445595159,12.180927299413103,12.28565135552971,12.391161296590194,12.497247944263732,12.603801822040719,12.711037973065014,12.81870225543933,12.926970613554095,13.035782444341496,13.145405574262504,13.25578722,13.367201072827967,13.47993841845944,13.594212345100594,13.710116689759658,13.827518516674974,13.945950595743092,14.065274126389346,14.185430460483596,14.306534939348454,14.428679445054467
Ocean,New Jersey,39.86585,-74.263027,2625.173693796812,2643.6736801181023,2661.561816831328,2678.6793978869687,2695.1295066429025,2710.961719846029,2726.1863156024124,2741.0520845382566,2755.696874193717,2770.0940824119234,2784.211665685733,2797.993396729029,2811.377909202663,2824.3443445972694,2836.827709006852,2848.786285412681,2860.2261197595,2871.2880825598363,2882.140553374802,2892.7185382984044,2903.072520969252,2913.1308569421312,2923.1888906177737,2933.2375530790637,2943.2620317613787,2953.2435842360132,2963.2505296785716
Oceana,Michigan,43.647255,-86.807575,42.44898670916801,42.65187036742211,42.850341512945725,43.04193064287548,43.22688428964612,43.40526930951114,43.57641713993562,43.738489233948506,43.89182822984896,44.03523489358999,44.16778159465434,44.288599201746635,44.39704422342701,44.49221827878916,44.57371605179628,44.64088987249268,44.69337621,44.732466225713786,44.75919201304733,44.773754140761135,44.776386605742395,44.76749054551207,44.755899342562834,44.74190967151957,44.72528753549505,44.70625439582896,44.685767132649396
Ochiltree,Texas,36.278744,-100.815864,8.516929303791429,8.65846132263515,8.800703505013601,8.943111442906584,9.08563191206631,9.228254267643228,9.370846589537464,9.51453609128247,9.660118475382625,9.807490714901148,9.956544080303278,10.107208999893695,10.25944859687215,10.413350691247489,10.569021351342082,10.726592497255796,10.886219999999998,11.04860033687428,11.214409455825507,11.383816533926996,11.556980103402504,11.734096713795644,11.91423722180936,12.097370073068188,12.283675849841394,12.473416871635921,12.666513302080089
Oconee,Georgia,33.834125,-83.437728,34.03591331734519,34.55474968246534,35.07330344010412,35.58940664245921,36.103403838377744,36.61453624612893,37.122544486243555,37.62682075906989,38.12788769488172,38.625091038002985,39.11795461418424,39.60599837784069,40.089555263813395,40.56835814996246,41.04259286038518,41.51309173218426,41.979804438,42.44386915042861,42.90664857951729,43.367763334400586,43.82657077340859,44.282741833035516,44.73725596112783,45.18909499648549,45.63779050752978,46.083292166901,46.52508121566075
Oconee,South Carolina,34.748759,-83.061522,42.91060350829997,43.345117011115626,43.7774833544708,44.20649603924012,44.630805422334134,45.05091250762695,45.4656312451309,45.87549331242666,46.28116330649008,46.681301808800605,47.075755450825326,47.46384941101954,47.845266727748594,48.22113210358703,48.590453755355476,48.95292494598816,49.308770616,49.65898254857033,50.004838814806575,50.34626784272673,50.683269632330784,51.01599755215163,51.34634314742826,51.673805414286534,51.998864907462874,52.32160342350815,52.64189826759603
Oconto,Wisconsin,44.996575,-88.206516,76.64033338138174,77.13451092338964,77.62796632876176,78.1153391217017,78.59679594912538,79.07160078715405,79.53815660284319,79.99472749081828,80.4418828280422,80.8755814268031,81.29399017102557,81.69531760636309,82.07814723403015,82.44063205070826,82.78081395513499,83.09813745759054,83.392255377,83.66391762448514,83.91529060995332,84.14670762723645,84.35857140638137,84.55072918771518,84.73699877801873,84.91535263981464,85.08747112950542,85.25415970718481,85.41715427822727
Ogemaw,Michigan,44.33328,-84.128073,34.779631967595634,34.94586017498871,35.10847308833789,35.26544737546521,35.416985027231064,35.56314082081795,35.703366984401036,35.83615714546202,35.96179203706113,36.079289093487596,36.18788828133444,36.286877497229376,36.37572951079104,36.453708253629785,36.52048163907679,36.57551901317678,36.618522525,36.65055005888314,36.6724472375808,36.68437839264041,36.68653524420069,36.67924645535653,36.66974946134351,36.658287335908895,36.64466835891401,36.629073979775825,36.61228819691863
Ogle,Illinois,42.041884,-89.320176,77.02673276670652,77.32461248988496,77.61441228189426,77.89116362439675,78.15583464780381,78.40894290610899,78.64929498069192,78.88181676779666,79.1098754128163,79.33076136837298,79.54410321336555,79.74726446686239,79.9403181953096,80.12140120433065,80.29152424643044,80.45001145698217,80.596674081,80.73419122150908,80.86627708952162,80.99245066426722,81.11332692166754,81.22861968480854,81.34274338481129,81.45636779743205,81.56862221418766,81.67985978956779,81.7911399870415
Oglethorpe,Georgia,33.866806,-83.074081,6.964759877613843,7.070929224830811,7.17704074215413,7.282650803002383,7.387829912314402,7.4924228007866915,7.596376391667549,7.699566311076107,7.802099504706104,7.9038420923927895,8.004696634726317,8.104564900106517,8.203515016901248,8.301492323978156,8.398534846472794,8.494812905304812,8.590316201999999,8.685277640513597,8.779976071839641,8.874333861326381,8.968219505380043,9.06156566782309,9.154572772807482,9.247032474278015,9.338848917205498,9.430011803115715,9.52041497850525
Ohio,Indiana,38.940527,-84.964299,7.820063223332431,7.858322395941136,7.896081119912176,7.932871639232456,7.9687065279883464,8.003603389900773,8.037530789753802,8.070549083162023,8.10288711849744,8.13451094572684,8.165335061062885,8.195325514472362,8.224604274593103,8.252994046807231,8.28052123669614,8.307138062731605,8.332857098999998,8.357807858590974,8.382137458315094,8.40589493710922,8.429012394906934,8.451448337223205,8.473874220270377,8.496200768035196,8.51852983061729,8.540812369079804,8.56308862049913
Ohio,Kentucky,37.477859,-86.844871,11.086408814708712,11.146344350181867,11.20493055301204,11.261364249006977,11.315811427499744,11.368296183716112,11.418773004451845,11.467630090566539,11.515191388984398,11.561293587619668,11.605950072708884,11.64920635745627,11.691032992141452,11.731448717495574,11.770624877346323,11.808540053715237,11.845295981999998,11.881200545640972,11.916639268250439,11.951491673699566,11.985840756654879,12.01993550111598,12.054260488845525,12.088815719843517,12.123708284002252,12.15902117598827,12.194856131199248
Ohio,West Virginia,40.098932,-80.620728,12.86749865821637,12.89693158230574,12.921954176647203,12.941758117139043,12.956059781289435,12.965362599021368,12.969638208085662,12.969340404469246,12.964561365481956,12.955520898554962,12.942112645253827,12.924379148952324,12.901753164666808,12.875199008869476,12.844248704448827,12.809419862452438,12.770896837499999,12.727963482799643,12.681917371251487,12.632822317916185,12.5807492284167,12.525017408772642,12.466165741718484,12.40326536359349,12.337252228620693,12.26781435205908,12.195476435518536
Okaloosa,Florida,30.665858,-86.594194,399.06029142216926,406.66064731464377,414.4363497646385,422.36194449042614,430.4463033310758,438.69588275585784,447.11493288662996,455.7323452621413,464.5737831865057,473.6434735568713,482.9379558915069,492.45980813317874,502.21288558368127,512.1953999403748,522.4148992338813,532.884900245191,543.6097459949999,554.6160752252255,565.9288544986935,577.5550512282855,589.5104582165333,601.8093122104243,614.2963792509573,626.9704516532323,639.8419108624432,652.92192796391,666.2186548307039
Okanogan,Washington,48.550971,-119.691035,57.65057347640447,58.21013694575977,58.79469332441629,59.40221616026853,60.033971985882445,60.69154631239613,61.374882849473316,62.084994823166774,62.82353341667355,63.59049862999366,64.38554333938681,65.20869569002114,66.05901750962558,66.9364900347547,67.83992178662425,68.76979123309245,69.72623909999999,70.71358097979379,71.73533501849032,72.79189524844344,73.88634825642497,75.0200074836144,76.1681614723918,77.33094156687514,78.50954862757143,79.70424534271648,80.91549141672314
Okeechobee,Florida,27.385592,-80.887388,86.57733051427394,88.22625058543369,89.91321261965338,91.6326942339511,93.3866202004975,95.17639126972051,97.00292951834068,98.87250305258931,100.79067960348381,102.7583762090741,104.77484210744015,106.84063659101905,108.95659607913103,111.1223325941396,113.33948370399104,115.61098191497683,117.93776945849999,120.32562568974318,122.77996717960572,125.30230552926879,127.89606703474308,130.5643404011088,133.27344715404908,136.02312528269252,138.81562707279906,141.6533761249292,144.5381410124649
Okfuskee,Oklahoma,35.466804,-96.327762,6.2436784035366255,6.268868674662363,6.29424587006147,6.3194557237301305,6.344503576361869,6.369250569925038,6.393728748580787,6.418290598101762,6.4431426253042545,6.468090784990194,6.493161780627209,6.518661811977388,6.544336305982714,6.570297417207209,6.596534464263824,6.623164942410106,6.6503917979999985,6.678435779699201,6.707606647732155,6.7379382264911865,6.7694928240674175,6.802252638149099,6.835140628875378,6.868028619601656,6.900884566166786,6.933840205677713,6.966491425657722
Oklahoma,Oklahoma,35.554611,-97.409401,419.2953525502217,420.98700976410356,422.69121991137456,424.3841921944687,426.06628526862534,427.7281740976128,429.3720106128691,431.0214660602138,432.6904084422485,434.3658066185976,436.04945386545967,437.76191308324366,439.4860883721909,441.22951149233506,442.9914651331966,444.77983971004875,446.6082641219999,448.49156278562407,450.45053770482315,452.48746036278214,454.60651507063056,456.80650631090293,459.01510527692795,461.22370424295286,463.4301512775398,465.64329320993414,467.83599179366604
Okmulgee,Oklahoma,35.646879,-95.96458,17.90573314630216,17.977974258593427,18.050751435675544,18.123048707135375,18.194881389109796,18.265851262039888,18.336050222746948,18.40648913626515,18.47776022655392,18.549307007306552,18.621206059207463,18.694335507437852,18.767965282806376,18.84241702418754,18.91766009930759,18.994031463177908,19.072113128999998,19.152538163764962,19.236194903411935,19.323180350141165,19.413673192216258,19.50762237584762,19.601939146764146,19.69625591768067,19.790480791775906,19.884991567092932,19.978629322607702
Oktibbeha,Mississippi,33.422313,-88.876151,12.560192542611219,12.614271704604638,12.666884239724792,12.717342261031131,12.765502999535988,12.811626035216932,12.855317671774653,12.896962952842548,12.936691668409388,12.973971679521172,13.00882029150973,13.04133701003313,13.071677583077918,13.099889600306645,13.125739439739498,13.149850093322641,13.172870511000001,13.194934809093313,13.216544842225883,13.23782607405353,13.258674672585233,13.27933291246672,13.299740225036556,13.319650009316051,13.339641993921777,13.359305177222584,13.378795307205014
Oldham,Kentucky,38.400046,-85.456059,29.136847061320193,29.294367188875185,29.448341055462304,29.596657791457822,29.73975364325064,29.877691936929477,30.01035305654898,30.138757255760623,30.263755918645973,30.38491983504822,30.502284186127735,30.61596858782988,30.72589564160179,30.832114601068007,30.93507578508159,31.034722903785926,31.131323333999994,31.22568624241291,31.318824846444066,31.41042251564989,31.50069737322485,31.590303788752294,31.680515320238534,31.77133196768358,31.863035180370595,31.955843081494038,32.05002304787289
Oldham,Texas,35.401921,-102.59762,2.3166047706312685,2.3551014797567604,2.3937913533637,2.432526312470591,2.4712918800820365,2.5100851607989574,2.5488702723541894,2.5879538168288305,2.6275522253040733,2.6676374744531115,2.7081799898424905,2.7491608479710847,2.790570018349225,2.832431388019317,2.8747738075650457,2.9176331592535756,2.9610518399999997,3.005219291629804,3.050319371984537,3.0963980972281426,3.1434985881254813,3.1916743061524144,3.2406725243321457,3.290484659874547,3.341159831156859,3.3927693890849704,3.4452916181657844
Oliver,North Dakota,47.118079,-101.33142,1.1432642447633243,1.1439861354648568,1.1447260284282728,1.145291299451418,1.1457575580342032,1.1460455942243408,1.1460653967124133,1.1459015761292721,1.1455757351891789,1.1450986752492636,1.1443299786668335,1.1433830596917562,1.142176908145555,1.1406827204092156,1.1388716928637257,1.1367888311637928,1.134344124,1.1315519731818533,1.1284897884354526,1.1251017627489588,1.1214869085627315,1.1175390125316575,1.1132364719414771,1.1084730734470758,1.103320826095989,1.0978463382571857,1.0919559981688716
Olmsted,Minnesota,44.00343,-92.406722,296.4487059302424,299.2321367016124,302.04985799853404,304.87902874580845,307.7234654268866,310.58287891423436,313.4510240531137,316.32761171599054,319.2073219562364,322.07818489393685,324.93713577722986,327.7671739071068,330.5641358470756,333.3140856499899,336.0130911813849,338.6487777827987,341.214958125,343.7262042357108,346.1851760882451,348.5885776287137,350.9395314344855,353.24370440522995,355.5357918450465,357.81712374059225,360.0923839579206,362.37238586680917,364.65516340002574
Oneida,Idaho,42.18389,-112.520465,2.532755623414809,2.571498243678148,2.610984684237122,2.650893293071997,2.691247828570595,2.7319623950231002,2.7729529242879907,2.8141883477042704,2.8553890473229644,2.8966920907661198,2.9379238590458114,2.979018559703457,3.020036502492757,3.0609301706380685,3.101571634358816,3.14202668611358,3.18240498,3.222839928503531,3.2632456359143593,3.303874306657049,3.3446254244754328,3.385802365706306,3.427395992508199,3.469461131929929,3.512191506210656,3.5555432537113227,3.5996223733929806
Oneida,New York,43.242727,-75.434282,288.29566216235247,289.0639794806439,289.76508197971737,290.3886277635387,290.94063584561974,291.426599889166,291.8496870060254,292.2269035361206,292.5747004490501,292.8861731407857,293.1619520316948,293.39612317832706,293.58554948885194,293.72707886143036,293.8205762059834,293.8623490603566,293.84974065299997,293.7971906123385,293.71931868690245,293.611771974152,293.47216388269464,293.29825792122546,293.11678691534223,292.9316084372959,292.74321781737524,292.5481177235398,292.3563798716663
Oneida,Wisconsin,45.713791,-89.536693,82.43236703556416,82.96389166138766,83.49463957566019,84.01884518879146,84.53668774190865,85.04737558670017,85.54919099569742,86.04026687382584,86.52121562826989,86.98769066169602,87.43772032170548,87.86937776618133,88.28113944554278,88.6710187706305,89.03690965820033,89.37821463782846,89.6945602905,89.98675320128712,90.25712350484288,90.50602968342157,90.73390490308051,90.94058485945314,91.1409316293329,91.33276444567268,91.51789065650469,91.69717659394348,91.87248935306364
Onondaga,New York,43.00653,-76.196117,581.186769665029,582.7356513129397,584.149031915285,585.406062829726,586.5188780266228,587.4985524016155,588.3514706623,589.1119165703165,589.8130542940302,590.4409645656967,590.9969182749794,591.4689932664626,591.8508653511058,592.1361800805907,592.3246651214182,592.4088766912727,592.383458898,592.2775211667531,592.1205360340169,591.9037283092573,591.6222867673187,591.2717027758229,590.9058681083636,590.532559399311,590.1527752048295,589.7594651132138,589.3729330998038
Onslow,North Carolina,34.76346,-77.503297,172.2296571275682,174.76876578782282,177.3291622168374,179.89937913540263,182.48291095084326,185.08023965037648,187.6903008455643,190.31534381008703,192.9630000082171,195.63349035076243,198.3268750861252,201.04429893394624,203.78889481113737,206.56269108057103,209.36924239797418,212.2048535280149,215.072516808,217.97317612956303,220.9116915304778,223.88697853950538,226.8940365392673,229.93105807769905,233.00099532650592,236.09860667470096,239.2253180011348,242.38277609546648,245.56724555676263
Ontario,New York,42.856695,-77.303277,133.06979236150406,133.42442768707897,133.74803839726474,134.03585094136838,134.2906435397497,134.51495192470708,134.71023795283887,134.88435130910162,135.04488533393015,135.18865304137546,135.31594541711124,135.42403273839,135.51146700507402,135.57679328879541,135.61994923548122,135.6392305004718,135.633410787,135.60915505263702,135.57321139371808,135.52357062344936,135.45913115320943,135.37886067668003,135.29509837206749,135.2096247945651,135.12266857577333,135.03261543802702,134.94411422387313
Ontonagon,Michigan,47.216604,-89.500461,9.223387795375308,9.267470700586749,9.310594847551636,9.352223658501297,9.392410700421099,9.43117049995114,9.468357790690431,9.503573090036237,9.536890847019068,9.568050490032139,9.596850461944076,9.623101916433585,9.646665034589713,9.66734461468612,9.685052588967208,9.699648230607016,9.711052550999998,9.719546095883077,9.725353120262787,9.728517204059424,9.729089190513335,9.727156239465117,9.724637683237896,9.72159798379711,9.717986297902412,9.713850745049132,9.709399237773694
Orange,California,33.675687,-117.777207,3890.4277067786416,3935.295536497614,3980.1227453428933,4024.640711407778,4068.8913659167306,4112.940226407968,4156.77484454923,4200.753382882778,4245.303124953699,4290.325139279282,4335.701275898938,4381.292310043952,4426.982712455264,4472.657718245096,4518.224074117379,4563.646073013789,4608.8031626639995,4654.043132000057,4699.616694801546,4745.493931392679,4791.5997149963,4837.943545655448,4884.41939415411,4930.9735361109415,4977.645172852979,5024.490212679503,5071.588259399448
Orange,Florida,28.514435,-81.323295,2675.45755435117,2726.4133372876545,2778.5447126898175,2831.68102501562,2885.881754572598,2941.1901880767064,2997.6348200208204,3055.409350673459,3114.6858369451606,3175.4926176211916,3237.8064922674603,3301.6447444288256,3367.0332215687727,3433.959934201227,3502.4754872998774,3572.670502694528,3644.5740977084997,3718.36486897201,3794.2102021672586,3872.156809577649,3952.310572378898,4034.7669393367614,4118.48516077699,4203.457139903793,4289.7524780194435,4377.446070485,4466.592570672044
Orange,Indiana,38.547381,-86.489257,28.534112721624506,28.673714092185765,28.811489408733042,28.945731907213073,29.076487468379973,29.203820325289513,29.327615776056394,29.44809404830039,29.566090171746485,29.681480268358563,29.793952349008602,29.903382535660473,30.010215871629146,30.11380543828153,30.214247585201278,30.311367965522727,30.405212459999994,30.496253640400536,30.585028311547532,30.671715408382067,30.756067174831887,30.8379322044084,30.919760529381616,31.001226396397286,31.082701439563778,31.164006723940016,31.245289067939204
Orange,New York,41.40241,-74.306252,475.74198359283747,477.00985145561106,478.1668022439419,479.1957698871978,480.1066868880254,480.90861882240637,481.60679201966343,482.2292701344067,482.80320035591467,483.3171887908768,483.7722757512915,484.15870211984463,484.47129110588014,484.7048411494086,484.8591293264305,484.92806238095807,484.90725614099995,484.8205387051751,484.6920354041012,484.5145631311261,484.2841835622579,483.9972060668373,483.6977448274419,483.3921655627255,483.08128566068655,482.75933386666986,482.4429304033087
Orange,North Carolina,36.062499,-79.119355,130.75537062879286,132.68304150427082,134.62687388259616,136.57816189761246,138.5395584752588,140.5114295363544,142.49296700575687,144.48587851395573,146.49595780725474,148.52337259936277,150.56816863038222,152.6312149622586,154.71489008031668,156.82073390133715,158.95144509136156,161.10421825744282,163.281325158,165.48348238797067,167.71437964894838,169.9731936190899,172.25612786989615,174.56181019829526,176.89248186930462,179.24416349401565,181.61793758818516,184.01505438127862,186.43267798694734
Orange,Texas,30.120918,-93.893358,73.82729828405525,75.05414028299828,76.2871381925094,77.52157292054714,78.7569831033644,79.99327646821179,81.2293094920876,82.4748532000638,83.73680498015918,85.0142717639776,86.30631105129287,87.61231977377852,88.93197827226686,90.2660477969406,91.61544777983856,92.98132174396241,94.36502082599999,95.77258230012733,97.20986548593223,98.67833686103937,100.17937063032392,101.71467054419477,103.27618250981007,104.86363300437695,106.47858736918016,108.12331946840166,109.79713725642083
Orange,Vermont,44.003392,-72.369687,76.35928889417282,76.88396938619704,77.40913727301185,77.93247742936207,78.4589856518509,78.98488463085151,79.50773739241116,80.02620360085594,80.53821182832594,81.04315283133302,81.54175770206298,82.02476593949542,82.4946145175831,82.94594209362994,83.37155959447543,83.77731575760612,84.15918957599999,84.51291634523973,84.84556328978832,85.15493713308825,85.43652947332701,85.69472686361947,85.93452510056879,86.15214687454817,86.35977705532136,86.5524198462852,86.74006684064594
Orange,Virginia,38.250439,-78.00998,70.22722835748174,71.09139488414714,71.95674743129415,72.81945496450986,73.68064702711011,74.54064365636776,75.3993224850902,76.25818957103195,77.11819561315055,77.97904881275605,78.83881012048955,79.69741364632426,80.55298623092808,81.40555611288389,82.25382431737843,83.09810146882356,83.93819931,84.77755353516014,85.61831968946512,86.45980122120349,87.30222403903842,88.14489159125844,88.995343579497,89.85308112212289,90.71919611100815,91.59499693382695,92.48153783100746
Orangeburg,South Carolina,33.436135,-80.802913,50.16331781443703,50.67127242598634,51.176716966979505,51.678241016818255,52.17426681686732,52.66538005025646,53.15019420182133,53.62933081284248,54.10356680992065,54.57133638713744,55.03246025373888,55.486149530407296,55.93203368291773,56.37142751013293,56.8031715985103,57.2269073665418,57.642897774,58.0523022344275,58.45661483744105,58.85575191402215,59.249713464170746,59.6386787786409,60.02485911006539,60.40766877531448,60.78766955208404,61.16495706210954,61.53938787278781
Oregon,Missouri,36.684867,-91.402902,13.617098943951,13.692926835489565,13.76895423660933,13.844288104423033,13.918942689615047,13.992796861368218,14.065610733162302,14.137647942658159,14.209077122954188,14.279413750781758,14.348341935970657,14.415887804775561,14.481638087349708,14.545580908122787,14.60752150774173,14.667431384837787,14.725426919999999,14.781866755451702,14.837615432711406,14.892323810012016,14.946331528664384,14.999714592318485,15.053396920344383,15.107247881468666,15.161654619283427,15.216657510727707,15.2723943124171
Orleans,Louisiana,30.068636,-89.939007,67.87476669378958,68.14057792910654,68.39947638919476,68.64737452000597,68.88329551634477,69.10725440598343,69.31828941149881,69.52033780921684,69.71377529344342,69.8984065031395,70.07224777236988,70.23561468435146,70.38835696136196,70.53154157523012,70.66628058110145,70.79518881134504,70.91846162700001,71.04144891498248,71.16635975781121,71.29650026537819,71.4299168272927,71.56823244295627,71.70068722744766,71.82702570863886,71.94733805316326,72.06278139948307,72.17287485888674
Orleans,New York,43.502287,-78.229726,49.753670551464005,49.88626570203456,50.00726101115602,50.114871688574155,50.210136487397726,50.29400349649911,50.36701929170359,50.43211880386466,50.49214111878584,50.54589464935981,50.593488192670264,50.63390112845574,50.66659206170443,50.69101700699776,50.70715265067494,50.714361752674236,50.712185811,50.70311679695058,50.6896777667054,50.671117502305506,50.64702412907681,50.61701167641285,50.585693658744326,50.55373581060732,50.521223615424745,50.48755350842265,50.45446365253369
Orleans,Vermont,44.828442,-72.25163,73.64303644346946,74.1490530022259,74.6555396181665,75.1602635196665,75.66804279286356,76.17523449458045,76.67948833889628,77.17951166855458,77.67330674052266,78.16028598332032,78.6411544827238,79.10698115223391,79.56011627777151,79.99538923031072,80.40586666638511,80.79718927220465,81.16547907599998,81.50662307740964,81.82743710560405,82.12580590325445,82.39738144140729,82.64639423472009,82.87766236933057,83.08754290206141,83.28778726251682,83.47357736455906,83.6545493804636
Osage,Kansas,38.649706,-95.727275,18.065443515176604,18.140186244148207,18.21463888931679,18.287449923872874,18.359192922608774,18.428635029361693,18.49594106447425,18.561493411141317,18.625714009440014,18.6882798114988,18.749012811347644,18.807253727616065,18.862831147147734,18.915962632794916,18.965731783452632,19.012698988285806,19.056963139499995,19.098728614320063,19.13819319715714,19.17577223527464,19.21114927361473,19.244436390010392,19.275917075450927,19.305314431760745,19.3328592074195,19.359065641896173,19.3834260885355
Osage,Missouri,38.464254,-91.859504,17.272038364786738,17.36821907531589,17.464652845410434,17.56020693225388,17.654899411529467,17.74857663992965,17.840934343453178,17.93230692224004,18.022908271875256,18.112123819128602,18.199552886354898,18.285228612306742,18.368626802170137,18.449732392875703,18.52829835008581,18.604288522433972,18.677850528000004,18.749439271478806,18.820151344320386,18.88954389228532,18.958047719157545,19.025759228581002,19.093850327352534,19.162155321709097,19.231165267712086,19.300931379797355,19.371628389569565
Osage,Oklahoma,36.62468,-96.408385,24.001214894328427,24.098048374764048,24.195600407527994,24.2925091648742,24.388795176869195,24.483924661783377,24.578020800015867,24.67243857595723,24.767971818846362,24.863874602932928,24.960249578549526,25.058273802843505,25.156968675977257,25.25676532934776,25.35762270282198,25.45999245786343,25.564654736999998,25.67245811631465,25.784593339665754,25.90119043080795,26.022488907184027,26.14842033523889,26.274844484890316,26.401268634541744,26.527569603794024,26.654253800954752,26.77976778432364
Osborne,Kansas,39.348649,-98.767876,4.0191391445671085,4.035767655653988,4.052331629871518,4.068530384078406,4.0844915252663245,4.099940771740533,4.1149147921767995,4.1294986579029045,4.143786240728811,4.157705670050015,4.1712173436966875,4.184174586965763,4.196539264434439,4.208359778754732,4.2194322520893754,4.229881357935978,4.2397290975,4.249020939939391,4.2578008876650735,4.266161345739979,4.274031910306638,4.2814375160645675,4.288441233136091,4.294981458145915,4.30110952724012,4.3069398466870945,4.312359476965477
Osceola,Florida,28.059027,-81.139312,659.0163113916717,671.5676942608421,684.4086480145038,697.4971369322053,710.8478121500895,724.4713360133071,738.3747272598529,752.6056979665888,767.2066290378013,782.1845008577258,797.533598716191,813.258179880506,829.3646110747535,845.849939059449,862.7266288064417,880.0170022037811,897.7282314045,915.9043081707855,934.5864627941378,953.7862014024178,973.5296045521087,993.8401830978064,1014.4615805107773,1035.3918023955257,1056.6479928825634,1078.2486001302275,1100.207086308114
Osceola,Iowa,43.378542,-95.633788,4.772226115246359,4.786731019310321,4.800624241702515,4.813501750581851,4.8252154545962185,4.8357669634342235,4.845013014809588,4.85293107308177,4.859630597076245,4.864997298901708,4.868937816618784,4.871529415280751,4.872620784158275,4.8722553848438235,4.8703237585119235,4.866904779904459,4.862058007499999,4.855751247526344,4.848184101371125,4.839400030626807,4.829402254670612,4.818155360353122,4.806575260493378,4.794639419450843,4.782318862830539,4.769816411397312,4.756906708745779
Osceola,Michigan,43.997552,-85.322283,42.0550501865473,42.25605103701198,42.452680323896104,42.64249146190031,42.825728695580715,43.002458260749144,43.17201779928733,43.33258582637003,43.484501800532875,43.62657761690121,43.757894253585924,43.877590645033315,43.9850292715545,44.07932008942809,44.160061544044865,44.226611975977775,44.278611227999995,44.31733847922744,44.343816245005165,44.35824323276868,44.36085126785935,44.35203776514816,44.3405541312727,44.32669428764796,44.31022640893254,44.29136990125312,44.27107276466647
Oscoda,Michigan,44.685121,-84.124894,10.645591697907534,10.696471983996544,10.746245675734729,10.794293457533696,10.840677156161162,10.88541353819819,10.928334937834054,10.968980274089242,11.007435475691755,11.043399792093595,11.076640586982366,11.106939894804125,11.134136337216042,11.158004613284938,11.17844307561307,11.195289297946283,11.208452112,11.218255322371187,11.224957763155166,11.228609734095155,11.229269918224906,11.227038915030866,11.224132009037316,11.220623601947766,11.216455010728462,11.211681774679208,11.206543865491616
Oswego,New York,43.461443,-76.209258,150.44600854122717,150.84695204819175,151.21281975418754,151.53821477961043,151.82627812405585,152.0798766350349,152.30066305797058,152.49751208748054,152.67900860026458,152.84154945464212,152.98546363311434,153.10766496650277,153.20651637521772,153.28037294675283,153.3291641848579,153.3509631920254,153.344383542,153.31696050064411,153.27632332882055,153.22020048068723,153.1473465224893,153.05659434963897,152.96189438677337,152.8652596934836,152.76694875602075,152.6651365047944,152.5650788269081
Otero,Colorado,37.88417,-103.72126,24.671445563426126,24.903626061326356,25.135903629161138,25.366708969655217,25.59695346163854,25.826318931436766,26.055479475817602,26.285626897866383,26.518184889956537,26.75308873879837,26.99064583251795,27.230775279503167,27.473514829173006,27.718341382435707,27.96582118057617,28.215576729404475,28.467737455499996,28.72286960014765,28.98218653752932,29.245440200034494,29.512393305600924,29.783229208549432,30.06071440201477,30.344331179679305,30.634624211731367,30.93240780706635,31.236873049563016
Otero,New Mexico,32.588776,-105.781079,29.908506594820427,30.188719990864136,30.459743720733428,30.720228696993374,30.96915913616355,31.2060747613544,31.42937253926088,31.642417252661883,31.847367441453294,32.04300099113524,32.228413219545466,32.402524856736036,32.565732693128986,32.71654479673744,32.851612256399406,32.97401416578989,33.0818618025,33.17639315264649,33.259893729060316,33.33074462681954,33.388882359456645,33.43489417679625,33.45876508858609,33.460130047637904,33.43773519621804,33.39327879733283,33.32576093911873
Otoe,Nebraska,40.637992,-96.131027,14.652320584879174,14.697794881602928,14.743075383843696,14.786476922184264,14.828050051707146,14.86768523640022,14.905298217792629,14.941167048838214,14.975645615114585,15.008809749245529,15.040170752100039,15.06969492028978,15.09750021567395,15.123274881910376,15.147035770693211,15.16879973371664,15.189089173500001,15.20788723834912,15.225691053242073,15.242500618178871,15.258796206443414,15.274266061693519,15.289339902130573,15.302913941786302,15.31535891793249,15.326877050899208,15.337122880955922
Otsego,Michigan,45.021794,-84.576597,40.224951380671584,40.417205328807455,40.605277949571075,40.78682912508653,40.96209247118238,41.13113134130365,41.293312201,41.44689283053302,41.59219791630848,41.72809105590609,41.85369322027603,41.96818081463284,42.07094406206806,42.161131650664075,42.23835950016033,42.30201387405811,42.351750288,42.38879225539322,42.41411779504552,42.42791696729194,42.43041150919015,42.42198154141035,42.41099763787759,42.39774092950425,42.38198967923271,42.36395374534965,42.34453987403708
Otsego,New York,42.629776,-75.028841,74.77193290044079,74.97120253404762,75.15303943240349,75.3147613367795,75.45792932954183,75.58396823898472,75.6936994825129,75.79153379908102,75.88173788762508,75.96252098034344,76.03404658212239,76.0947808614101,76.14391018674891,76.18061703370769,76.20486636552509,76.21570051072462,76.21243041299999,76.19880111284063,76.17860436641767,76.15071121142141,76.1145026650683,76.06939867430953,76.022332624916,75.97430501107252,75.9254443009039,75.87484343158901,75.82511458833402
Ottawa,Kansas,39.137963,-97.654803,6.236094060749744,6.261894849301236,6.287595502482149,6.312729480497734,6.337494778285274,6.361465820519804,6.384699502298244,6.407327820245452,6.429496425809543,6.45109380460055,6.472058509913803,6.492162961361618,6.511347988043201,6.529688691486481,6.546868734952584,6.56308156177104,6.578361308999999,6.592778526559645,6.606401488566282,6.619373570664147,6.631585534267157,6.643076068041213,6.653943031553021,6.664090841039755,6.673599149637104,6.682645470047459,6.691054565372303
Ottawa,Michigan,42.942346,-86.655342,487.3025803441939,489.63162840496994,491.9100220448501,494.10941205668536,496.2326285643701,498.28043905913046,500.24516862870917,502.1057112643998,503.8660003587339,505.51226903785073,507.03386836099355,508.42082094222843,509.665739678508,510.75831140648705,511.69388321060984,512.4650200196274,513.0675485999999,513.5162911260237,513.8230957434954,513.9902649260923,514.0204848931041,513.9183605918848,513.78529680063,513.6246992616532,513.4338817556646,513.2153865973495,512.9801985048755
Ottawa,Ohio,41.544467,-83.009253,37.81466521152894,37.89316830726701,37.968534976856915,38.03847727996109,38.10354656728137,38.16370982380568,38.218775562463904,38.268931968824944,38.314231866908145,38.35393241894154,38.38749217872696,38.414439031591535,38.4345418724507,38.447460646679936,38.453254781301055,38.45163374420762,38.44287155999999,38.42753938838727,38.4069347193444,38.38126554744754,38.3510370023816,38.31635803368648,38.28084048368437,38.24443813135835,38.20753064934742,38.170392062251885,38.13408215195971
Ottawa,Oklahoma,36.835764,-94.802681,19.038671026531397,19.11548300402856,19.192864964397618,19.26973665438613,19.346114359219005,19.421574663048556,19.49621527722425,19.571111026590213,19.646891606509683,19.722965320477552,19.799413594618375,19.877170115160386,19.955458619716158,20.034621098008824,20.11462497958856,20.19582853940341,20.278850615999996,20.364364332007973,20.45331423047219,20.545803451150405,20.64202198833326,20.741915557937705,20.842199972940016,20.942484387942326,21.04267109159517,21.143161786113023,21.242724222810942
Otter Tail,Minnesota,46.405725,-95.714578,106.11661720088534,107.11297256274734,108.12160254244634,109.13433096115331,110.15252396520427,111.17607805866459,112.2027577293482,113.2324594813205,114.26327898938588,115.29093152185422,116.3143200218193,117.3273589283299,118.32855789992861,119.3129284325703,120.27906298154524,121.22253192085489,122.14112043749998,123.04004472658157,123.9202569506975,124.78057725619392,125.62212339916394,126.44692389992463,127.26739827062131,128.08402259255297,128.89847349985916,129.7146217404919,130.5317635420963
Ouachita,Arkansas,33.591158,-92.878418,14.14263761079926,14.246296212041715,14.349354592738523,14.451135580992036,14.551911071579324,14.65133221837131,14.749209208033038,14.846306423994433,14.942931671663532,15.039438927259546,15.135238230417105,15.230791289248243,15.325467102666519,15.419645297341814,15.513336133454404,15.606447269381883,15.699199298999998,15.791976979068783,15.884821350309302,15.977906835786117,16.0714745497355,16.1649396618822,16.258127749161684,16.35053606274084,16.442144082259134,16.533049279429093,16.62255909208269
Ouray,Colorado,38.1506,-107.767133,5.471851028585869,5.52334606940084,5.574862639242954,5.626052685506716,5.677118341835864,5.727989040863651,5.778814289723022,5.829858417025027,5.881437181834447,5.933536231466522,5.9862237411738715,6.039481770100545,6.093318690645987,6.14761848527503,6.202506739979352,6.257899730764499,6.313826162999999,6.370411622677527,6.427925222636384,6.48631194425165,6.545519161012525,6.605587538859169,6.667130655065196,6.7300336881525045,6.794417439884511,6.86046251487782,6.927989504572892
Outagamie,Wisconsin,44.418226,-88.464988,476.882690052053,479.957633821195,483.02808420615827,486.0606864705404,489.05647754915174,492.0108776465793,494.91394947088986,497.754891617808,500.537246947936,503.2358697921203,505.8393538674464,508.33655212470177,510.71865061799775,512.9741566531852,515.0908862462413,517.065382947798,518.8954864770001,520.5858630404947,522.1499927908175,523.5899495975895,524.9082393866025,526.1039116342805,527.2629455186558,528.3727249995351,529.443705836257,530.4808998804052,531.4951085362551
Overton,Tennessee,36.34485,-85.283076,7.335130551764719,7.400373191259237,7.46602521774075,7.531755399919782,7.5976530585934965,7.663683457896325,7.729787050630167,7.796242964286147,7.863197585726291,7.93051817432148,7.998135258340581,8.0661853001126,8.13450702597599,8.203212086927206,8.2722620254008,8.34182679902471,8.411872912500002,8.482574045154486,8.55411504141563,8.626631123045803,8.700181837243115,8.774682825476917,8.849837592323281,8.925558057551683,9.001807004163304,9.078657625589141,9.156168228460686
Owen,Indiana,39.317339,-86.838845,28.549437164546966,28.689113508991447,28.826962818726994,28.961277413070864,29.092103197417767,29.219504439320286,29.34336637529165,29.46390935122643,29.581968845308115,29.697420912971,29.809953397531164,29.919442354422905,30.026333065974807,30.129978266121636,30.23047435619225,30.327646895686808,30.421541789999996,30.5126318646972,30.601454212896364,30.688187865636838,30.772584933787225,30.85449392954503,30.93636620098708,31.017875819811035,31.09939461971391,31.18074356965642,31.262069566901577
Owen,Kentucky,38.499603,-84.841509,3.321032031205132,3.3389862521291978,3.3565362684994717,3.3734414823672685,3.3897516173086504,3.4054738912620777,3.4205946703437915,3.435230243562323,3.4494776520903088,3.4632879743448495,3.476665220291756,3.4896230238147887,3.502152562989161,3.5142594517670096,3.52599501771072,3.537352844874994,3.548363409,3.559118939299398,3.5697349227885598,3.5801752697751805,3.590464842047292,3.600678224968986,3.6109605793026374,3.6213119050482443,3.6317642819322993,3.6423425717428333,3.6530772502200124
Owsley,Kentucky,37.423452,-83.691566,2.4590614533865893,2.4723556740339987,2.485350601019627,2.4978680833543185,2.5099449389091664,2.521586512213844,2.532782708045633,2.543619632715958,2.554169140457113,2.564395007234636,2.5743002022316777,2.583894820670959,2.593172330349544,2.6021368881238462,2.6108264995382178,2.6192364138996163,2.6273891969999994,2.635353140051879,2.643213755530047,2.650944320786132,2.65856324475568,2.666125754245328,2.6737393336852016,2.681403983075299,2.6891434558808416,2.696976161037376,2.704924664336861
Owyhee,Idaho,42.593063,-116.142655,5.987353430403172,6.078939747769141,6.1722844325660216,6.266627109688557,6.362023943207022,6.458271878405806,6.555172180882397,6.652651405314133,6.750048543797001,6.847687619813364,6.945158203618901,7.042304763942082,7.139269871115147,7.2359411969975405,7.332016319672403,7.427650770411261,7.5231037679999995,7.61869069529478,7.714208497579991,7.810253378063164,7.906587719523909,8.003928693936503,8.102254699735461,8.201695346313716,8.30270858685967,8.405190733858968,8.509392365471298
Oxford,Maine,44.494585,-70.734688,38.78163198899329,39.02241518604406,39.26186661762439,39.49584301338193,39.72466991598719,39.94663082772277,40.16409333164718,40.37347645838441,40.57392195907575,40.76350617248617,40.940453411321776,41.10355028926508,41.25362546038656,41.38801539374539,41.50565467696526,41.60550749245803,41.689142364,41.75641131764999,41.80574582963176,41.83924712990971,41.85724076115441,41.8589276640836,41.8528015429197,41.839986999615505,41.8195370009476,41.79417426743328,41.76111688897879
Ozark,Missouri,36.649643,-92.45858,11.708423271373539,11.773622551599358,11.838993376633136,11.90376787923924,11.96795831261824,12.031460524565302,12.094068252870848,12.156008181745404,12.217425307395697,12.277903021002395,12.337169709952887,12.395247838448224,12.451782063671907,12.506762174623468,12.56002071089513,12.611533166085762,12.661399608,12.70992840885216,12.757862929476744,12.804902966459816,12.851340554414925,12.89724104374511,12.943398850287238,12.989701653036095,13.036482330607127,13.083775600401951,13.131699910026054
Ozaukee,Wisconsin,43.360715,-87.496553,201.8612646216485,203.1628678268554,204.46256901248466,205.74624934090218,207.01434773970277,208.2649256120092,209.49377656837095,210.69632844634168,211.87408091520376,213.01638998078232,214.11842743953403,215.17547481981433,216.18380123706706,217.13854191044942,218.03453944072197,218.8703307359019,219.6450013635,220.36052649769297,221.02261219721387,221.63213631725228,222.19015959949584,222.69627969364927,223.18689101278488,223.65665327116545,224.109992322039,224.54902964878053,224.97833741383639
Pacific,Washington,46.556587,-123.782419,28.35544131502217,28.630662672947228,28.91817679623866,29.216986974191094,29.527716150995396,29.851144160490485,30.187243316267885,30.53651197368029,30.899762267376534,31.276994197356604,31.668037030768197,32.072904610815556,32.49113549735729,32.922720461590586,33.36707347453588,33.824429870665284,34.294858866,34.78048308519038,35.283032928766595,35.80270220158804,36.34100904171984,36.89859946535995,37.46331913918437,38.03523266481294,38.614930685626575,39.202542404864886,39.79829392819717
Page,Iowa,40.73909,-95.14429,12.205839791992828,12.242938733016878,12.278473186460287,12.31140976710532,12.34136970427456,12.368357115040581,12.392005579943717,12.41225745996783,12.42939271604841,12.443119036032227,12.453197629709607,12.45982611656442,12.462617491774088,12.461682916298283,12.456742429201528,12.447997767040272,12.435601261499999,12.419470571129093,12.400116212927555,12.377649347855062,12.352078210056774,12.32331222393592,12.293694003790874,12.263165910605508,12.231653837073372,12.199676534339625,12.166657612242979
Page,Virginia,38.623751,-78.490471,35.62290313782123,36.06125335032922,36.500205174117106,36.93781530925692,37.37465671887239,37.810891742515224,38.24645830918037,38.682120369699476,39.11836016803502,39.55502968871336,39.99114534503877,40.42667371416233,40.86066463223719,41.29313242334146,41.72341817988283,42.15167946672033,42.57782079,43.00358491255654,43.43006523901775,43.856908442123995,44.284229114500036,44.71167392888619,45.143067414133455,45.578156511528825,46.017495085425246,46.46174681810771,46.911446475158364
Palm Beach,Florida,26.645763,-80.448673,2841.7175474206747,2895.8398571832313,2951.21081382972,3007.6491568323545,3065.218062761949,3123.9635082852246,3183.9157586180436,3245.280551074791,3308.240634636493,3372.826109135318,3439.0123324009746,3506.817662023411,3576.2695516957046,3647.3552668734774,3720.128557257029,3794.685676155825,3871.0575503205,3949.433874847194,4029.992437206137,4112.7828525053,4197.917581656083,4285.498004862441,4374.418697518782,4464.671059673059,4556.3290178361485,4649.4721215644995,4744.158420534433
Palo Alto,Iowa,43.075854,-94.667297,7.46486755054909,7.487556581843099,7.50928880125255,7.529432209348437,7.547755156937661,7.564260161946228,7.578723128959079,7.591108807012038,7.601588415073923,7.609983180397885,7.616147063275228,7.620200924154523,7.621908077990652,7.621336508785931,7.618314997571549,7.612966922722088,7.605385447499999,7.595520213385037,7.583683443202689,7.569943120955283,7.554304282494837,7.53671153344909,7.5185975737188615,7.499927152339983,7.480654946644243,7.461098215309146,7.4409044486930185
Palo Pinto,Texas,32.75221,-98.317974,23.914685792115957,24.31209354782724,24.711495371727697,25.111362620537403,25.511545845891,25.91201515811542,26.31240013876225,26.715865890712045,27.12464666702687,27.538453178370933,27.956980123083568,28.380032150801508,28.80750571515731,29.23964740595383,29.676755052433432,30.119199073044552,30.567417137999996,31.02336488590929,31.48894031101245,31.964618445613606,32.45084443234389,32.948170162666784,33.4539866951185,33.96820542816817,34.49133341876966,35.0241072338665,35.56630270091069
Pamlico,North Carolina,35.147462,-76.665069,8.755149959163449,8.88422341523306,9.014379017147347,9.145033835399408,9.27636550525055,9.408398528116109,9.541078796703866,9.674520650952118,9.809112029937255,9.944864163474659,10.081780114241235,10.219918073098448,10.35943729924608,10.500440902807062,10.643109581719623,10.787255491799383,10.933030745999998,11.080483326259857,11.229860288517086,11.381106504587134,11.533967772285749,11.688352211305356,11.844409892814982,12.001874363922681,12.160818107982207,12.321324838162674,12.483204668495102
Panola,Mississippi,34.365205,-89.963065,9.714803690296604,9.756631746731204,9.797325426275298,9.836352676051039,9.873603069989436,9.90927738276138,9.943071106116022,9.97528205581518,10.006010619194294,10.034845208178051,10.061799207744508,10.086949581517503,10.110416794299574,10.132237654780374,10.152231465756115,10.170880086436917,10.188685453499998,10.205751300525316,10.222465791876582,10.238925968644725,10.255051520961391,10.27102983851941,10.286814073895572,10.302213491152534,10.317676487055278,10.332885168374897,10.347959999913929
Panola,Texas,32.163978,-94.305156,19.035336993973843,19.351661056089558,19.669572333705393,19.987854074896216,20.30638732346821,20.625148288182615,20.943842127616232,21.264988164016316,21.590364792480162,21.91974174780406,22.252876019477817,22.589612114762406,22.929867614009257,23.27383879493814,23.62176272024955,23.9739342313667,24.330701699999995,24.693621752914012,25.064205133770006,25.442829953326832,25.8298505311046,26.22570615533326,26.628320190743917,27.037622113307396,27.454015524395516,27.878086708106284,28.309657230149003
Park,Colorado,39.118914,-105.717648,21.817903319647222,22.02322941790408,22.22864135881827,22.432751352762974,22.63636536690978,22.83920202810411,23.04185746591075,23.24538563740023,23.451045568213367,23.65878002991194,23.8688608575775,24.081216515662263,24.295880387421857,24.512389876314028,24.731245731173168,24.95211411944301,25.175109497999998,25.40073261567854,25.63005650569525,25.862861792370282,26.098938638096836,26.33844919011653,26.583839964163232,26.83465313273119,27.091370368508745,27.35471179601015,27.62396205975767
Park,Montana,45.421905,-110.532798,9.3417051587476,9.415026937006333,9.488126711532377,9.561034755562014,9.63347860996876,9.704499622270573,9.774198703255028,9.841455743179946,9.906745022746968,9.969158344867841,10.028988350826555,10.085922217181604,10.139495754310092,10.190021785653537,10.2372177610067,10.280669946140486,10.320499434,10.35661540487641,10.389128860636063,10.418715903555771,10.445134347745334,10.468353919968473,10.488768172296771,10.506013825894927,10.5210697154025,10.533542288747913,10.54414801252302
Park,Wyoming,44.492387,-109.593598,15.614752614641292,15.708177731573878,15.79698888018596,15.880938330634827,15.960242846532855,16.033292183902418,16.098909625990633,16.159138943999874,16.2156213481381,16.266436932124304,16.311709560879834,16.350324450112495,16.382777059507703,16.407333280166487,16.424767267847308,16.43637960422441,16.441458066,16.4407458427022,16.433902305797297,16.42182547596511,16.404484386975298,16.382095802440247,16.354319093826216,16.321680687048975,16.28411864964784,16.242159407538573,16.194688176428976
Parke,Indiana,39.77425,-87.19695,24.315293585070673,24.43425464558064,24.55165963739888,24.66605414456229,24.777477264274168,24.885983732619152,24.991475806588976,25.094141152759523,25.194691340231017,25.293020806554523,25.388863690747552,25.48211443036115,25.573152268267435,25.661425933899732,25.747017531384998,25.82977849135065,25.909747911,25.987328491527133,26.06297767021077,26.136847926143837,26.20872813442844,26.278489274293666,26.348219136396246,26.41764013059268,26.48706894422977,26.556353098214622,26.62561770359782
Parker,Texas,32.777096,-97.805905,101.93146160070619,103.62533095542973,105.32769961835328,107.03205205985026,108.73775128680079,110.44466990058089,112.15122906824331,113.87091939407769,115.61326392522676,117.37702962500839,119.16091520747764,120.96408803162774,122.78610675222558,124.62802240791906,126.49110443499715,128.37693166640705,130.287369582,132.23075369174504,134.2151738082652,136.24265465969165,138.3150935755315,140.4348428803776,142.59078249433657,144.78253477148735,147.0122609384868,149.28310046142587,151.5940978506247
Parmer,Texas,34.532163,-102.784853,7.956515355601951,8.088734567605755,8.221617214383706,8.354654709963327,8.487797332252347,8.621035136832303,8.754244883945898,8.888479616476081,9.024482679702444,9.162157825860652,9.301403479819319,9.442154647700688,9.584376879197961,9.728152215763403,9.873579746423774,10.020782710936363,10.169906723999999,10.321602434707952,10.47650131363219,10.634761405994597,10.79653081259862,10.961993150027887,11.130280412614304,11.301363122260296,11.475409978921832,11.652666041482277,11.83305672680322
Pasco,Florida,28.302024,-82.455707,1108.1585438541529,1129.264124889445,1150.8566293045578,1172.8653725929635,1195.3149911428866,1218.22341405361,1241.6024435739428,1265.5323091985206,1290.084275872337,1315.2700813510376,1341.0801161533523,1367.5215390203614,1394.605055817105,1422.3257005700405,1450.7044335571065,1479.7787897991063,1509.5608295175,1540.124526370122,1571.5392105070798,1603.82422987724,1637.0234398313685,1671.1763746783163,1705.8519621173261,1741.0468485039273,1776.789862281932,1813.1120246626901,1850.0359727463767
Pasquotank,North Carolina,36.265276,-76.260355,34.47923290200872,34.987545583578886,35.50011993499897,36.01466028317058,36.53186618522,37.05183413178535,37.57435103937415,38.09986719763091,38.629910374992384,39.164524796334376,39.703722522986666,40.24773272021475,40.79718257716635,41.352478158610204,41.91433108300236,42.48200158878397,43.05608872199999,43.63678144348337,44.225052700501756,44.82068538911936,45.42267841896581,46.03066995014817,46.64525098782488,47.26537219630648,47.89131902706406,48.52342115644448,49.16093078200238
Passaic,New Jersey,41.033763,-74.300308,2269.339556727573,2285.3319273874745,2300.795382752504,2315.5927288850075,2329.813076514013,2343.499282412426,2356.6602315209693,2369.510991669526,2382.170725592513,2394.6164369727626,2406.820425700958,2418.7340859249016,2430.3043693220366,2441.5132446891266,2452.3045278421814,2462.6421563747326,2472.5313567225003,2482.093904837762,2491.4753569553222,2500.6195288911917,2509.570061383631,2518.265021169358,2526.9597196332993,2535.6463171218743,2544.3120088675687,2552.9405929196505,2561.5911280017567
Patrick,Virginia,36.667327,-80.286141,26.076201904866124,26.39707717441323,26.718392827416533,27.038726355410382,27.358497171210203,27.677824108447034,27.99666173073254,28.315569255153946,28.634899687497576,28.954544679452773,29.273784239019722,29.59259390045087,29.910278137493957,30.226847435469367,30.541819469639382,30.855309578528228,31.16724786,31.478910028034953,31.791096462089186,32.10354852425986,32.41635009711005,32.729242542736905,33.04502544168341,33.363513553289394,33.68511230994311,34.01030753148909,34.339490669888384
Paulding,Georgia,33.920903,-84.866979,110.26389065989473,111.94473041584837,113.62465462709088,115.29663993693423,116.96180255742348,118.61768431371773,120.2634449113562,121.89711530212445,123.52038861665274,125.13114530622622,126.7278427407152,128.30892574828164,129.87547291584545,131.42661886552898,132.96296559933415,134.48720958456073,135.999187779,137.5025874449131,139.00182326364688,140.49566614778087,141.98203417372542,143.45986129626897,144.93232056762952,146.3961135185053,147.8497226021834,149.29298477645497,150.72421945239824
Paulding,Ohio,41.119141,-84.576967,15.640401103513021,15.6728705144768,15.70404267838803,15.73297128765995,15.759884384669167,15.78476831418355,15.80754387585673,15.828288904511867,15.847025248520364,15.863445665159253,15.87732620862156,15.888471609087807,15.896786279933064,15.902129572266364,15.904526065505557,15.903855593607867,15.900231495,15.893890005197836,15.885367774824175,15.874750831841443,15.862248101301264,15.847904645469674,15.833214346741926,15.818158087793037,15.802892903792529,15.787532133167092,15.772514108868176
Pawnee,Kansas,38.182873,-99.232154,7.377551937412616,7.408075315621883,7.438480229630639,7.468214743959223,7.497513094640468,7.525871808822191,7.553358195709236,7.580128412656821,7.606354771229324,7.63190534538527,7.656707441183433,7.680491821804469,7.703188485675345,7.724886280946448,7.745210968438885,7.764391399449103,7.782467959500001,7.799524112005576,7.815640628011633,7.830987126714361,7.845434374440475,7.859028141449258,7.871884199573035,7.883889469347679,7.895138183659959,7.905840347228968,7.915788647703804
Pawnee,Nebraska,40.13785,-96.245225,2.539440358906199,2.547321654140235,2.5551693622350475,2.562691421110445,2.569896592628832,2.5767658927549952,2.5832847183849257,2.589501259761856,2.595476849922625,2.601224631660843,2.6066599069732543,2.6117768346182535,2.616595858941455,2.621062948458022,2.6251810237887576,2.6289530055544637,2.6324694330000002,2.6357273855045644,2.6388130213818144,2.6417263406317493,2.6445505809472256,2.647231710843407,2.6498442061507426,2.652196766206705,2.6543536446689386,2.6563498889870645,2.658125626434644
Pawnee,Oklahoma,36.313704,-96.696669,8.478892786992937,8.51310108446537,8.547563224427885,8.581798114923089,8.615813008593559,8.649419336732382,8.682660615194994,8.716015518391261,8.749764481834031,8.783643992843126,8.817690314631417,8.852319265373124,8.887185135772235,8.922440231322803,8.958070046739676,8.994234140159476,9.031208111999998,9.069291738154291,9.108905671891629,9.150095846614976,9.192946876487689,9.237434586034528,9.282096359003132,9.326758131971737,9.3713763890849,9.416130028859438,9.460470268007278
Payette,Idaho,44.00274,-116.748655,12.835901532302692,13.03224754145028,13.232363201323048,13.43461839268848,13.639133522080803,13.84547327356861,14.053211593261578,14.262191026461116,14.470994480879872,14.680316609599886,14.889277518717238,15.097543774752548,15.305421025061923,15.512668456576924,15.718637726420972,15.923662268073457,16.128297804,16.333220463200455,16.5379949297434,16.743899365299797,16.950424357609478,17.159107405494016,17.36990219874794,17.583086598604066,17.799642381418337,18.0193472582045,18.242738427346
Payne,Oklahoma,36.079225,-96.975255,42.44658827586833,42.61784006014119,42.79036261737157,42.961747530239975,43.13203110654522,43.30026934351886,43.466680087953634,43.63365965456937,43.80261194491913,43.972217775647046,44.14265868574702,44.31601632234947,44.49056001371225,44.66705222360986,44.84542033644473,45.02646312379016,45.21156028199999,45.402212533424056,45.60052573039191,45.80672982229587,46.021248400121785,46.24396043787367,46.46754386279642,46.691127287719176,46.914492865849205,47.13853618955658,47.360509968733155
Peach,Georgia,32.571324,-83.831978,34.39543414573382,34.91975097139127,35.44378220438885,35.965336996925004,36.48476353731105,37.001295028816436,37.51466935215062,38.02427228748349,38.53063198562438,39.033087280004594,39.53115696655342,40.02435592897194,40.513020618886834,40.99688109255111,41.476125136919194,41.951593881057775,42.42323646599999,42.89220308684172,43.359870847915374,43.82585635085565,44.289510165778545,44.750499753285595,45.2098149071157,45.66642671124779,46.119861786067574,46.57006927260825,47.01652493228871
Pearl River,Mississippi,30.773791,-89.586832,14.53444866558519,14.597028184267298,14.657910546402745,14.716299740513897,14.772030556671432,14.825403376565026,14.875962621298672,14.924153857045388,14.970127274650011,15.013267091648707,15.053593333487454,15.091221146480631,15.12633075964204,15.15897724294812,15.188890252878169,15.216790705487398,15.243429554999997,15.268961998622297,15.293968774287668,15.31859506647945,15.342720722521776,15.366626098658337,15.390241105828217,15.413280381426222,15.436414777892622,15.459168690885441,15.481722349418469
Pecos,Texas,30.770894,-102.71986,13.557248065775195,13.78253873337063,14.008959839280651,14.2356447948187,14.462508877627153,14.689535143234485,14.916513601225738,15.145238550103432,15.376976589114058,15.61156371997964,15.848826867026755,16.08865528603078,16.330990276501087,16.575971630327754,16.823768187066324,17.074589937131773,17.328684995999996,17.587162016236476,17.85109697178304,18.120759158704992,18.396400928596105,18.6783351490199,18.965082809676137,19.25659368230994,19.55315521777753,19.855184976270056,20.16255587425109
Pembina,North Dakota,48.766896,-97.545405,7.554102039535019,7.558871921953493,7.563760754058215,7.567495774206346,7.570576571080125,7.572479766060066,7.572610610714936,7.571528168570094,7.569375179249038,7.566223012563511,7.561143860960796,7.554887107464243,7.546917478485744,7.537044654527305,7.525078316090932,7.511315837392241,7.495162469999999,7.476713373663205,7.456480032032717,7.4340937010811725,7.410208604082923,7.384122937889121,7.355693962876265,7.324219875895507,7.290176475691828,7.254003876104344,7.215083538764568
Pemiscot,Missouri,36.209916,-89.785942,21.981984170042928,22.104392585984485,22.227123068797532,22.348733985819223,22.469248341826084,22.588470596217576,22.70601350192203,22.82230264730534,22.9376102555565,23.051154164273324,23.162424434242627,23.27146324088806,23.377603445690106,23.480825878001664,23.580816139210082,23.677528219762294,23.771149992,23.862260409465993,23.95225509527005,24.040570432387064,24.12775470132446,24.21393059422374,24.300589587430256,24.387520803825762,24.475349206506124,24.56413997567153,24.654115490828474
Pend Oreille,Washington,48.543877,-117.232183,17.45043705345498,17.61981311531487,17.79675436107917,17.980647397458334,18.171875595258335,18.370918877932553,18.57776020677851,18.79270627844099,19.016256894859616,19.24841205603438,19.489066689966617,19.738229316007573,19.995615955782448,20.261220929723752,20.534683585295504,20.81614875146885,21.105659025,21.40452070641299,21.713798714613286,22.0336123205183,22.364895812981093,22.708046761726376,23.055585176362158,23.407550813860922,23.764307166542398,24.12593374835153,24.49256970869196
Pender,North Carolina,34.512581,-77.888029,49.4361290335797,50.16494488011912,50.89987108477463,51.63761612444784,52.37918302018799,53.12471011972601,53.87389190515611,54.627373999222606,55.38734690766524,56.15387403986068,56.92697268927531,57.706971431770064,58.49476952759599,59.290949190120784,60.09653073386002,60.910453492876584,61.733576375999995,62.566170314203305,63.409630313773434,64.26364509231577,65.12677929212188,65.99851410920084,66.87969692340455,67.76882320315917,68.66630222716869,69.57260668351377,70.48666437727972
Pendleton,Kentucky,38.690765,-84.354041,6.721536527031833,6.75787461429554,6.793394619816234,6.827609590175447,6.860620162412998,6.892440945131439,6.923044344303725,6.952665720748778,6.981501479012048,7.009452605231775,7.036527215298271,7.062752903238583,7.088111814094032,7.112615310111048,7.136367274685571,7.1593547223931076,7.181639334,7.203407774983319,7.224893782983932,7.246024314989066,7.266849689518633,7.287520862132352,7.3083316280593635,7.329281987299668,7.350436866975726,7.3718465856074475,7.3935728239611676
Pendleton,West Virginia,38.686836,-79.333707,1.9003040106859757,1.9046507376745614,1.9083461362635084,1.911270831151275,1.9133829362671448,1.91475679938664,1.9153882319026885,1.915344251528436,1.9146384712368665,1.9133033527327836,1.91132318873967,1.9087042621681325,1.9053628008767387,1.901441217505924,1.8968704000390062,1.891726790555043,1.8860376149999998,1.8796971110453178,1.8728969074645243,1.8656464286235308,1.8579561460400158,1.8497255331442604,1.8410341734706253,1.8317448901375148,1.8219959071782927,1.8117411499151717,1.801058107578976
Pennington,Minnesota,48.069247,-96.037725,28.541439052173875,28.8094217356122,29.08070583654879,29.353092265756302,29.626948465991706,29.902246600682503,30.178385399862744,30.455337026959935,30.732589289040092,31.00898975200182,31.284243348176627,31.556713287101637,31.825998722132862,32.090757930475924,32.350612334744824,32.60437052963667,32.8514368125,33.0932141465887,33.329958628369766,33.561352920916704,33.787697659212505,34.00953844007813,34.23021565221335,34.44985734385163,34.66891446746746,34.88842811087225,35.108208985373025
Pennington,South Dakota,44.002349,-102.823802,118.06013541773325,118.54241285948818,119.02622621666272,119.49514119426713,119.94685391917203,120.3781389689962,120.7842350059389,121.1671387200456,121.5246998297289,121.8489315748068,122.14735994083543,122.40539373132852,122.62979097413233,122.8134864583167,122.9663100425671,123.08718658608973,123.17104756799998,123.22173277684684,123.24123890267579,123.23417369174561,123.20453052414732,123.15660996305574,123.11037890892571,123.06599095329925,123.02083503996293,122.98228356293092,122.94419286052481
Penobscot,Maine,45.390602,-68.657487,104.01225192779425,104.65803193413156,105.30024014839842,105.92776432859787,106.54147757945822,107.13677625786652,107.72001021639237,108.28157530302418,108.81916969620544,109.32763414072323,109.80220624715031,110.23963171604471,110.64213299580584,111.00256650229277,111.31807480184916,111.58587983397575,111.81018837599999,111.99060356213627,112.12291861505715,112.21276902891825,112.26102790844786,112.26555217840377,112.2491219348797,112.21475335784626,112.15990650627558,112.0918837106228,112.00322389411852
Peoria,Illinois,40.785999,-89.767358,280.6871183814718,281.77259868318026,282.82863553694386,283.8371235520139,284.801590617029,285.7239227101921,286.5997709876469,287.4470855242899,288.2781362724296,289.08304958147426,289.8604719847134,290.6007960873014,291.30428814498447,291.964158636232,292.5840907655345,293.16162166723876,293.696063514,294.197179016516,294.67850284189035,295.1382821397932,295.5787578960893,295.99888727577235,296.4147565635145,296.8288064369903,297.23786401522307,297.6432162009863,298.0487237026017
Pepin,Wisconsin,44.627436,-91.83489,17.12172871111994,17.23212976805797,17.342369497049933,17.451250348342334,17.558809551461188,17.664882675999937,17.769112939000916,17.871112532901485,17.971008658582182,18.067898500037135,18.161372532480186,18.25103053850666,18.336556067145434,18.41753649114983,18.49353436358917,18.564425586043402,18.630132597,18.69082292932603,18.74698056685969,18.798679968653012,18.846011106060526,18.88893985201673,18.930553154720393,18.97039805493832,19.00884995039118,19.046088783788036,19.082502362691553
Perkins,Nebraska,40.856065,-101.636443,2.7646977675430637,2.7732781617478217,2.781821989514427,2.7900112818154663,2.7978555777217613,2.8053342092465305,2.812431277938403,2.819199248686903,2.825704894987786,2.8319625254472873,2.8378799290474555,2.8434507464077425,2.848697235360068,2.8535605716343597,2.8580439349208917,2.86215050490994,2.865978852,2.8695257965007994,2.8728851392754247,2.876056880323876,2.879131640818966,2.882050596490623,2.8848948294408387,2.887456069956656,2.8898042712241057,2.891977589526478,2.8939108412131533
Perkins,South Dakota,45.483387,-102.467995,3.113655554748957,3.1263748848609976,3.139134722393778,3.1515016379453895,3.163414870384725,3.174789354128231,3.185499516171619,3.1955980161618474,3.2050281437098826,3.213579260227882,3.221449852077467,3.228255098761616,3.2341732329315813,3.2390179204519645,3.2430484088154925,3.2462363428276517,3.2484480479999993,3.2497847928843857,3.250299237127771,3.250112902992371,3.2493311097721094,3.2480672782450526,3.246848004880809,3.2456773404214534,3.244486422251727,3.2434696859911782,3.2424651019568524
Perquimans,North Carolina,36.178261,-76.404269,11.490752923601855,11.660156211907493,11.830979769493096,12.002458526774829,12.174825622294879,12.348113213093542,12.522250285706829,12.697386906322798,12.874032228079558,13.05220098962058,13.231897210575895,13.413197263916226,13.596310170403521,13.781371257582391,13.968617683625043,14.157802911222513,14.349126581999997,14.542651670161424,14.738702425863151,14.937206495764517,15.13783025057238,15.340453101385632,15.545272010076102,15.751937268830517,15.960544008893109,16.171202100151568,16.38366232554356
Perry,Alabama,32.639005,-87.293827,3.6108357316036126,3.6220037670997587,3.633282210855699,3.644394242162094,3.655459869996982,3.6664326908888545,3.677339106812879,3.688131914237695,3.698907120345733,3.7096031205282656,3.7202239150845617,3.7307679038949138,3.741295091448341,3.7518086779842568,3.762296662604859,3.7728086490210675,3.7834150424999993,3.794174247410966,3.805195071894053,3.81655992211418,3.82825359693413,3.8403609026983805,3.8523570001429834,3.864269891362814,3.8761187777943578,3.887905259557323,3.8996861409013124
Perry,Arkansas,34.946363,-92.926877,6.384266472636506,6.431060016438216,6.477582608808427,6.523528560952636,6.569020611553486,6.61390128456532,6.658084894492707,6.70191649914157,6.745535047963961,6.789100332829727,6.832346033955784,6.875480575520203,6.918219111146279,6.960733011824879,7.0030269092044,7.0450591184492275,7.08692922,7.128810900671775,7.170722687058161,7.212743317181986,7.254981634780686,7.297173635895371,7.339240582503212,7.3809555238325295,7.42230919658652,7.463345601424994,7.503752102080851
Perry,Illinois,38.084385,-89.368487,30.904641468871475,31.024156677618013,31.140430058924817,31.251468145428795,31.357659370108784,31.45921138581511,31.555645369504674,31.648937687717602,31.74043930546834,31.829063099011083,31.914660046888553,31.99617234105143,32.07362929719628,32.1462833650619,32.21454007845012,32.27812826716815,32.336972199,32.39214678281793,32.44514223319482,32.49576555512863,32.544263489065024,32.59052121519265,32.63630989017602,32.6818982412332,32.72693692298069,32.771567627951676,32.81621543374563
Perry,Indiana,38.081436,-86.62654,27.573270150386133,27.70817065846931,27.841306602112443,27.971028689929366,28.097381257710033,28.220426375560375,28.340053204005514,28.45647455483721,28.57049733943257,28.682001851158738,28.790686606644023,28.89643189925558,28.99966778615592,29.099769132706747,29.19682904406695,29.290679044234718,29.381363468999997,29.46933897699928,29.555124296975013,29.638892338507976,29.72040368833245,29.799512038341586,29.87858491971877,29.957307548355335,30.036039044149888,30.11460649752163,30.193151782998395
Perry,Kentucky,37.241282,-83.217772,14.811935313282593,14.892011854679616,14.970285627645671,15.04568355573375,15.118427408076238,15.188549376966543,15.255988654739337,15.321263895010665,15.384807905280827,15.446402493338931,15.506065543792426,15.563857864306637,15.619740108745185,15.67373731555849,15.726078407721916,15.776734769863548,15.825842324999996,15.873812419102622,15.921160128865985,15.967724492823034,16.013616395539955,16.059168490715336,16.10502820113885,16.151195526810504,16.19781354458991,16.244993139043235,16.292870233187124
Perry,Mississippi,31.169307,-88.988755,3.8174660653351853,3.8339025463088054,3.849893269918421,3.865229164126048,3.8798668366219156,3.8938851825146954,3.9071645442229026,3.919821949491068,3.9318968458735286,3.9432274983975035,3.9538191667369036,3.9637020940167225,3.972923617302162,3.981498200696479,3.98935483860187,3.9966828792791493,4.0036795605,4.010385644737237,4.016953662534295,4.023421746527035,4.029758338671984,4.0360370744039065,4.042239544864113,4.048290799699361,4.054367037985688,4.0603433424676965,4.066267050210589
Perry,Missouri,37.71113,-89.802125,25.800677762506265,25.944350875483536,26.088402004544555,26.23113907769537,26.372589096084813,26.512522549947747,26.650484919945363,26.78697572733121,26.92231448569989,27.055583155990828,27.186183212738097,27.31416415804789,27.43874295860385,27.559897113448613,27.677257606881366,27.790770436604433,27.900656112,28.00759416198054,28.11322265624234,28.216880066638833,28.319209920550698,28.420356224105067,28.522069551785084,28.624102393059704,28.727188279139085,28.831403713278263,28.937009706582707
Perry,Ohio,39.743187,-82.237953,34.87522998388177,34.94763082368816,35.01713904015296,35.081644540670176,35.14165581797458,35.19714242339941,35.24792775467752,35.29418536920938,35.335963984861806,35.37257850663284,35.40352957638775,35.42838177819191,35.446921971378096,35.45883653467873,35.46418027569396,35.46268524615637,35.454604169999996,35.440463809159695,35.42146079623885,35.39778695783804,35.36990815855856,35.337924879000724,35.30516820330735,35.271595503344976,35.23755693878129,35.20330523355032,35.169817789854854
Perry,Pennsylvania,40.39778,-77.266328,140.38723373265253,140.78458591181888,141.17251212191886,141.54399953260128,141.90069089087896,142.2445461638775,142.57329949364828,142.88930737245778,143.19345348490612,143.48274689850103,143.7543779493861,144.00589951097683,144.2345245779964,144.4368543635218,144.61194853650431,144.7574392753876,144.87163851600002,144.95757117870284,145.0173671699679,145.050505342467,145.05715563554634,145.03694418264433,144.99827731675046,144.94055458550838,144.86341345164638,144.76718246456687,144.65445603162115
Perry,Tennessee,35.659785,-87.877027,3.120743060308634,3.1485006459442095,3.176432405930144,3.204397417382965,3.232433681979115,3.260526421288866,3.2886503008612573,3.316924075935169,3.3454100270358826,3.374051679449796,3.4028194763174544,3.431771475755644,3.4608390636263446,3.490069742025109,3.519447149119025,3.5490435936535434,3.578844825,3.60892473530703,3.6393619669328285,3.6702140501931186,3.701506319538862,3.7332028844978633,3.7651776006163766,3.797392994019024,3.8298332306739518,3.8625294508438026,3.8955064611784747
Pershing,Nevada,40.439639,-118.409477,2.463883260203041,2.5331890808847746,2.6037959136934923,2.675506668215917,2.748376271288536,2.8224725737093626,2.8976932607829795,2.9741395702080093,3.051940741599717,3.1311753957240533,3.211785374754149,3.293660825017032,3.3766757378878194,3.4607827255075807,3.5457663885175457,3.631566415097257,3.718097722499999,3.8052903059341725,3.8933154078900007,3.981997477890083,4.071186813380074,4.160759559728679,4.250608017256513,4.340688029095027,4.430892972561628,4.521284236473568,4.61181012498474
Person,North Carolina,36.386387,-78.965471,21.054030335931145,21.36442096000136,21.677413884608736,21.99160730446392,22.307428389655076,22.624936060194383,22.944000201054966,23.264895772293595,23.58855567410283,23.915006911488245,24.244256849451364,24.57644542302107,24.911955612276415,25.25103537226859,25.59411923808728,25.940755489639248,26.291309921999996,26.64589792019334,27.005113594341935,27.36882437441839,27.736418965296536,28.107676416930765,28.482957614395563,28.861621802558666,29.243843286456066,29.629823376129313,30.019105441484147
Petroleum,Montana,47.141917,-108.226575,0.2247481366644297,0.22651215434220248,0.22827083092598813,0.23002489474678484,0.23176779082560828,0.2334764553475138,0.23515331608249543,0.23677142478361793,0.23834219196985384,0.2398437677112556,0.24128319254080632,0.2426529403715239,0.24394184346143527,0.2451574278975223,0.24629289592380138,0.24733829368329624,0.24829653449999997,0.24916543338091782,0.2499476608730433,0.2506594830353376,0.25129507321981454,0.25185370309547583,0.2523448409652989,0.2527597468573047,0.2531219701404367,0.2534220425117176,0.2536772011381061
Pettis,Missouri,38.727367,-93.285207,55.70057880493628,56.01075187965953,56.321741045915616,56.62989332255763,56.93526700183788,57.23736659961147,57.53521086296395,57.82987819856366,58.122058398063366,58.40976952488334,58.69171943409664,58.96801499483256,59.23696573177312,59.49852306804133,59.75189034285521,59.99695097171006,60.23418100799999,60.46504747340902,60.693086764579384,60.91687072132859,61.137788642337554,61.35615141961877,61.57573833419922,61.79601504043239,62.018565144506994,62.24355380780467,62.471544522098064
Phelps,Missouri,37.866326,-91.790349,62.4641629920796,62.81199961983026,63.16075143509988,63.506321884232094,63.848776337763965,64.18755914613041,64.52156990529069,64.85201797018067,65.17967689215564,65.50232407295522,65.81851046567436,66.1283559162977,66.4299646792502,66.72328227908427,67.00741531846,67.28223305630321,67.548269352,67.80716936406662,68.06289890508532,68.3138563968979,68.56159983730451,68.80647786916957,69.0527286823131,69.29975304681197,69.54932686225655,69.80163534516859,70.05731041073973
Phelps,Nebraska,40.516365,-99.406557,8.708990495460345,8.736019334725817,8.762932987164703,8.788729828197951,8.813439906562943,8.83699811666203,8.859354377266271,8.8806739564312,8.90116719531842,8.920879167033986,8.939519400449976,8.957067863074807,8.973594668629017,8.988914516565478,9.003037423129983,9.015973404568324,9.0280329645,9.039206086679226,9.049788250356812,9.059779455532766,9.069465165212112,9.078660078847724,9.087619610707266,9.095687696691456,9.103084694207691,9.109930798205447,9.116020675646029
Philadelphia,Pennsylvania,40.009376,-75.133346,4536.269742591814,4549.1092054089095,4561.644091113589,4573.6477972628345,4585.173405204369,4596.28424647719,4606.907105429275,4617.118126338729,4626.945863309838,4636.293671681935,4645.070764046508,4653.198067499373,4660.585526788541,4667.123318435976,4672.781057946089,4677.482234962517,4681.172303824499,4683.949007427488,4685.8811684843895,4686.951947395232,4687.166835333921,4686.513751717873,4685.264326616091,4683.399157880794,4680.906531007655,4677.797062266219,4674.154583578051
Phillips,Arkansas,34.425842,-90.848386,10.762866435141868,10.841752970364569,10.92018272420446,10.997640353562987,11.074332776502445,11.149994513244796,11.224481111557866,11.298374284484726,11.371908278888345,11.445352478661158,11.518257910649117,11.590975945146692,11.663026376084778,11.734698107927713,11.805998948904266,11.876858624955537,11.947445013000001,12.018050921616377,12.088707583719735,12.159547739199093,12.230754881430451,12.301883941374152,12.37280217914117,12.443126991521973,12.51284276205903,12.582023668925615,12.65014265668003
Phillips,Colorado,40.594712,-102.345105,6.169532083036731,6.227592930228207,6.285678051476669,6.3433950161941866,6.4009717308046765,6.45832863034358,6.5156342846510675,6.5731867252045735,6.631341971506548,6.690083840852336,6.749489201089055,6.809537823835887,6.870239149003878,6.931462366397055,6.993349074681165,7.055804874745708,7.118862131999999,7.182662445109786,7.2475092397873855,7.313340482331612,7.380096836158723,7.447824152265248,7.517214241275268,7.58813764155153,7.660730557524893,7.735196621562292,7.8113335498555125
Phillips,Kansas,39.784506,-99.34215,5.9129977567775915,5.937461788804993,5.9618308735439385,5.985662642945951,6.009144833695019,6.031873919815211,6.053903848629512,6.07535977792725,6.096379812855265,6.11685821666051,6.136736726234152,6.15579955228426,6.173990589594923,6.1913810486324845,6.207670982281143,6.223043811439052,6.237531904499999,6.2512021561444895,6.264119303160104,6.2764192928007665,6.287998546206345,6.298893747556467,6.309197686246671,6.318819730774339,6.327835407391653,6.336413031746325,6.344386446083561
Phillips,Montana,48.250155,-107.928833,2.5969618451403917,2.617345046849286,2.637666532285459,2.6579347173042804,2.6780738592074127,2.6978174559081,2.717193560257581,2.735890785607125,2.7540409803575443,2.771391668847705,2.7880242043461965,2.8038516230141814,2.8187448817359706,2.832790944350398,2.845911262874001,2.857990820616707,2.869063281,2.8791033964577664,2.888142025126368,2.8963671211090927,2.9037113575629716,2.910166318632634,2.915841410437904,2.9206356427143283,2.924821128118908,2.928288460531816,2.9312368151968373
Piatt,Illinois,40.009056,-88.592328,24.298604639212684,24.392572815760868,24.483992123287347,24.571295209025212,24.654787476270958,24.734632190937802,24.8104528810376,24.883803453909156,24.955746098376103,25.025426069363352,25.09272619956848,25.15681479322178,25.217714899628643,25.27483876150148,25.32850522756493,25.37850109174408,25.42476681,25.46814752353053,25.509814905359967,25.549617214227784,25.5877484484544,25.624118331593678,25.66011942584662,25.695963016512696,25.731374432702587,25.7664650793924,25.801569171510355
Pickaway,Ohio,39.648947,-83.052827,51.35534224380523,51.46195573162207,51.56430970167348,51.65929694784219,51.747666248514335,51.829372766660775,51.9041564475127,51.972272862136016,52.03379374977732,52.087710277281616,52.13328711737154,52.169883100530804,52.197184367555636,52.21472909704624,52.22259799565497,52.22039649752569,52.20849675,52.187674433681494,52.15969164381419,52.124830853681466,52.0837780698287,52.03668125445197,51.988445578535845,51.93900827023959,51.88888495539796,51.83844778135255,51.78913601673781
Pickens,Alabama,33.296809,-88.096878,8.861504307148538,8.888912254229956,8.916591158879768,8.943861663716351,8.971018287835777,8.9979471505209,9.02471304597286,9.05120013001386,9.077644017920772,9.103893523224265,9.129958463227549,9.15583491100934,9.181670126117677,9.207471962395125,9.233210967932077,9.259008877288247,9.285038474999999,9.311443093694097,9.338489764017657,9.366380722416649,9.395078663138909,9.424791713012327,9.454231841856716,9.483467770794485,9.51254662288101,9.541472325037573,9.570384282969652
Pickens,Georgia,34.456621,-84.490256,29.306684548169176,29.753429536115377,30.19993118438002,30.644322777597885,31.086900990175238,31.527012471734228,31.964433883115095,32.3986418773315,32.83008646612329,33.258204301460594,33.682585372647125,34.102816335566274,34.51918386436343,34.93145795303824,35.339798605764855,35.74492250790671,36.146786324999994,36.546370082611446,36.94484714468492,37.34189083603152,37.73694780888225,38.12973472251204,38.52109493225553,38.910151748575124,39.29650182761512,39.680101834911675,40.06050509214525
Pickens,South Carolina,34.887362,-82.725368,77.29025984014176,78.0729023291987,78.8516773706075,79.62441182711832,80.38867473163803,81.14536848861785,81.89235679364262,82.63059730041573,83.3612870760663,84.08201356991864,84.7925005357122,85.49153248990035,86.17853852354463,86.85554444255588,87.52076385444907,88.17364426670305,88.81459084049999,89.44538996832496,90.06834370234948,90.68332312765195,91.29032824423233,91.88963529835122,92.48465132722244,93.07447392639479,93.65996866748469,94.24128288183117,94.81819557242575
Pickett,Tennessee,36.559364,-85.075741,1.4076963943774945,1.4202172115228697,1.4328165947662082,1.445430976991885,1.4580774998940011,1.4707494972581845,1.4834355412883669,1.4961891997786145,1.5090385660609262,1.521958165673235,1.534934666186796,1.5479942563009301,1.5611059857346212,1.5742912816054964,1.5875427634619277,1.6008930481385248,1.6143357075,1.627904072618216,1.641633617276798,1.6555502920959837,1.669665524871839,1.6839631262266026,1.6983861952590222,1.7129178283540818,1.7275508831392392,1.7422994062804937,1.757174587494828
Pierce,Georgia,31.353988,-82.210427,19.242013698119298,19.535334942407367,19.82849641613258,20.12027248210049,20.410857929079498,20.699823784051535,20.98702340828085,21.27211318562542,21.555388582194617,21.836479718192276,22.115117391163153,22.39103021001422,22.664406397600317,22.935094937909998,23.203200885559927,23.46919479768727,23.733048221999997,23.99540461802521,24.257034386285135,24.517723040270745,24.777107266099392,25.03500102955407,25.291958056010124,25.54740273371373,25.801070237485373,26.05293211503304,26.302695088885187
Pierce,Nebraska,42.271413,-97.610992,6.271589817389645,6.291054047279617,6.310435327885267,6.329012361082088,6.346806785813812,6.363771717702348,6.379871091841467,6.3952239224217164,6.409981682049242,6.4241768291396495,6.437600187236828,6.450237330378287,6.462138749432744,6.473171004247163,6.483341307802791,6.492656873080868,6.5013413025,6.509387383078938,6.517007897764413,6.524202846556425,6.531177799420461,6.537799316203485,6.544251327927251,6.550061384320199,6.555388170969724,6.560318243650768,6.564703736247803
Pierce,North Dakota,48.238883,-99.966497,4.105657201443723,4.108249634270149,4.11090671629424,4.112936701100965,4.114611115320525,4.115645502483189,4.115716616600623,4.115128308901858,4.113958158424095,4.112244954685934,4.1094844339455765,4.106083886148322,4.10175238990467,4.096386506498356,4.089882797213111,4.082402885043103,4.073623523999999,4.063596433441933,4.052599604918871,4.040432625918045,4.0274510670266235,4.013273497978371,3.9978223397360897,3.9807161620335485,3.9622135616614123,3.9425537406510456,3.9214005231745848
Pierce,Washington,47.040716,-122.144709,1173.0717088890358,1184.457685396228,1196.352216685379,1208.7140685849788,1221.5690124522214,1234.9493102083343,1248.8538164596648,1263.3031482919678,1278.3309039190665,1293.9370833409607,1310.1146232967903,1326.8640964833814,1344.1664130065167,1362.0211910683113,1380.404186503109,1399.325135156961,1418.7869005139999,1438.8772960876267,1459.6679089811585,1481.1667569501656,1503.436645746625,1526.504301222441,1549.8668955639203,1573.5271013562535,1597.5093536640381,1621.8189976576566,1646.4653873852749
Pierce,Wisconsin,44.725337,-92.426279,110.71270858142269,111.426585097637,112.13941843333022,112.84346497924965,113.5389654693616,114.22485666198118,114.89883152326365,115.5583824077256,116.20433182308557,116.83084197065823,117.43526477681311,118.01501235141133,118.56803845573845,119.0916749550001,119.58309322509105,120.04149081945658,120.466366209,120.85880269657018,121.22192982373038,121.55622905841341,121.8622821743714,122.13986849880183,122.40894888975265,122.66659441729905,122.91523248226915,123.15602663216715,123.39148451247647
Pike,Alabama,31.798726,-85.941997,14.994427195246892,15.040803798229748,15.087638884715123,15.1337829236025,15.17973426652505,15.22530021751795,15.270590413940496,15.315408837483638,15.360154169453919,15.404570589346303,15.448674708881901,15.492459883372272,15.536175288634,15.579834214043965,15.623386824438855,15.667039105160379,15.7110834225,15.755762307585854,15.801527599232022,15.848721498893282,15.89728088202942,15.947557917127895,15.99737314637963,16.04684285183237,16.096046769747414,16.144991544813205,16.193913063469452
Pike,Arkansas,34.158191,-93.658659,5.751560494255147,5.793716613375431,5.835628633419348,5.877021160557152,5.918004769584119,5.958437590951588,5.998242430934559,6.037730150749941,6.077025929411258,6.116273722784058,6.155233604425759,6.194093342856641,6.2325963210989865,6.2708969266028065,6.308999332001883,6.346865983592164,6.384586592999999,6.422317633992297,6.460075797104189,6.497932017110008,6.535984350903676,6.5739949583595045,6.611892904703162,6.649473730879235,6.6867290916201485,6.723698626946855,6.760100684078932
Pike,Georgia,33.090769,-84.386627,18.831815731686525,19.118884003712637,19.405795911137506,19.69135194469137,19.97574274066889,20.258548470825634,20.53962562244541,20.81863790453651,21.095874484512183,21.370973367610645,21.643671090188754,21.913702046622443,22.18125044726388,22.446168495435177,22.708559006216596,22.96888250548851,23.2271111475,23.4838746746177,23.739927064096893,23.99505840181536,24.24891311895387,24.5013091471411,24.75278840752929,25.002787559157817,25.25104742234518,25.49754015134047,25.741978720711273
Pike,Illinois,39.625106,-90.889034,25.15693685190163,25.254224392425506,25.348873026807446,25.439260036575874,25.525701613197675,25.608366789846965,25.686865795910485,25.762807429480766,25.837291400502426,25.909432770593277,25.979110233593055,26.045462714626527,26.108514077200624,26.167655801888486,26.223218000536068,26.274979935704206,26.322879959999998,26.367793068677717,26.410932323339924,26.45214062256595,26.49161881753917,26.529273442857424,26.566546252064704,26.603655993974606,26.640318295129465,26.67664849581281,26.712992616875198
Pike,Indiana,38.397898,-87.232532,18.006220433893017,18.09431474668006,18.18125674289008,18.265969382908356,18.348481619412713,18.428833986152082,18.506954101431933,18.582980938105774,18.657441434909842,18.73025741961402,18.80123201400919,18.870287045865233,18.93770335615696,19.003072712127175,19.066455914399302,19.127742942797635,19.18696275,19.244413548587875,19.3004340848917,19.35513727435496,19.40836677251744,19.46002703554236,19.51166413642503,19.563072511152956,19.614486676416455,19.66579371677203,19.717086280788706
Pike,Kentucky,37.482067,-82.402869,29.295791990563327,29.454171408949477,29.608985221096894,29.75811104233965,29.90198749884204,30.04067826214405,30.17406306378126,30.303167723008887,30.428848268308833,30.550673148132372,30.668677735557253,30.782982299047898,30.893509017833207,31.000307414222064,31.10383026360986,31.20402096907216,31.301148365999996,31.396026035181965,31.489672721257698,31.581770066527312,31.67253738407295,31.762632613141058,31.853336259146715,31.944648322089943,32.03685178659285,32.130165965737596,32.224859694915175
Pike,Mississippi,31.177517,-90.397725,10.693627835388325,10.739670316826833,10.78446412616873,10.827423603050116,10.868427195319995,10.907695906889272,10.944894548493073,10.980350942599237,11.014175591163227,11.045915436167675,11.075585211206652,11.103269634445999,11.129101308232261,11.153120749949101,11.175129056076708,11.195656636001255,11.215255999499998,11.23404133192691,11.252439907509737,11.270558544805423,11.288308842249597,11.305897070159105,11.32327166095474,11.340222660921139,11.357243645459329,11.373984691710373,11.390578402020815
Pike,Missouri,39.344178,-91.171042,24.67587451804782,24.813284075272563,24.951055168637346,25.087569493515325,25.222852873916516,25.35668580575587,25.488633584865035,25.61917395542904,25.748612501566267,25.876071206936604,26.000977639318346,26.12337914272981,26.24252682088093,26.358399153763358,26.470643213240407,26.57920735129205,26.684302464,26.786578455615974,26.887601982746816,26.986740357147454,27.084609051056283,27.181345792526667,27.278624838207108,27.37620946800591,27.47480123419483,27.574473304802183,27.675475311924693
Pike,Ohio,39.071365,-83.052921,22.546378403683455,22.59318459626695,22.638120745829404,22.67982270519862,22.718619208253042,22.754490570329295,22.787322620379772,22.817227560985724,22.844236887608574,22.86790769532228,22.887917155647422,22.903983777897675,22.915969769429378,22.92367237820973,22.927127036632815,22.926160519660886,22.92093621,22.911794652326613,22.89950945391154,22.884204628134075,22.866181350343908,22.845504579930203,22.824327819066667,22.80262350922456,22.78061802403275,22.758474746197283,22.736825553412636
Pike,Pennsylvania,41.325949,-75.031514,187.62200269518868,188.15304821584095,188.6714963004831,189.16797457785282,189.64467851456243,190.1042275293977,190.54359339254853,190.96592546301736,191.3724047504302,191.75903399143772,192.12205818107532,192.45820683114806,192.7637552189895,193.03416099988448,193.26816745846173,193.46261009456978,193.61523287699998,193.73007849254893,193.80999347723804,193.8542813382111,193.86316919270382,193.83615738279752,193.78448064108778,193.70733648667488,193.60424040278923,193.47563148275327,193.32497704969967
Pima,Arizona,32.128237,-111.783018,440.1474706280877,451.2947825526031,462.6857381200212,474.29172766015233,486.12397969946903,498.1840323922823,510.4658100290626,523.0260705038954,535.8980379499038,549.0963248330446,562.6079337493875,576.441632178507,590.5934978269092,605.0573780773493,619.8367337770275,634.9405631286643,650.3660974545,666.1460225336483,682.2930281391774,698.8273410002798,715.7401167296666,733.0487364710541,750.6404535134277,768.5172674573924,786.6693341153558,805.1221868488848,823.8659814703873
Pinal,Arizona,32.91891,-111.367257,177.3382360975698,181.8295594967524,186.41904848077203,191.095176030197,195.86246619028813,200.72153869327295,205.6699455968527,210.7305550202225,215.91675317949645,221.23442753083577,226.6783413369181,232.25202707144024,237.95390441722202,243.78149444535342,249.73619155334634,255.8216211747317,262.03666779149995,268.39450071348557,274.90023273156567,281.56201332453173,288.37627903207573,295.3500328283684,302.4378483411336,309.6405312222671,316.9541151855127,324.38888778584726,331.9408827370145
Pine,Minnesota,46.10094,-92.763094,60.196131380318384,60.76132785798776,61.33348728384989,61.907971606410435,62.48555579123553,63.06618112881261,63.64857949366981,64.23269217629453,64.81743892165517,65.40038915593067,65.98092055828761,66.5555810093859,67.12352509224432,67.6819230083562,68.22997630835034,68.76517222508805,69.28625437499998,69.79618171752053,70.29549438016544,70.78352307449123,71.26090186323384,71.72878145283998,72.19420698482,72.65744852293183,73.11945716127933,73.58242863563325,74.04596372130797
Pinellas,Florida,27.903122,-82.739518,1863.0397090696333,1898.5224798065533,1934.8238676961466,1971.8250377186343,2009.5674086491583,2048.081122947115,2087.3860225911717,2127.6169896658216,2168.893835025861,2211.236292223843,2254.6282057689414,2299.081610959691,2344.61450653084,2391.218543671692,2438.9289608689514,2487.8088621203474,2537.8785231089996,2589.2623085864466,2642.076776624095,2696.354455055826,2752.169073638436,2809.5870975791568,2867.8838067391184,2927.0535629604465,2987.144832715625,3048.2097689649772,3110.286429274142
Pipestone,Minnesota,44.015361,-96.257015,19.847974841045737,20.034332422700846,20.22298583994173,20.412405826231502,20.60284790458644,20.79429271720228,20.986322135506903,21.17891680169606,21.371720532171278,21.563931913835994,21.755345753965017,21.944823813667576,22.13208734056226,22.316203288483536,22.496908391293385,22.673374134969297,22.8451862625,23.01332040722043,23.177954660929835,23.338868344659573,23.496270522695735,23.650540608001865,23.80400153708976,23.956742355858996,24.109076660738673,24.2617284336083,24.414566041398867
Piscataquis,Maine,45.917678,-69.104548,11.174116794906745,11.243493441223736,11.312486367151811,11.379901775925429,11.445833465861883,11.509786864015453,11.572444139966445,11.632773512224647,11.690527694317199,11.745152423460103,11.796136072468128,11.843129029431372,11.88637005370294,11.92509170450499,11.958987005526382,11.987757507575735,12.011855147999999,12.03123729120041,12.04545199983001,12.055104699391322,12.06028918820164,12.060775234027604,12.059010120238566,12.055317877385168,12.049425637635286,12.04211789600627,12.032593103241267
Pitkin,Colorado,39.217533,-106.915943,20.94246061722325,21.139548012076638,21.33671780515336,21.532637891842867,21.728081899908684,21.92277974628543,22.11730364085736,22.312665250699837,22.51007308308841,22.709472205874185,22.91112354676439,23.1149584405729,23.321008931053242,23.52883098333524,23.738905253721654,23.950911304677316,24.164959000499998,24.381528997492467,24.60165127344639,24.825115255124356,25.0517195246471,25.281619723103155,25.517164199857497,25.757913497719002,26.004329962274166,26.257104823063152,26.515551428224878
Pitt,North Carolina,35.591065,-77.372404,157.89956103788094,160.22740717987688,162.57476987551826,164.93113596241696,167.2997091012656,169.68093117629778,172.07382635983117,174.4804567782887,176.90781893203385,179.35611535134032,181.8254012717373,184.31672616827933,186.83296228848405,189.3759692285007,191.94900588455124,194.54868447751227,197.17774837199997,199.83706292463833,202.5310838014483,205.25881676290447,208.0156772600845,210.8000082271128,213.61451620491948,216.4543957024654,219.32095396060797,222.21570075047816,225.13521146926658
Pittsburg,Oklahoma,34.92554,-95.74813,21.20285321993273,21.288396642692422,21.37457483996729,21.46018476291429,21.545244547948133,21.629282648286114,21.712407882416557,21.795817253710936,21.88021203687173,21.96493327549748,22.050071651661767,22.136666986475184,22.223854777502762,22.312015889453615,22.401114049498307,22.491548258760652,22.584007700999994,22.6792420146914,22.778303111888597,22.881305856551467,22.988461840185074,23.099710608073686,23.21139464991556,23.32307869175743,23.434653915110992,23.54656768487264,23.657447678995293
Pittsylvania,Virginia,36.821721,-79.398502,63.07744893194213,63.853635337547594,64.63088701581319,65.40576296695583,66.17927773636613,66.9517187785714,67.72297618448768,68.49440268130235,69.26685217805253,70.04006258384568,70.81229226242789,71.58348203198477,72.35194943807696,73.11771984433919,73.8796265235723,74.63794847575872,75.39251660999997,76.14641683519247,76.90158524212319,77.6573961944679,78.41405260130479,79.17092882630962,79.93479695996453,80.70520891138864,81.48314540779285,82.26978163092127,83.06606448980509
Piute,Utah,38.335881,-112.129376,1.0350377793002614,1.0499467753086211,1.06508590872442,1.0803492294959314,1.0957119869963179,1.111198497630893,1.1268104982857514,1.1426031350943737,1.1586415412852797,1.1749548097005431,1.1915490194414917,1.2084558686793394,1.2256849102876017,1.2432578553424527,1.2612090073442466,1.2795817884453304,1.298363172,1.3176751742563504,1.3375438485057898,1.3579613787608964,1.379004622231324,1.4006596838283212,1.422652135549055,1.4449255285954743,1.4675076531450808,1.4903511790518171,1.5134213685938045
Placer,California,39.062032,-120.722718,475.97199454416767,481.46132168549923,486.9456790909224,492.3922023778177,497.8060215961552,503.1951524490126,508.5580719528052,513.938599284359,519.3890101872472,524.897200949822,530.4487165875332,536.0265237313399,541.6164880248149,547.2045686280666,552.7793565237139,558.3364831535795,563.861199624,569.3960559588143,574.9717255818001,580.5845479885522,586.2253318395412,591.8952394117133,597.5812986255875,603.2769366046397,608.9869494112116,614.71817711193,620.480358786034
Platte,Missouri,39.378696,-94.761472,133.2811309844753,134.02331749468775,134.76745676023617,135.50480787628325,136.2355103253529,136.95837850599113,137.67106446237722,138.37614862120526,139.07528152567588,139.76372076997302,140.43837449148137,141.09949840816157,141.74304752681752,142.3689056120126,142.9751664025855,143.5615509334882,144.129198312,144.68161884830832,145.22727448220252,145.76274789184455,146.29136341072325,146.81386494563318,147.33929561354714,147.86637682466178,148.39889785421252,148.937253902684,149.48279330114156
Platte,Nebraska,41.576866,-97.513467,32.419739350736535,32.52035582567659,32.62054351074752,32.716573798391806,32.80855854683616,32.89625539658936,32.97947791727351,33.058841329135625,33.13512863976277,33.20850763649503,33.27789702314073,33.34322222754872,33.40474425224804,33.46177330484052,33.514346671401746,33.56250163800729,33.607394072999995,33.64898669030429,33.688379429149634,33.72557228953604,33.761627924617386,33.79585654199555,33.829208936597695,33.85924287047363,33.886778637286014,33.91226366994176,33.934933603891565
Platte,Wyoming,42.130319,-104.960809,4.521692416085129,4.548746296036441,4.574464071210574,4.598774004438285,4.621738865742664,4.64289236352362,4.661893746227243,4.679334845499798,4.695690920087532,4.710406006928799,4.723515974608222,4.7346980058642005,4.744095575035221,4.751206521936576,4.756255025222155,4.759617705030489,4.761088317,4.760882072638422,4.758900333338043,4.755403146337378,4.750381544490265,4.743898297819799,4.735854767718266,4.72640339567031,4.715526247383621,4.703375764342843,4.689629129286376
Pleasants,West Virginia,39.368133,-81.161172,1.960356907993368,1.964840999081593,1.9686531786649089,1.9716702989755355,1.9738491502703919,1.9752664298434468,1.975917816720392,1.9758724464901571,1.9751443623192433,1.9737670517585382,1.9717243111543867,1.969022621968251,1.9655755647139688,1.9615300525180157,1.9568147893043082,1.9515086328539686,1.9456396694999993,1.939098794641122,1.9320836928519314,1.9246040863246205,1.9166707774949596,1.908180062979555,1.8992140412902592,1.8896312005184837,1.8795741328163948,1.8689953074666033,1.8579746624938092
Plumas,California,39.99517,-120.829516,21.090243860098894,21.333475078249478,21.576486088187334,21.817820674312173,22.057706148327455,22.29649768476984,22.53412780047735,22.772538116250384,23.014044962025505,23.258112024252352,23.504098804849832,23.751250557927538,23.998940992385844,24.24654796082804,24.493565931496942,24.739801334270076,24.984600648,25.229849257518797,25.47690629738673,25.725609571232066,25.975551812252775,26.226784520756663,26.47873290595192,26.731105724718475,26.984115489820766,27.23806528353009,27.49338664290845
Plymouth,Iowa,42.737585,-96.215864,18.80200992710496,18.859157544090472,18.913895207191338,18.964631078446917,19.01078169533778,19.05235339984782,19.08878175540933,19.1199779742476,19.146373311268324,19.167517485614084,19.183042662218295,19.193253256308477,19.197553121397387,19.196113491050514,19.188503110362177,19.175032736543816,19.155937023,19.131089130052576,19.10127546370601,19.066667257525797,19.027277195479748,18.982965753921906,18.937341521695327,18.890315711025305,18.841774166201528,18.792515977196263,18.741653266262542
Plymouth,Massachusetts,41.987196,-70.741942,924.6012931265923,928.912222796631,933.0465999971237,936.9478538399268,940.649185879039,944.1652731962706,947.5183451582473,950.7632627018338,953.9386422267454,957.0461936842604,960.0896219688169,963.070209543874,965.9833965393543,968.8321753699967,971.6138386129421,974.3013120396082,976.8874708529999,979.3928344684634,981.8453320902213,984.235843978119,986.5360134401152,988.7274584999612,990.8909743555854,993.0245660638288,995.1276636409322,997.1729078664326,999.1828130988359
Pocahontas,Iowa,42.734033,-94.678279,5.038284733258414,5.053598307036774,5.068266096991388,5.08186154591236,5.094228306137099,5.1053680770967205,5.115129609421978,5.1234891110772605,5.1305621433783966,5.136228046716211,5.140388254086029,5.143124338181374,5.144276552477427,5.143890781614294,5.141851464276148,5.13824187258763,5.133124885499999,5.126466514390954,5.118477488718768,5.109203693123549,5.09864852646753,5.0867746012661765,5.074548893823993,5.061947612105366,5.048940166350227,5.0357406848790776,5.022111247335803
Pocahontas,West Virginia,38.332513,-80.012092,2.317109507979293,2.3224096296320407,2.3269155629764273,2.3304817493835888,2.3330571156504147,2.334732316712425,2.3355022452493093,2.335448618386044,2.334588034913639,2.3329600765645053,2.3305455908874766,2.327352238863019,2.323277874084912,2.318496145443731,2.3129227821543434,2.3066509928124264,2.2997139749999995,2.291982768879212,2.28369103435429,2.2748502628959355,2.2654732228049257,2.255437338393795,2.244839648748454,2.2335128891287153,2.221625601104845,2.20912160415342,2.1960953837001944
Poinsett,Arkansas,35.568981,-90.680595,13.970445477442302,14.072841994752478,14.174645599436435,14.275187364428707,14.374735874081336,14.472946529603018,14.56963182871025,14.665546848166334,14.7609956457283,14.856327887816738,14.950960797063999,15.045350460105636,15.138873558539723,15.23190509693328,15.324455210544862,15.416432682047365,15.508055419499998,15.599703495099053,15.691417449878795,15.78336958323488,15.875798073743653,15.968125211666745,16.060178697608507,16.151461903899122,16.24195456002145,16.331752950931882,16.4201729466771
Pointe Coupee,Louisiana,30.708319,-91.604621,3.603759381474234,3.617872427892445,3.631618445740305,3.6447804094283884,3.657306456223928,3.6691973840151197,3.6804021279573944,3.691129734758213,3.7014001516224826,3.711203006003654,3.7204329766597968,3.7291068192430386,3.737216554871415,3.7448188336068693,3.751972699175938,3.7588169841247967,3.765362061,3.771891977999471,3.778524024688083,3.7854337364690482,3.7925173878768312,3.7998611508366484,3.806893737399862,3.8136015834671335,3.8199894763676423,3.826118853492513,3.831964182419459
Polk,Arkansas,34.490915,-94.230884,11.520855062045397,11.60529728235208,11.689250551863166,11.772163233783616,11.854256818644773,11.935247129915858,12.0149795421316,12.094076736219725,12.17278945617797,12.251406057603756,12.329445947834728,12.40728524286751,12.484409917506715,12.561129222682908,12.637451516529337,12.713301575846687,12.7888591005,12.86443752048646,12.940070268339095,13.015899432323298,13.092121428570632,13.168259843485384,13.244172588802169,13.319450115991334,13.394075708786369,13.468128769453227,13.541045123996973
Polk,Florida,27.953115,-81.692783,1430.1916820890706,1457.4305881190226,1485.2979184583805,1513.7024475385215,1542.6759711324503,1572.241628572355,1602.4146518646753,1633.2985853591997,1664.9854037396221,1697.490255777375,1730.8007394562862,1764.9260938622285,1799.8801360065088,1835.6564567935209,1872.2821076008215,1909.8055312029912,1948.2422925465,1987.6878621853734,2028.231717753071,2069.898829751952,2112.7457979873675,2156.82364551914,2201.576029554678,2246.998621873573,2293.128628524341,2340.0060855457673,2387.660208425613
Polk,Georgia,33.995961,-85.186826,45.777710584931405,46.475536459088396,47.17298223110531,47.86713204894867,48.55844932481663,49.245913510497495,49.92917574512294,50.607418548747894,51.28134484998756,51.95007468635326,52.61296761177337,53.26937797329758,53.919753562488225,54.5637351047197,55.201572530166324,55.834385317733826,56.462105777999994,57.08626473328239,57.70869500485922,58.32888631862465,58.94597433272583,59.55951646247917,60.170830048178324,60.77854568074331,61.38203332785975,61.981225300105415,62.57542387574375
Polk,Iowa,41.684281,-93.56972,409.03146717559423,410.2746945598896,411.46549419964697,412.56923618992147,413.57322749782475,414.47760609110594,415.27009284012297,415.948756196393,416.52297796683325,416.98296244128016,417.32070749030413,417.5428355658469,417.6363776995226,417.60505902054854,417.4394977220074,417.1464542235895,416.73103333200004,416.1904756922631,415.5418893052281,414.7889993001121,413.9320816124128,412.96810095165677,411.9755609669025,410.9525301096669,409.8965249604718,408.8249294556641,407.7184281104141
Polk,Minnesota,47.774254,-96.400027,62.670970693368474,63.25940405404776,63.855086630118805,64.45318968620263,65.05452004897013,65.65901659518869,66.26535906303313,66.87348632927082,67.48227372642108,68.0891907526524,68.69358950169872,69.29187592748048,69.88316985544756,70.4645251457865,71.03511052253326,71.59230991133064,72.13481527500002,72.6657072244667,73.1855480934711,73.69364107716098,74.19064630644895,74.67776179669488,75.16232233581623,75.64460909068312,76.1256122576645,76.60761784566124,77.09021021669137
Polk,Missouri,37.616761,-93.400817,45.671306916399864,45.92563119806486,46.18062462837547,46.43329197053703,46.68368102088138,46.93138551058799,47.17560086807103,47.41721132546935,47.656782472709615,47.89268923450963,48.12387212551381,48.350418772330535,48.570943081336736,48.78540522225589,48.99315197855299,49.19408775756438,49.388602895999995,49.5779002682109,49.764879518328065,49.94836963622168,50.12950976780033,50.3085548268338,50.48860360883567,50.66921798076421,50.85169640963409,51.03617431838551,51.223113738226154
Polk,Nebraska,41.187925,-97.570663,4.6177768770557375,4.632108405955537,4.646378859227265,4.660057144452921,4.673159194405044,4.6856504880764644,4.697504470846281,4.708808772963464,4.719674923835796,4.730126822622087,4.7400104525211155,4.74931519168452,4.758078216581561,4.76620127511491,4.773689678208746,4.7805487367872495,4.786943089499999,4.792867425422818,4.798478416819016,4.803776063688591,4.808911727370676,4.813787155767939,4.818537777446972,4.822815726873983,4.826737844380931,4.830367861057979,4.833596902959434
Polk,North Carolina,35.278928,-82.167667,18.089152808188942,18.355833502547647,18.624750035428402,18.89469800702357,19.16604443233584,19.438839934124196,19.712972720462535,19.988679030892808,20.266760392432353,20.54724000717904,20.830124202977757,21.115533208881086,21.403796072822477,21.69512583224601,21.98989582999922,22.28771795826319,22.588906499999997,22.893560591445986,23.202190678754302,23.51468286071722,23.830511926210228,24.149488039887103,24.471921266146655,24.79726108248488,25.125657247897124,25.457282723476602,25.79174518284113
Polk,Oregon,44.904395,-123.397329,117.03155703074857,118.19799575683429,119.40778808638338,120.65380154634681,121.93498434346404,123.25215819121989,124.60450137612945,125.98915433526534,127.41341388437338,128.87392743243527,130.36803262775985,131.89895058720793,133.46161955571262,135.05571084787988,136.68510295135846,138.34312355265098,140.032895163,141.75862495544828,143.527050980572,145.33968519118335,147.19932141313103,149.1054337497846,151.03018254827577,152.9689333445496,154.92362538243057,156.89655945967624,158.88382422009863
Polk,Tennessee,35.109437,-84.541112,6.831619028853072,6.892383163085979,6.953528582411336,7.014746792527069,7.0761209829078915,7.13761880209142,7.199184790427836,7.261078915025632,7.323437514190591,7.386136959120011,7.4491125468891095,7.5124913725287055,7.576123232820561,7.640112114608073,7.704422200200734,7.769211780682384,7.834449660000001,7.9002975954655295,7.966927743075261,8.034466042450639,8.102967953241473,8.17235490761053,8.242350762718134,8.312873484498931,8.383888410671801,8.455463710389628,8.527653687892853
Polk,Texas,30.784553,-94.837338,41.52599220649587,42.21605987077219,42.90959007939482,43.60392846217963,44.298815513661715,44.99419933274809,45.689436716607815,46.39002362026593,47.099839650423064,47.81838247864352,48.545121972334684,49.27971892078169,50.021993523769545,50.77237396531538,51.53137740273859,52.29964703887008,53.07794285399999,53.86966066249793,54.67809618376843,55.50407427446784,56.34836789015959,57.21193534745342,58.090246422375905,58.983147265258566,59.891518341071695,60.816638641035254,61.7581189069519
Polk,Wisconsin,45.46803,-92.453154,99.65314334900982,100.29570769158009,100.93733306138621,101.57104939137085,102.19707336755658,102.81444796001065,103.42109659435074,104.01476212450903,104.59618489439585,105.16011026796528,105.70415469896994,106.2259888126678,106.72377077786761,107.19509899115329,107.6374273917603,108.05003369294707,108.4324664655,108.78570079652039,109.11255360430074,109.41345826088615,109.68893842416428,109.93879546528117,110.18099626693623,110.41290448252228,110.63670502943299,110.8534452234437,111.0653822106222
Pondera,Montana,48.230312,-112.219928,3.618962323374039,3.647367068384929,3.675685809488546,3.703930274490428,3.7319949131407415,3.7595083449308095,3.786509662545758,3.812564937180713,3.8378579044557544,3.8620367302047707,3.8852147832146198,3.9072708761614185,3.928025182693597,3.9475988901350396,3.9658825389673997,3.9827158491816705,3.9981457319999993,4.012137004005777,4.024732667152637,4.036194642430909,4.046429107396297,4.055424334243264,4.06333278444379,4.070013724331433,4.075846352951891,4.080678208833182,4.084786850039683
Pontotoc,Mississippi,34.227081,-89.037239,7.352079978456697,7.38373509224533,7.414531719348018,7.444067206717367,7.4722579848529715,7.499255998301023,7.524830797833138,7.549207767859488,7.572462880653168,7.594284649894504,7.614683205219899,7.63371679203873,7.651476577078705,7.66799041683996,7.683121561230928,7.697234677162451,7.710709625999999,7.72362491242576,7.736274295895699,7.748731216273804,7.760934895741599,7.773027149208857,7.784972522948135,7.796626669640558,7.808328932105942,7.819838731479488,7.831247234488912
Pontotoc,Oklahoma,34.721071,-96.692738,19.733151215629956,19.812765090201925,19.892969739108167,19.97264550432468,20.051809265118152,20.13002216055454,20.20738546623401,20.285013213758354,20.363558068106382,20.442406749254904,20.52164365353737,20.602236525577585,20.68338078699644,20.765430902394527,20.848353113238467,20.9325187633955,21.018569264999993,21.10720229440863,21.19939684908964,21.295259831065415,21.394988165114047,21.49852558701322,21.60246811131304,21.706410635612865,21.810251884312525,21.914408212657133,22.017602422800206
Pope,Arkansas,35.455297,-93.031535,37.11627177519079,37.38831585363153,37.65878469911287,37.925901125731905,38.19037870055572,38.45130190357371,38.70817258419188,38.96299680831579,39.2165823877195,39.469858305943156,39.7212762570865,39.972047958810606,40.22051739697866,40.46768087277868,40.71356531326977,40.957928374919746,41.201348989500005,41.44483692172808,41.688499879840556,41.932795623842686,42.17835693962417,42.4236489848143,42.66821399940779,42.91073255750702,43.15115080499372,43.38972454892968,43.62463621282327
Pope,Illinois,37.417169,-88.542374,5.786719717546605,5.809098265949987,5.830869800459183,5.851661055559763,5.871544763135049,5.890559805009464,5.9086165242702275,5.926084984399176,5.94321814597165,5.959812451200985,5.975839996660239,5.991102713761487,6.005606091703468,6.0192101559182705,6.0319908403218205,6.043897369825759,6.054915563999999,6.065246693465075,6.0751697924903505,6.084648723850779,6.0937296883024334,6.1023911864835805,6.110964857484861,6.119501018961404,6.127934257961542,6.136291105612524,6.144651155296106
Pope,Minnesota,45.589623,-95.446705,21.832181201110565,22.037168990720282,22.24468213109842,22.45303847459992,22.662519088932555,22.873102681088177,23.08432932209039,23.296177718931038,23.508256080259883,23.71968287553885,23.9302323988814,24.138652621407395,24.344636923799253,24.547158983063397,24.745929214288765,24.94003627672588,25.1290245,25.313967051722667,25.495059827568998,25.672060087245917,25.845197795241603,26.014890294516107,26.183692746049285,26.35170309767871,26.51926629613666,26.687178699928516,26.85529551659877
Portage,Ohio,41.16864,-81.196932,139.86500298740324,140.1553621816076,140.43412068464804,140.69281609760196,140.93348769986343,141.15601337889387,141.35968488196957,141.5451982505604,141.712748864728,141.85958919235466,141.9837165878079,142.08338484178617,142.15773916651958,142.2055218028608,142.22695255337928,142.22095682773568,142.18854815999998,142.13183909708954,142.05562866176993,141.9606861630342,141.84887992272235,141.72061291221172,141.58924424322146,141.4546029581976,141.31809335133372,141.1807289566998,141.04642958678394
Portage,Wisconsin,44.476246,-89.49807,153.2378962072137,154.22597550631212,155.21261093514067,156.1870845336192,157.14972950257922,158.09907420501494,159.031925466291,159.94481244441263,160.83887357555412,161.7060287395514,162.5426127272579,163.34504362973493,164.11048923991464,164.83525658191454,165.51543054596442,166.1499004626259,166.7379721635,167.28114505232853,167.78375073992106,168.24645562794063,168.67006495172996,169.0542732771937,169.42670850661074,169.78331669653122,170.12745762200615,170.46074175372118,170.78663993367107
Porter,Indiana,41.509922,-87.071308,247.73034695164625,248.94235225566456,250.13850393918142,251.3039840453461,252.439190906332,253.54468218718193,254.61946205746236,255.66544251160562,256.6898731951677,257.69167861128045,258.66815010116454,259.6182121679519,260.5457286337247,261.4450830148377,262.31711180885515,263.16030135351815,263.975049981,264.7654605126868,265.53619343500753,266.2888022434382,267.0211359442427,267.73188004124864,268.4423054725158,269.1495840796131,269.8569423531451,270.56282679763547,271.2685120760391
Posey,Indiana,38.027614,-87.868653,34.057041950879864,34.223663908954705,34.38810637055226,34.548332218362155,34.7043962136024,34.8563750219782,35.00413174044454,35.1479292228479,35.28876412335628,35.42648858668103,35.56073023653959,35.69134121764331,35.818852713807,35.942492591856535,36.06237585034979,36.17829439665827,36.290302991999994,36.39896567692059,36.504923157670916,36.60838900300125,36.70906750233426,36.8067779436505,36.904444575992315,37.00167859471178,37.09892356567483,37.195965920131194,37.29298089397857
Pottawatomie,Kansas,39.382187,-96.337113,23.69447427815168,23.792506173555115,23.89015759763475,23.985655899904796,24.079753375937276,24.170833022606075,24.259111016799746,24.345088888899628,24.429320051740305,24.5113807986203,24.591037658500028,24.66742592382541,24.740320770632408,24.810007552413847,24.875284325669607,24.93688609182061,24.994942556999998,25.049721780549497,25.101483174735346,25.150771505316584,25.197171712667277,25.240830797071617,25.28212058277783,25.32067789261323,25.356805374221725,25.39117749949548,25.423128443617887
Pottawatomie,Oklahoma,35.211393,-96.957007,37.52697033587429,37.67837380289986,37.83090075855001,37.982421924383864,38.132969400076426,38.28170859407802,38.428832104438555,38.57645850970722,38.7258289973169,38.87577727907636,39.02646385336053,39.17972910153539,39.33404293909318,39.49007945920865,39.64777446253182,39.80783414191244,39.97147828499999,40.14003367836068,40.31536210314379,40.4976668572909,40.687322437010216,40.88422184338509,41.08189164195968,41.279561440534266,41.47703864105891,41.67511503551668,41.87136174850014
Pottawattamie,Iowa,41.340184,-95.544905,75.15594991874883,75.384382062801,75.60318106794074,75.80598399241273,75.99045860258558,76.15663024882484,76.30224274859573,76.42694119678046,76.53244941823702,76.61696753701072,76.67902523189917,76.71983932044915,76.73702686829816,76.73127233531628,76.70085189664545,76.64700772019816,76.5706777695,76.47135503723983,76.35218296874696,76.2138460238915,76.05639490340452,75.8792718992438,75.69690136941234,75.50892840879239,75.3148967108038,75.118000421507,74.91469048972382
Potter,Pennsylvania,41.748222,-77.894735,49.49468082974013,49.63477062823488,49.77153722334389,49.90250818370206,50.028262673361,50.149491694947805,50.265396401494726,50.37680759384821,50.484036822325656,50.58602960892969,50.68179538342032,50.77047139107241,50.85107505011566,50.92240809009847,50.984138989529264,51.03543295332676,51.07569484049999,51.10599111175089,51.127072683229095,51.13875582013203,51.14110043598231,51.13397472103022,51.12034239752603,51.099991771023284,51.07279502600716,51.03886799528796,50.99912535864375
Potter,South Dakota,45.064276,-99.949631,2.705666505852562,2.716719194518957,2.727807082830786,2.738553534581902,2.7489057503041523,2.758789810742126,2.7680965969949756,2.7768718686017655,2.785066346058889,2.7924969912100868,2.7993362823179866,2.805249822750962,2.8103924909489253,2.814602368542876,2.818104733263597,2.8208749453592823,2.8227968459999997,2.8239584342993336,2.8244054697963508,2.8242435514273523,2.8235641982704687,2.822465969332916,2.821406460005341,2.8203891902522877,2.819354320676517,2.818470809576114,2.817597858369342
Potter,Texas,35.398675,-101.893804,102.43055365790838,104.13271678893615,105.84342084374708,107.55611839040462,109.27016931684793,110.98544560066479,112.70036067839024,114.42847120902687,116.17934686788419,117.95174858090164,119.74436869058341,121.55637047902152,123.38731044000228,125.23824475842616,127.1104490861858,129.00550998674626,130.92530207399997,132.8782016714859,134.87233820237665,136.9097463085798,138.9923326095909,141.12246094780605,143.2889567955346,145.49144065776918,147.73208434328748,150.01404269010374,152.33635553012664
Powder River,Montana,45.40889,-105.555259,0.7357483757812532,0.7415231651100237,0.7472804695275316,0.7530226733398584,0.7587283177922726,0.7643218998588688,0.7698113672265836,0.7751085005704115,0.7802506540189589,0.7851662983897881,0.789878481975018,0.794362566945142,0.7985819939402483,0.8025614007898428,0.8062785339705008,0.809700807965778,0.81283776,0.8156822371549227,0.8182429818861777,0.8205732436962458,0.8226539481364771,0.8244827109007907,0.826090527968242,0.8274487876658566,0.8286345825569282,0.8296169166624003,0.8304522185595292
Powell,Kentucky,37.810379,-83.826985,6.150964986159039,6.184218439669878,6.2167232559997885,6.248033817779168,6.2782422192644045,6.30736182897658,6.335367395264756,6.362474299857568,6.388862275094092,6.414440712109174,6.439217037858977,6.463216503994441,6.486422771212016,6.508846237250325,6.530581967148217,6.551618077775839,6.572011014,6.591931595812384,6.6115937195504015,6.630930542608611,6.649988112115203,6.668904569454752,6.687948770440257,6.707120715071713,6.726479818998401,6.746072129348515,6.765954090988868
Powell,Montana,46.844225,-112.9311,4.063285365935686,4.095177542314653,4.126973155539156,4.1586853733120765,4.19019568630748,4.221087117267454,4.251403558534937,4.280657805103312,4.309056150984391,4.336203565091727,4.3622273352198455,4.386991395105633,4.410293839971574,4.432270736080782,4.452799184873022,4.4716992277422545,4.489023535499999,4.504732605037617,4.518874717932336,4.531743952881845,4.543234968263091,4.553334596373194,4.562214017349611,4.569715218757767,4.57626395632416,4.5816890499113345,4.586302135154149
Power,Idaho,42.694126,-112.844407,3.643471487457381,3.6992043149650526,3.7560071580770273,3.813417307342795,3.8714689401649527,3.930038492087963,3.9890050276872624,4.048323853436382,4.107592727597094,4.167008827492061,4.226322395179242,4.285438785543764,4.344444756607597,4.40327195356555,4.461736344249808,4.5199325737752485,4.578018384,4.636185694184783,4.694310939874066,4.752756927341543,4.811379059883929,4.870613756642047,4.930447872461053,4.990960278270009,5.052429651351612,5.114792894962606,5.178202492899184
Poweshiek,Iowa,41.684526,-92.522882,15.165341226687167,15.211435400407812,15.255585751465725,15.296508333838956,15.3337325378302,15.367263478762267,15.396645892906237,15.421808165742974,15.443098139222643,15.460152625426687,15.472674935632895,15.48091060533551,15.484378794191636,15.483217615916795,15.477079228560813,15.466214282940724,15.450812046,15.430770211282711,15.406723078815645,15.378808762314305,15.347037492424295,15.311296732044076,15.274497099844954,15.236566981307769,15.197414300622185,15.157683588460579,15.11665869963142
Powhatan,Virginia,37.549404,-77.912855,37.41414299390123,37.87453493525223,38.33555873892974,38.79517338932353,39.253980660077886,39.71215105372536,40.16961937812113,40.627187998124306,41.08536340655215,41.5439901452132,42.00203516935144,42.459463375504264,42.91527682237823,43.369490554314446,43.821412531621945,44.27120824205293,44.71877739,45.16595037029791,45.613875567651185,46.06218188831253,46.51098968701079,46.959927869998644,47.41301327635178,47.86998012271065,48.331410123598076,48.79800033348536,49.27031240777383
Prairie,Arkansas,34.828225,-91.5572,4.078264846185095,4.108156528421867,4.137875127078431,4.1672253683719855,4.196285657685018,4.224955399432452,4.2531798577812285,4.281179455410417,4.3090429531303815,4.33687242587304,4.364497748751864,4.392052062982394,4.41935340890339,4.446511258180964,4.473528569508796,4.500378714643777,4.527125305499999,4.553879293090419,4.580652512189752,4.607495260590536,4.634477067594223,4.661429287661121,4.688301622998692,4.7149490976166755,4.741365794127714,4.767579820121756,4.793391463775483
Prairie,Montana,46.852434,-105.375808,0.7231027005725128,0.7287782357096951,0.7344365864575272,0.7400800961418296,0.7456876748302179,0.7511851172050442,0.7565802343523766,0.7617863232168577,0.7668400959030081,0.7716712526362137,0.7763024455660723,0.7807094603257725,0.7848563659194006,0.7887673767137675,0.7924206216678827,0.7957840753288662,0.798867111,0.8016626987038226,0.8041794306350089,0.8064696410702167,0.8085145834028816,0.8103119143071832,0.811892097018788,0.8132270116278498,0.8143924256692309,0.8153578759072655,0.8161788210530372
Pratt,Kansas,37.647594,-98.74012,10.194862269626555,10.23704179468949,10.279057616911924,10.320147029877884,10.360633718749266,10.399821946453942,10.437804725969468,10.47479784740378,10.51103942397942,10.546347150260384,10.580620572230902,10.613487637980747,10.644851614013257,10.674835277458808,10.702921476162176,10.729426454247063,10.754406019499998,10.77797550801316,10.800246535359614,10.821453494242801,10.841417799745821,10.860202700693408,10.877968179406958,10.894557974084176,10.910102302893645,10.924891366325344,10.938638684408392
Preble,Ohio,39.737906,-84.645358,35.410646236640815,35.484158598474835,35.55473392844148,35.620229739083825,35.68116232968802,35.73750078412916,35.78906578888268,35.83603356586066,35.87845358086295,35.91563022107887,35.94705646205973,35.97229020321918,35.99111503168277,36.003212511363834,36.00863829128724,36.007120309553684,35.998915170000004,35.9845577215873,35.96526296802493,35.94122568089987,35.912918876923406,35.880444579307785,35.8471850121192,35.81309689278275,35.778535756735046,35.743758207812895,35.70975665362623
Prentiss,Mississippi,34.620866,-88.52224,5.690777704629231,5.715279915746864,5.739117626898984,5.761979169960181,5.783799859093098,5.804697304911104,5.824493131317263,5.843361794054728,5.861362098430186,5.878252942686237,5.89404216753044,5.90877485703125,5.922521577556685,5.935303891052531,5.947015947966761,5.957940013771446,5.968370115,5.978367017135993,5.988158100698598,5.9978002108176085,6.007246303247679,6.016606147894614,6.025852302281964,6.034873036327031,6.0439310137329985,6.052840017695369,6.0616706145821615
Presidio,Texas,30.005891,-104.261619,5.928634488369212,6.027154926686328,6.126169709839968,6.2252998754072735,6.32450837398936,6.42378779570645,6.523046310977028,6.623068573141725,6.724408470713843,6.826994286642687,6.930750334299111,7.035628184826002,7.141602168282705,7.2487334161773775,7.357095762669223,7.46678103733976,7.577897741999999,7.690930694498186,7.806350422200134,7.92427468926658,8.044813849978484,8.168104722473144,8.293500530101495,8.420979307862764,8.550666759074593,8.682745484345766,8.81715990957795
Presque Isle,Michigan,45.489515,-83.384019,21.69287457439287,21.796555017505774,21.89798051668147,21.995889072046015,22.090406670050434,22.181567476511955,22.269029833258294,22.3518541803156,22.430215617497172,22.503501295456452,22.571237163479367,22.632979065941914,22.688398156853253,22.73703533304435,22.778683464248253,22.81301156911053,22.839833871,22.859810197261915,22.873467982699783,22.880909724765285,22.88225500381874,22.877708814763512,22.871785316201183,22.864636118945718,22.8561416426368,22.846415061544008,22.83594537392646
Preston,West Virginia,39.46903,-79.668865,9.178770007170515,9.199765388482048,9.217614750237864,9.23174149078306,9.241943293747497,9.248579270688166,9.251629189968064,9.251416757779417,9.248007726942513,9.241558892644223,9.231994386245738,9.219344555202586,9.20320476677447,9.184262896619883,9.162185122728088,9.137340672474597,9.109861051499998,9.079235410969686,9.04638934827706,9.011368384605403,8.97422309904725,8.93446793231426,8.892487285509702,8.84761857252136,8.800529437370708,8.75099733205058,8.699396541845754
Price,Wisconsin,45.679072,-90.35965,29.743544762033626,29.93533139959899,30.12683778129381,30.315983546232882,30.50283336884784,30.687101603732206,30.86816845424916,31.045360228402217,31.21889789716623,31.38721310557332,31.549594434875182,31.705346634931438,31.853919973072916,31.994597641015336,32.12661971418665,32.24977061114797,32.363915593499996,32.46934569618522,32.566901686815285,32.65671291425351,32.73893567504309,32.81351068428833,32.88580053028142,32.95501834077045,33.02181624960803,33.086506849880536,33.14976383358447
Prince Edward,Virginia,37.224881,-78.432957,38.90178287437444,39.38048065832389,39.859835428350415,40.337725015141565,40.814775119723116,41.2911630240524,41.7668209438516,42.242583147155095,42.718976265659585,43.195838659933415,43.6720962098823,44.14771241627979,44.62164965825809,45.093923578342846,45.56381462035442,46.03149485207491,46.49685999,46.961813208083115,47.427548552448464,47.89368017413013,48.36033321333329,48.82712182109202,49.29822255175345,49.773359054031154,50.25313617225008,50.73827867676509,51.22937055520024
Prince George,Virginia,37.187326,-77.220993,37.242609007683406,37.70089017330621,38.15980030433329,38.61730774267309,39.074011502996335,39.53008130612642,39.98545225880732,40.440923047266665,40.89699784218567,41.35352189810771,41.809466906514714,42.26479792488424,42.71852158722067,43.170652868890755,43.620502903023194,44.06823641865242,44.51375358,44.95887639002268,45.40474796838375,45.85099892270295,46.29774905591442,46.74462897563787,47.19563710480036,47.650508878588994,48.109823344518816,48.57427436125003,49.04442100914203
Prince George's,Maryland,38.82588,-76.847272,5078.988294568134,5134.987033996358,5190.977521596454,5246.796554545409,5302.573411483923,5358.34751781306,5414.088616829678,5469.8352170650505,5525.668919930679,5581.436608171272,5637.035592370099,5692.287082917685,5746.9820335014065,5801.026006532667,5854.187950823836,5906.373428786314,5957.477000393999,6007.631611766761,6057.023387472415,6105.638574464078,6153.457001606323,6200.544683524185,6247.707548765008,6294.959350375674,6342.405528382285,6390.217537435983,6438.489815125364
Prince William,Virginia,38.702332,-77.478887,558.822813100493,565.6992907960132,572.5852060746114,579.4500740449167,586.302882881289,593.1461792331304,599.9789893815521,606.8132975590335,613.6566688123278,620.5067811963922,627.3482050119088,634.1804159487062,640.9885086176379,647.7727077230628,654.5226768644671,661.2408877897993,667.92584247,674.6048799354135,681.2951526187771,687.9911178125684,694.6945731516602,701.3999759285296,708.1673222070295,714.9926422101512,721.8846245064422,728.8536803978697,735.9081988471696
Prowers,Colorado,37.958181,-102.392161,16.31664810868986,16.470202446322777,16.623820981894966,16.77646584872154,16.928739794121206,17.08043239151525,17.23198945992639,17.384199207386793,17.538003203672424,17.69335865015713,17.850468840315248,18.009280275864057,18.169817922668834,18.33173582516795,18.495408471340482,18.660586202533707,18.827354615999997,18.99608819971843,19.1675894279299,19.34169423923403,19.518245705334856,19.697365089006528,19.880882031518297,20.068454143860716,20.260441647804132,20.457383092727994,20.658743495805044
Pueblo,Colorado,38.170658,-104.489893,222.6631710081248,224.75863176156156,226.85496858443582,228.93801835417472,231.01600638938586,233.0860611291353,235.15426638896113,237.23137835473486,239.33024604487292,241.4502854130838,243.59427067925284,245.7614717855155,247.95222942554182,250.16182255847434,252.39536158936502,254.64943958151244,256.92522462750003,259.2278271323797,261.5681979641203,263.94409827860375,266.3533865727605,268.79771764441705,271.3020594725419,273.8617396868018,276.48167401015155,279.16921169176123,281.91705215298515
Pulaski,Arkansas,34.773988,-92.316515,244.12840041798248,245.9177419260731,247.6967225039229,249.45365289690113,251.1932265178519,252.90942162954138,254.5989616984744,256.27504141359026,257.9429740724484,259.6088699672421,261.26254527764905,262.91196995000854,264.5462517243238,266.17194366758457,267.78922288970966,269.3964954014311,270.997569066,272.5990855053655,274.20175315920216,275.80858289612706,277.4237367992284,279.0371196031432,280.6457204392546,282.2408609215488,283.8221868301885,285.39138070940095,286.9364876396773
Pulaski,Georgia,32.238794,-83.481855,11.547694267152993,11.72372491052742,11.899659670921944,12.074763007668837,12.249151819195642,12.422568666268656,12.594925546700848,12.766016246412157,12.936018083242121,13.104709081524947,13.27192768500683,13.437511023968481,13.601572056441018,13.764020153306454,13.92491836090774,14.08454907432266,14.242895218499998,14.400342952290325,14.55735461554192,14.713801488637934,14.869465536309004,15.024235113989494,15.17844252844535,15.331742338255852,15.483975614098135,15.635125280920992,15.785015334350348
Pulaski,Illinois,37.215615,-89.127755,9.285593937271386,9.321503420281125,9.356438865353866,9.389801316229928,9.42170748129815,9.452219751835575,9.481194260897478,9.509224826638372,9.536717359366593,9.563345222396402,9.58906364081133,9.613554786105944,9.636827466460526,9.6586570732777,9.679165453051466,9.698271130114147,9.71595135,9.732529079319631,9.748452067237752,9.763662326567456,9.77823399282618,9.792132567307794,9.805890210904776,9.819587665269783,9.833119966254362,9.846529686729914,9.859944545310633
Pulaski,Indiana,41.045272,-86.692538,19.518742950340023,19.61423718540119,19.70848230929284,19.800310811072656,19.889754075443378,19.976856040988856,20.061538245952214,20.14395133690666,20.224666515442266,20.3035990428616,20.380535503185957,20.45539115771791,20.528470438074134,20.599330819945855,20.66803821120884,20.734473349992637,20.798667621,20.860944286669255,20.921670548022604,20.980968805400774,21.0386695814089,21.094669306527916,21.150643923884726,21.206370602089805,21.262103557235434,21.317720388980884,21.373321528374955
Pulaski,Kentucky,37.108312,-84.579986,33.47522852745655,33.65620288808247,33.83310296105235,34.00350357514239,34.16790593240549,34.32638278797839,34.47879671549171,34.626319881037006,34.769930437007844,34.909135265255415,35.043974785300094,35.174586423511236,35.300881256943974,35.42291587292686,35.54120764132097,35.65569189089368,35.766675809999995,35.87508904760906,35.9820956859083,36.08733194921415,36.19104843855308,36.29399695700445,36.39764069120667,36.50197964115971,36.60733716302674,36.713963857834266,36.82216691393727
Pulaski,Missouri,37.824835,-92.207022,75.46248592684762,75.88270474303192,76.30402919038077,76.72151025320525,77.13522690515994,77.54450787018065,77.94802375841476,78.34723558247259,78.74307786393368,79.1328654985413,79.51484790361818,79.88916986419783,80.25354114429649,80.60789593253537,80.9511549223014,81.2831601662854,81.604556616,81.91733177508627,82.2262767119239,82.52945657197492,82.82875356067426,83.1245888708465,83.42208262776555,83.72051090626417,84.02201915729263,84.32683113953894,84.63571026499771
Pulaski,Virginia,37.063385,-80.713444,44.26791244322424,44.81264201654666,45.35811920090352,45.90192909398519,46.44478370630061,46.98688477416069,47.52815516309362,48.06954422044472,48.61165122172571,49.15429223088844,49.696244963225816,50.237467884791485,50.776780244824685,51.31419984358818,51.848907868996605,52.38110012393992,52.91065794,53.439747015808315,53.96972610475287,54.50015613368647,55.031179504710856,55.56235714467887,56.09844172373801,56.63911877058011,57.185076562030545,57.737139843595564,58.29597315841688
Pushmataha,Oklahoma,34.377896,-95.408085,5.675931906046923,5.6988315902336595,5.721901201405528,5.744818687466898,5.767588903474486,5.7900856179536255,5.812337961244622,5.834666367090871,5.857258564352133,5.879938152634317,5.902729407221018,5.925910684697402,5.949250560693241,5.972850991399613,5.996702266703085,6.02091119785145,6.045662276999998,6.071156179826407,6.097674499620317,6.125247985074285,6.153933278516681,6.183714196425114,6.2136116356947815,6.243509074964446,6.273377383893804,6.303336320548564,6.333018518970398
Putnam,Florida,29.606006,-81.740894,136.7365227362,139.3407563786676,142.0050718660706,144.72074738356804,147.49082283377774,150.31751050185107,153.20226667621492,156.15499093502814,159.184476713874,162.29217234331912,165.47689210218545,168.73951931296122,172.08137498044917,175.50184634940945,179.00351972442547,182.5910265801663,186.26585503649997,190.03713275914046,193.91341444786332,197.89708746074547,201.99356314276127,206.20771966224777,210.48636668125164,214.82909039103953,219.2394479551461,223.72126710435455,228.27734104761493
Putnam,Georgia,33.321061,-83.37179,19.722012250914762,20.02265049304782,20.32312497908719,20.622179497903236,20.920013697336202,21.21618790349071,21.51055181967804,21.802753258135056,22.093095055473384,22.381198105119946,22.66678648927307,22.9495820468969,23.229777696129204,23.50721865381294,23.782012595187798,24.054641815598174,24.325077153,24.593978118236326,24.862134329731525,25.12932595053789,25.39518060378484,25.65950761456879,25.92287452113223,26.18469135289105,26.44468667851189,26.702831335950677,26.958824731829946
Putnam,Illinois,41.19894,-89.298386,8.775276421727225,8.80921239197324,8.842227855442824,8.87375677330435,8.90390943988899,8.932744817575033,8.96012694605488,8.986617008434887,9.012598607011487,9.03776305639243,9.062068042400359,9.085213203743484,9.107206864522276,9.127836760174876,9.147218040757712,9.165273708341486,9.181982258999998,9.197648909750297,9.21269680236603,9.227071136519127,9.240841973388509,9.253976710247349,9.266978261498751,9.279922931396973,9.292711524411475,9.305384273694505,9.318061878702807
Putnam,Indiana,39.665545,-86.853325,52.688499656009334,52.94627486130671,53.20067824119546,53.448558240268525,53.68999957775726,53.92512086058561,54.15371029067513,54.37617452033641,54.594055439580444,54.8071243064825,55.014805030269265,55.216868869016025,55.41413759926709,55.605416679860134,55.79088402118101,55.970217690150506,56.14350240599999,56.31161077681262,56.47553401759545,56.63560253335081,56.79135884022932,56.94252336476743,57.093620113920444,57.24404758114562,57.39449199221706,57.544622942132435,57.69471153243211
Putnam,Missouri,40.478606,-93.014531,5.876358716275749,5.909081684157054,5.941890748928106,5.974400524510994,6.0066171606835566,6.038488384334161,6.06991067420252,6.100997801178652,6.131822537633654,6.162175791121,6.191921241565258,6.221070163559134,6.249444213545296,6.277038266708877,6.303768276086081,6.329621942121225,6.354649488,6.379005683131348,6.403063614037508,6.426672611161421,6.449979244208248,6.473016311993132,6.496182525112636,6.5194215106032365,6.542900337429554,6.56663642996214,6.590689236053432
Putnam,New York,41.427904,-73.743882,123.87017930629459,124.20029736380214,124.50153565376093,124.76945063891296,125.00662847084092,125.2154295771739,125.39721475088918,125.55929099882758,125.70872670536454,125.84255521282421,125.96104738995095,126.06166222995279,126.14305183836404,126.20386187146302,126.24403428594746,126.26198256488631,126.25656518999999,126.23398634538448,126.20052760620564,126.15431868827643,126.094334159922,126.01961308202561,125.94164157919741,125.86207711018243,125.7811325004226,125.69730507331255,125.61492227950546
Putnam,Ohio,41.024533,-84.129879,31.300434136293877,31.365413714029117,31.427797169346636,31.485690699261742,31.539550674767828,31.589349768260522,31.634929479634323,31.67644557623428,31.713941782227437,31.74680322651486,31.77458173638443,31.79688652709328,31.813526305410633,31.82421959701119,31.829015591582863,31.827673806206967,31.820421059999997,31.807730120518023,31.790674962613842,31.769427750195153,31.744406595609235,31.715701679950605,31.686302643140287,31.656171226532127,31.625621697576694,31.59488087539048,31.564825976074637
Putnam,Tennessee,36.140807,-85.496928,35.53296242913644,35.84901191749607,36.16704456516355,36.48545581597162,36.8046783592238,37.124543926857605,37.44476405933737,37.766690910736614,38.09103361074722,38.41714913498757,38.744700947332674,39.074350100885184,39.40531535106924,39.7381375595143,40.07263042943685,40.40961727242836,40.74893582999999,41.09142744246418,41.437987536296276,41.78927115502522,42.14556675818672,42.50646569477186,42.870531676675895,43.237338024168956,43.60670445004121,43.97898551913865,44.35446368142325
Putnam,West Virginia,38.510513,-81.906109,14.468086610651293,14.50118069569772,14.52931585014938,14.551583202482474,14.567663850407948,14.578123845488872,14.582931297496339,14.582596450092833,14.5772229465223,14.567057936058747,14.551981830343792,14.53204246472078,14.506602034611612,14.476744807799069,14.441944595506211,14.40278339441056,14.359468490999998,14.311194656994669,14.259420870366988,14.204218884131993,14.145668423861947,14.083004124063123,14.01683189908472,13.946107343930095,13.871882836153114,13.793807583235829,13.712471554412975
Quay,New Mexico,35.107018,-103.548071,3.414342285501417,3.446331326613944,3.4772712793773257,3.507008132548597,3.5354259247212885,3.562472110883094,3.587963689439432,3.6122847825492275,3.6356818082012277,3.6580152503282735,3.6791818308027304,3.6990583406302258,3.7176900772351598,3.7349067223017824,3.750325965568144,3.7642993150475994,3.776611155,3.787402813389477,3.796935203380584,3.8050235114817634,3.81166049010511,3.8169131794387385,3.819638272490749,3.8197940956306913,3.817237508997455,3.812162385567482,3.804454575831277
Queen Anne's,Maryland,39.040693,-76.082405,251.11291210810592,253.8815750221835,256.64982995331803,259.4096079055258,262.16730061158046,264.92485732332074,267.68078210328906,270.4369788718861,273.19748212710357,275.95472151877715,278.7036199258382,281.4353377178552,284.1395393269387,286.81155561496314,289.43996305952476,292.0200925224979,294.5467308885,297.02645121605696,299.4684557871054,301.8720646300738,304.2362804533235,306.56436712039863,308.8961709653988,311.2323719598959,313.57818321927255,315.94208172245544,318.3287366075702
Quitman,Mississippi,34.25264,-90.290525,1.5510158842028685,1.5576939378212034,1.5641908826254094,1.570421773773461,1.5763689812038053,1.5820645595738108,1.5874598926531365,1.5926025281835436,1.5975084934937174,1.6021120765360526,1.6064154142877078,1.6104307943673402,1.614177449569371,1.617661256580984,1.6208533662105482,1.623830709635747,1.6266734234999995,1.6293980693762804,1.6320666196021671,1.634694567262054,1.6372690904929947,1.6398201069751988,1.6423401372886137,1.64479872950874,1.647267472370366,1.6496956126659927,1.6521023831900405
Rabun,Georgia,34.883026,-83.404735,15.736685621330121,15.976572375379664,16.21632846435649,16.454951526058927,16.692600864479736,16.928925652848353,17.163805965687054,17.39696078359289,17.628631747453742,17.858516358676624,18.086394455563667,18.312044086484494,18.535619185634367,18.756996247670582,18.976261189353277,19.193798846170598,19.409585948999997,19.62414873799736,19.838117269403735,20.051316129833825,20.263448190492145,20.474361307115927,20.684508332628432,20.893418514781384,21.100875271741913,21.306855334387482,21.511118851762692
Racine,Wisconsin,42.754075,-87.414676,465.35489979046406,468.3555122668661,471.3517399786546,474.31103448081376,477.2344076421002,480.1173903755043,482.9502856054385,485.72255303235056,488.437649874494,491.0710383145119,493.6115877960775,496.0484207300538,498.3729362320061,500.57391942321163,502.63948084577567,504.56624760384204,506.3521116375,508.00162635615607,509.5279460536509,510.93309446749856,512.2195169471946,513.386285946379,514.5173022494838,515.6002547866323,516.6453465677909,517.6574682919513,518.6471602586657
Rains,Texas,32.87058,-95.79544,13.030050141870507,13.246579977499517,13.46419629232031,13.682066196502783,13.900108262270251,14.118306204067371,14.336458197333364,14.556288766053047,14.779015255487876,15.004480044727261,15.232516788455982,15.463019048937364,15.695930408354704,15.931385222539534,16.169545765418253,16.410613861551635,16.654827977999997,16.90325365538396,17.15692502646744,17.41610091525491,17.68102386019549,17.95199456243595,18.227591525646137,18.50776647478702,18.792795682672352,19.083080471915796,19.37849870085233
Raleigh,West Virginia,37.76247,-81.264671,19.317837942973398,19.362025276724022,19.399591429652467,19.429322873440835,19.450793808679336,19.464760029320345,19.471178955422886,19.470731866042605,19.463557145987696,19.449984789800748,19.42985512270307,19.40323201460615,19.369263866690403,19.32939839694911,19.282933036356116,19.230644868834297,19.172810663999996,19.108355278343517,19.03922674416462,18.965520866330518,18.887344094693653,18.80367451067054,18.715321133139767,18.620889469034292,18.521784656406407,18.417538315905343,18.30893817643921
Ralls,Missouri,39.553455,-91.524787,9.282982385053238,9.334675406037046,9.386504435721058,9.437860673256745,9.488753833551275,9.539101339893799,9.588739658013846,9.637848513693825,9.686542866668422,9.7344924100943,9.781481796862797,9.827528837637042,9.87235180010947,9.915942588524121,9.958168432483173,9.999009902172316,10.038546336,10.077022225796348,10.11502694259557,10.15232247117231,10.189140350147154,10.225532392358271,10.26212844761969,10.2988394626158,10.335929358991045,10.373425662315704,10.411422283358961
Ramsey,Minnesota,45.01525,-93.100141,1073.156137948272,1083.2322683448501,1093.432531811443,1103.6742427449215,1113.9712169675802,1124.3224078262149,1134.7052076116156,1145.1185696705784,1155.543235584146,1165.9358739096663,1176.2853901231742,1186.5302410162653,1196.6553547827984,1206.6102827383331,1216.3807903992924,1225.9220810085378,1235.2117561875,1244.3025672576694,1253.2041434285236,1261.9045528535362,1270.4150993873113,1278.7562974326515,1287.053745374057,1295.3122578162674,1303.54879054119,1311.8024883786616,1320.0662340868926
Ramsey,North Dakota,48.265551,-98.737329,12.969795237377408,12.977984747917535,12.986378485653182,12.992791219592336,12.998080703956159,13.001348339084391,13.001572988999454,12.999714521520275,12.996018009281464,12.990605988600331,12.981885487351864,12.971143136867802,12.957459914768334,12.940509057540636,12.919963801671882,12.896334715150862,12.868600661999997,12.836925023975708,12.802185978018699,12.763750419822882,12.722741598963578,12.677954574987263,12.629144275259307,12.575105759326187,12.516655935969949,12.454550445814007,12.387727307441677
Randall,Texas,34.962529,-101.895547,113.1167448553755,114.99648821044647,116.88566353148765,118.7770403178195,120.66991167691751,122.56413623027676,124.45796189428287,126.36635964275897,128.29989751894678,130.2572071808881,132.2368445481399,134.23788561118812,136.25984059449777,138.30387587073437,140.37140017571468,142.4641655930531,144.58424230799994,146.74088051416206,148.94305774660086,151.19302091369798,153.49287554533004,155.84523209460542,158.23775023773885,160.67001088844782,163.1444124320835,165.6644388389453,168.22902977024648
Randolph,Alabama,33.296475,-85.464068,9.934668409611714,9.965395570216081,9.996426502449038,10.026999575995431,10.057444977408073,10.087635034553209,10.117642388472454,10.147337165788377,10.17698351574322,10.206411942573212,10.235633452496774,10.26464364302654,10.293607607438915,10.322534150708634,10.351390254180421,10.380312394962774,10.409494282499999,10.439096607581135,10.469418739347393,10.500687405898368,10.532860783604043,10.56617220429506,10.599177652113813,10.631954170589282,10.66455458956992,10.6969833115431,10.729396624810478
Randolph,Arkansas,36.341299,-91.028441,9.553517033425596,9.623539630333172,9.693156771245585,9.761911018629844,9.829986040586311,9.897146187476777,9.963263238174573,10.028853542622242,10.094125026971156,10.159316806295383,10.22403035547147,10.288577563726468,10.352532182450078,10.41615065389565,10.4794399089349,10.542337569722413,10.604992649999998,10.667665057456867,10.730382515579866,10.793262849188096,10.8564689337668,10.91960570962838,10.982555351953732,11.044978248028965,11.10686053611065,11.168268059480058,11.228732984296613
Randolph,Illinois,38.056515,-89.82121,55.381154966714234,55.595326365633,55.80368840585088,56.00266879143724,56.19296359476092,56.37494492998137,56.54775474562503,56.71493469292705,56.87890570283063,57.037719648265735,57.19110948260031,57.33717961252802,57.475982571812565,57.606178749479966,57.72849486259451,57.84244497384215,57.94789337099999,58.04676629206987,58.141734203372465,58.23245125763017,58.31935961402063,58.40225351530282,58.48430687636603,58.56600125671073,58.646710628986305,58.72668890638395,58.80669782847707
Randolph,Indiana,40.164414,-85.005004,39.446648526709794,39.63963879951417,39.83010466542413,40.01568662854842,40.19644811619597,40.37247792659921,40.54361749148591,40.71017126193879,40.873293614979936,41.03281329687528,41.188299001924285,41.33957947639292,41.48726996517754,41.6304761432226,41.769331207876796,41.90359413536629,42.033328352999995,42.15918716205962,42.28191266205935,42.401752219503905,42.51836332692521,42.6315366742039,42.74465927963544,42.85728080932667,42.96991502447964,43.082314558589694,43.194682379045275
Randolph,Missouri,39.441601,-92.492725,35.9131689841649,36.1131543036332,36.313665801352315,36.51234820324718,36.70923909347859,36.904019006679945,37.09605527614496,37.28604320884788,37.474427550691196,37.659930440208655,37.84171876183646,38.019861419869386,38.19326847364503,38.361908603029406,38.5252681578253,38.68327196971118,38.836226976,38.985079044737866,39.1321082816783,39.276393874882366,39.418831580181795,39.55962184643404,39.70120138006252,39.84322565959346,39.98671572139451,40.131778053921195,40.278775970727644
Randolph,North Carolina,35.709915,-79.806215,107.07993872687499,108.6585727687436,110.25044200490149,111.8484169108777,113.4546700563009,115.06950110594742,116.69224830010279,118.32431007439008,119.9704311211016,121.63074878659322,123.30530052896196,124.9947980520517,126.70118917690881,128.4257349928004,130.1706455274522,131.9336233509121,133.71652888199998,135.5199489642362,137.34690521744912,139.19672339589187,141.0662944775098,142.95449471939142,144.86315956829202,146.7890301697687,148.73299303211815,150.69607200999292,152.6759447013763
Randolph,West Virginia,38.781087,-79.867783,7.978260489308581,7.996509843093991,8.012024651455523,8.024303727611303,8.033171216550153,8.038939260916923,8.041590275210492,8.04140562744875,8.038442470510336,8.032837092028908,8.024523546375281,8.013528211801127,7.999499378284084,7.983034952862171,7.963844774766938,7.942249779393791,7.918364272499998,7.891744220182326,7.86319415911693,7.83275365668133,7.800466676628319,7.76591116693106,7.729421252110798,7.690421007005915,7.649490753153308,7.606437050040681,7.561585229438717
Rankin,Mississippi,32.262057,-89.946552,39.17969403456613,39.348386115787,39.51250326776514,39.66989972722745,39.8201301470795,39.964004249311145,40.100293955571104,40.23020035347767,40.35412830402576,40.47041787713617,40.579123054274895,40.68055422887138,40.77519723411953,40.86320051905082,40.94383533387439,41.0190450113659,41.0908538565,41.159680225638105,41.22708958129396,41.293473289096,41.35850746024826,41.42294783527463,41.48660547904413,41.5487111556664,41.61107324425214,41.67240968498404,41.733206311056044
Ransom,North Dakota,46.449276,-97.647554,5.706446580627689,5.710049798994933,5.713742873181812,5.7165643459182585,5.718891611646729,5.720329304760842,5.720428146162437,5.719610458203786,5.7179840678684455,5.715602888648195,5.711766045149907,5.70703962903726,5.701019289121911,5.69356125609245,5.684521760637464,5.674125442306034,5.661923021999999,5.647986384375066,5.632701909455653,5.615791044200897,5.597747995618778,5.578042614373467,5.5565670734814026,5.532791223606758,5.507074488028061,5.47974933327795,5.450348509094337
Rapides,Louisiana,31.193204,-92.535953,22.955667683418604,23.04556669422453,23.13312776151109,23.216968449110286,23.296758395437873,23.372502682979754,23.443876032637586,23.51221005572022,23.57763181437547,23.640075236286464,23.698869433312865,23.75412113765882,23.805779524465216,23.854205450231774,23.899775018915967,23.943372583066424,23.985064214999998,24.026659279701253,24.0689049025992,24.112919230594414,24.15804154051838,24.204820740849552,24.24961777167516,24.292346230734726,24.333036612943694,24.372080269717276,24.409314561506303
Rappahannock,Virginia,38.684522,-78.168824,15.469936757043348,15.660298840635999,15.850922185597964,16.0409628762363,16.230669732902737,16.420113254696922,16.609266486080763,16.79846118752322,16.987906782820335,17.177538993381255,17.366930677602163,17.556067320962548,17.744536296379145,17.93234382436071,18.11920376150279,18.30518453340209,18.49024467,18.67514099986635,18.860348355172363,19.04571329670114,19.231285588523022,19.41691179142111,19.604252781243197,19.793198662333925,19.98398996103331,20.176914894248764,20.372205694308562
Ravalli,Montana,46.079298,-114.119065,25.110287340628155,25.307374584243263,25.50386508696111,25.699840222540395,25.89456762715268,26.08547046510521,26.27281998226039,26.45360534954565,26.629101422514232,26.7968669884046,26.9576886602177,27.11072557578011,27.254730004124802,27.390542807425216,27.517404497266654,27.634202965613287,27.7412637075,27.838342601650623,27.925738018513794,28.00526730536757,28.076279472142193,28.138693145078932,28.19356618304113,28.239922100924172,28.280391983593287,28.31391797218512,28.342425912322675
Rawlins,Kansas,39.786198,-101.076738,2.7323438301312977,2.743648442397315,2.7549091803632795,2.765921629676669,2.776772541794408,2.7872754509412694,2.797455285696829,2.807369880365702,2.817083052111603,2.8265459409185634,2.8357316239206405,2.844540386799533,2.852946303832481,2.860982280744525,2.868509714633222,2.8756133626691325,2.8823081819999996,2.8886250840644987,2.8945939831581193,2.9002776993013946,2.9056283696215366,2.9106629455526583,2.9154243042516286,2.9198705657047617,2.924036629923464,2.9280002740760116,2.931684718137309
Ray,Missouri,39.308401,-93.995746,25.855709902151606,25.999689465947316,26.14404785212474,26.287089379546657,26.428841106954632,26.569073035045438,26.707329675003,26.844111613545998,26.9797390457828,27.113291974500644,27.24417059759515,27.37242452275916,27.497269046487666,27.61868161982939,27.736292439983135,27.850047389465786,27.960167448,28.067333593914842,28.17318739086444,28.277065899680768,28.379614020370823,28.480976066222862,28.582906345647494,28.685156820180477,28.788462585633972,28.892900308442368,28.99873155644067
Reagan,Texas,31.372895,-101.513901,3.2526153011179466,3.3066663791143642,3.3609886685646946,3.4153742600460246,3.4698028272181247,3.5242703048129482,3.578726312544358,3.633601333260775,3.6891992457486236,3.745480704020748,3.802404184267821,3.8599431170594016,3.9180834191454745,3.976858628987416,4.0363092540775405,4.096485674701989,4.157447418,4.219460468652288,4.282782971179762,4.34747953430672,4.413610701489417,4.481251534998556,4.550047195008995,4.619985630904741,4.691135807054429,4.763597903277758,4.837341430064387
Real,Texas,29.82303,-99.805303,3.07035301401681,3.121375306809971,3.1726536135574035,3.2239916751678233,3.275370304299905,3.326785663485383,3.3781901955282554,3.4299902609073296,3.4824727103754354,3.5356004027218626,3.5893341409493305,3.643648844461677,3.69853121917241,3.75401292419472,3.81013219715882,3.8669365952607135,3.9244823099999993,3.983020421443178,4.042794608825094,4.103865860480681,4.1662913272766025,4.230141865323329,4.295082518462273,4.361101911341082,4.428265143867823,4.496666782224749,4.566278045399871
Red Lake,Minnesota,47.865487,-96.08718,8.571298576248282,8.651776634443431,8.733246143526907,8.815046693547801,8.897288631485257,8.979963597719635,9.062891024466895,9.146062552107404,9.229324363639932,9.312330370811733,9.394991961654702,9.476817590534493,9.557686878928406,9.637196893170193,9.715233942432864,9.791440234996172,9.865636875,9.93824518727379,10.009342080318154,10.078832254469289,10.146805993619221,10.21342714631273,10.27969886690563,10.34565960964823,10.41144480037856,10.477367088870853,10.543369629711611
Red River,Louisiana,32.101213,-93.34905,1.4508461250044435,1.4565279301807632,1.4620619724454416,1.4673608789463783,1.4724037701417105,1.4771909672551597,1.4817019119685844,1.4860207648968757,1.4901555566330575,1.4941021112687574,1.497818027272809,1.5013100503433523,1.504574968243178,1.5076355878564736,1.5105156797385904,1.513271136816975,1.515906135,1.518535029932327,1.5212050415009364,1.5239868389244398,1.5268386631191122,1.5297952062468174,1.532626472123348,1.5353269999454489,1.5378987170554452,1.540366357679851,1.5427196426595953
Red River,Texas,33.619626,-95.048429,10.927220296764402,11.108805876940897,11.291302596932448,11.474011981249149,11.656865743181077,11.83985022538626,12.022796174376564,12.207149805115407,12.393932003915905,12.58301058721817,12.774246055029103,12.96754914686361,13.16287254978697,13.360328936870529,13.560054393771894,13.762218173979184,13.967020259999998,14.1753542322097,14.388087331824122,14.605436613028337,14.827605472665415,15.054846083799807,15.285966355581408,15.520925803746486,15.75995611534651,16.00339384630889,16.251136566568753
Red Willow,Nebraska,40.16942,-100.468576,10.318522064865634,10.350546175409086,10.382433811143851,10.412998234603055,10.442275047910707,10.47018711313146,10.496675093391971,10.521934800374268,10.546215448946407,10.569570442294381,10.59165562655281,10.61244726697235,10.632028435175682,10.650179584731443,10.666912583014291,10.6822392973989,10.6965276165,10.70976567294292,10.722303554280389,10.734141260512404,10.745617011817023,10.75651126176288,10.767126628404021,10.776685798699647,10.785449854892475,10.79356120547852,10.800776569277083
Redwood,Minnesota,44.403536,-95.254242,30.0074266707322,30.289173877227356,30.574392073510637,30.860769217480343,31.148691625031944,31.438130029809727,31.728452278530195,32.01962910483762,32.311122007786786,32.601719360251,32.89111093885964,33.177575881896495,33.46069275383924,33.739050916342265,34.01225234696783,34.2790444456912,34.538800912499994,34.79299677172242,35.04190127383108,35.285180782370766,35.52315137398325,35.756386669240584,35.988398630828925,36.21932188398457,36.44963054367013,36.68041917158947,36.9114887565237
Reeves,Texas,31.308366,-103.712706,13.20635057845899,13.425810126878062,13.646370854874093,13.867188603370947,14.08818084285002,14.309331067407587,14.530434721736794,14.753239663142592,14.978979707928294,15.207495102525717,15.438617250918258,15.672238275235165,15.908300994309958,16.146941581848356,16.38832450739103,16.632654326244836,16.880172732,17.13195968235726,17.38906330220303,17.651745917507196,17.920253348335926,18.19489036441152,18.474216236137593,18.75818203529953,19.047067772764066,19.34128020115866,19.640695526205384
Refugio,Texas,28.312496,-97.160479,6.168811894736131,6.271323535984639,6.374349548681351,6.4774956180972385,6.580723193909628,6.6840245660539885,6.787304184801985,6.8913784909158915,6.996823811719634,7.103565524802899,7.211524877363663,7.320651478623003,7.430918618714497,7.5423899056705555,7.655142164777069,7.76927094576237,7.884889145999998,8.00250122399804,8.122596768854413,8.24529831552332,8.370720688894433,8.499006249802182,8.62948201975652,8.762125143923287,8.897066418040122,9.034495840125897,9.174355584696606
Reno,Kansas,37.948185,-98.078346,69.51489648679785,69.8025026595019,70.08899260466791,70.36916571672079,70.64522908192902,70.91243873325581,71.17142889089325,71.42367094568698,71.6707885013287,71.91153848624195,72.14523594261927,72.36934398969237,72.58320303846146,72.7876502595801,72.97915938878033,73.1598867747152,73.3302129495,73.49092434617285,73.64278202896429,73.78738423275833,73.9235132547862,74.05160036477852,74.17273642146564,74.28585593492488,74.39184681342515,74.49268782396572,74.58642556835503
Rensselaer,New York,42.710421,-73.513845,199.16545468041656,199.69623709624827,200.18058499436862,200.61135380516984,200.99270168890257,201.32842387412478,201.6207083204695,201.88130364530332,202.12157479534605,202.33675181120793,202.5272702109203,202.689044420571,202.81990721948085,202.91768101749358,202.9822724893168,203.01113074362473,203.00242038299996,202.9661168442533,202.9123199979186,202.83802269568488,202.74157619071977,202.62143543095993,202.49606845482526,202.36814021788783,202.23799291288648,202.1032104516955,201.97075075333785
Renville,Minnesota,44.723697,-94.955617,29.609403150639753,29.88741321512217,30.168848229604325,30.451426819297204,30.73553017593769,31.021129421363902,31.307600787279085,31.594915395521365,31.882541887912023,32.16928470854895,32.454837748916134,32.73750297309467,33.016864535553374,33.291530508889316,33.561108150100836,33.82436147385919,34.0806724875,34.331496650382356,34.57709964159561,34.81715225009427,35.05196636002668,35.28210798336585,35.51104249953814,35.738902748088265,35.96615655523877,36.19388396424421,36.42188860360377
Renville,North Dakota,48.712782,-101.658152,2.484021353305342,2.4855898375167333,2.4871974360476097,2.488425625679472,2.489438686554161,2.4900645156659382,2.490107541417373,2.48975160111005,2.489043631927352,2.4880071024609713,2.4863369210189172,2.48427950781395,2.481658848408384,2.4784123598910415,2.4744774593507435,2.469951932586206,2.464640207999999,2.4585735770477113,2.4519202313031325,2.4445589163758568,2.4367047610230554,2.4281269907597633,2.4187786684025947,2.4084290194665834,2.3972345012296734,2.385339836673962,2.372541631338124
Republic,Kansas,39.82891,-97.650921,5.077866479728458,5.098875296795664,5.119802576599842,5.140268429620062,5.160434077262766,5.1799529861600835,5.198871484302372,5.2172970526272575,5.235348290790057,5.25293439592967,5.270005333816511,5.286375792489149,5.301997590837614,5.316931881809177,5.330921081777454,5.344122705909656,5.356564550999999,5.368304063756527,5.379396837767667,5.389959619569121,5.3999034594194,5.409259860351952,5.418108506510187,5.426371566870306,5.434113900618811,5.441480051085613,5.448327328060415
Reynolds,Missouri,37.360857,-90.969516,7.864226980050162,7.908019549446365,7.951927340787981,7.9954345987002995,8.038549553322284,8.081202248472785,8.123254143479343,8.164857495912683,8.206109695750476,8.246730918268145,8.286538728718789,8.32554821569049,8.36352070515347,8.400449338658591,8.436221637640097,8.47082114182007,8.504315063999998,8.53691052934367,8.569106832947867,8.600702336408121,8.631893191369604,8.662723291906754,8.693726225362024,8.724826548794967,8.756247847647273,8.788013440645997,8.820202885801063
Rhea,Tennessee,35.600587,-84.949552,14.47803282376898,14.606808319916585,14.736391861428011,14.866129666145255,14.996198034874972,15.12652840619235,15.257003246226294,15.388173494997584,15.520328089939348,15.653205028463923,15.786667187721685,15.92098391616725,16.055836892899713,16.191446493927394,16.327736811958527,16.465043308250227,16.603299869999997,16.742849304331884,16.88405645597076,17.02718822474891,17.172362144537455,17.319411709018986,17.46775169746031,17.617208257677106,17.767707930999922,17.91939518614532,18.07238510836209
Rice,Kansas,38.347178,-98.201415,11.221168176361628,11.267593869206975,11.313839379421536,11.359065219748254,11.4036276603889,11.446760925162648,11.488567390564269,11.5292845700616,11.56917454748124,11.608036664893461,11.645760355683908,11.681936113873531,11.716457467907778,11.749459554759735,11.780373161118513,11.80954636706632,11.8370405985,11.862982802273063,11.887495830179233,11.910837670985307,11.932811761821338,11.953487718703773,11.973041629203596,11.991301500809614,12.008410660614485,12.02468852328188,12.039819769207924
Rice,Minnesota,44.350943,-93.298503,134.34870133892795,135.61013477385205,136.88710846071152,138.1692709669356,139.45835189897917,140.7542202260501,142.05404568304056,143.35769723915843,144.66276392783027,145.96382107426584,147.25947975206958,148.54203535066972,149.80960102666106,151.05586109586747,152.2790335395172,153.47351023971123,154.63648713749998,155.77456818480204,156.88895886490405,157.9781654267769,159.04360300297458,160.0878397970209,161.12659950396016,162.16048486543565,163.19161858027852,164.22490120011065,165.25944171554636
Rich,Utah,41.627598,-111.240227,1.358450925543328,1.3780184619478155,1.3978880456595517,1.417920620937086,1.438083703447375,1.4584092076228827,1.4788994130659279,1.4996266971501335,1.5206765449624582,1.5420871398417415,1.5638664603960997,1.5860561093678522,1.608668624569753,1.6317325010307877,1.6552927608967531,1.6794063942256212,1.7040563039999999,1.7294026322827896,1.7554795731087731,1.7822768682675152,1.8098953901616255,1.8383169019725532,1.8671812265339185,1.8964142767703598,1.9260525263189774,1.956033856016583,1.986312673816799
Richardson,Nebraska,40.123743,-95.718603,7.736725612027718,7.760736972829821,7.784646006172511,7.807562908060898,7.82951437261483,7.850442562574637,7.87030298774058,7.889242465771809,7.907447855507256,7.924959198126687,7.941518450471587,7.957107816462057,7.971789582377738,7.985399134479578,7.997945370807526,8.009437189401527,8.0201504295,8.030076193062996,8.039476972269007,8.048352767118034,8.05695717174862,8.065125572421707,8.073084869155997,8.080252240334834,8.086823442837096,8.092905253142165,8.098315261431097
Richland,Illinois,38.71155,-88.085698,24.50772557830417,24.602502472620976,24.694708561599512,24.782763003373923,24.866973829631284,24.947505711399305,25.02397893666118,25.097960786139332,25.170522590166883,25.240802247481184,25.30868158240356,25.37332174134584,25.434745971982537,25.492361458613953,25.546489794070624,25.596915937363455,25.643579831999997,25.68733389271184,25.729359876285987,25.76950473553199,25.807964138376864,25.844647031428842,25.880957961688843,25.917110032839776,25.952826210093868,25.988218857211184,26.023625065471965
Richland,Louisiana,32.418121,-91.758375,3.6494293432786815,3.663721242451097,3.67764146174906,3.6909702252468084,3.7036550129620807,3.7156966328946064,3.727043373061851,3.737906929392308,3.7483075018791543,3.758234586525937,3.767581527368684,3.7763652924016626,3.784577801627603,3.7922764230271264,3.799520948580038,3.806451970238844,3.8130799919999996,3.819692661766341,3.826408755497748,3.833406033134174,3.8405794547111025,3.8480162841990544,3.8551379937934507,3.8619308474989293,3.8683996933138523,3.874606747217205,3.88052615321772
Richland,Montana,47.785513,-104.563387,6.702207860632353,6.754812582174121,6.807258027102357,6.859565914955272,6.911540769888984,6.962494806526882,7.01250042332966,7.0607539973835935,7.107595801453952,7.152374249394477,7.195299296741179,7.2361465082659056,7.274582851049451,7.310832760319975,7.344693520387528,7.37586829756326,7.404443969999998,7.430355379083127,7.4536821631193995,7.4749093917954905,7.4938633088057225,7.510522194611889,7.525168403210705,7.537541300143665,7.548343150479519,7.557291600221553,7.5649006784407105
Richland,North Dakota,46.265219,-96.93796,17.401315664055975,17.412303367056264,17.42356507761268,17.432168914874747,17.43926571057818,17.44364983147605,17.44395123978778,17.441457771027114,17.4364982342614,17.429237034024297,17.4175369113781,17.403124113926342,17.38476560766651,17.362022980508797,17.334457820363426,17.30275514612069,17.26554492,17.22304634804625,17.176437662750743,17.124869440689526,17.069848723421238,17.00975886636477,16.944271060452802,16.871768661104245,16.79334769854356,16.710022000728376,16.620366728366893
Richland,Ohio,40.774167,-82.542715,110.94717117588714,111.17749706537917,111.39862076818531,111.60382953128098,111.79474100222045,111.97125831588069,112.13281965454829,112.27997714942433,112.4128857847057,112.52936609512467,112.62782949266384,112.70689080606421,112.76587197946469,112.8037753020983,112.8207751311865,112.81601905364673,112.79031104999999,112.7453268868744,112.68487336360413,112.60956073046427,112.52087102383672,112.41912389862752,112.31491639929385,112.20811291466357,112.09982739365121,111.99086381677782,111.88433155449195
Richland,South Carolina,34.029783,-80.896566,220.44128871887648,222.67348096730072,224.89464278129032,227.09857610721056,229.2783475291311,231.4365308150867,233.5670329631992,235.6725853191381,237.75660206499023,239.81220231070364,241.83859816810443,243.83232292922725,245.7917482918462,247.72265210256987,249.61993935120702,251.48203426140986,253.31009240249998,255.10920878466882,256.88594914269873,258.639945795442,260.37119874289857,262.0804958732424,263.7775544739516,265.4598007769914,267.1297034986401,268.7876828459237,270.4331085083031
Richland,Wisconsin,43.376199,-90.435693,32.109431808495245,32.316473706492104,32.52321305626088,32.727404019031695,32.929116413626396,33.128041873581786,33.323511301855,33.51479741905164,33.70213877281307,33.88384225670914,34.05913986369937,34.22728104144874,34.3876723299714,34.53953990399174,34.68206339235287,34.81501006564858,34.938234468000005,35.05205078410551,35.15736665864931,35.25432172927512,35.343084724802445,35.42359164464457,35.50163163278092,35.57635522687881,35.64846643339204,35.71830270995958,35.78659133597586
Richmond,Georgia,33.361487,-82.074998,236.30558235500447,239.90777537575676,243.50800630062403,247.09122343514557,250.65981892361953,254.20852467298477,257.73553985551115,261.2366446211444,264.7154675033707,268.167466115826,271.5893344613342,274.9777396646931,278.3349932361235,281.6592405918438,284.9517718770932,288.21836586742387,291.4586731485,294.68059585991335,297.8935950667536,301.09503672249,304.28045907483636,307.4475774915973,310.6031921133062,313.7402340191716,316.8554509680691,319.94849354566287,323.01576009649267
Richmond,North Carolina,35.001957,-79.747809,39.45091668345938,40.03252478671283,40.61900906521816,41.207742824570836,41.79952649353861,42.39447047608946,42.99233096346079,43.593623174169785,44.200095171042584,44.811797555897854,45.42874412923158,46.051197100467704,46.679874095398,47.31523973072099,47.95810823570046,48.607633179915304,49.26449998799999,49.92892486772514,50.60202105910107,51.283540153199866,51.97233670885386,52.667996711183164,53.37119638449162,54.08073508562752,54.796939426329466,55.520186620154696,56.24962103635144
Richmond,Virginia,37.942894,-76.730561,13.786474892303767,13.956121486670215,14.126000911549477,14.295361087427935,14.464423757651128,14.63325174950029,14.801821040779656,14.970427289283275,15.139257128993655,15.308253276213179,15.477035071532024,15.645589579921689,15.81354907700082,15.980919106353056,16.147444663131033,16.31318672675476,16.47810834,16.642883972209415,16.807936783600766,16.97313003244429,17.1385080674091,17.303934146765435,17.470888407344784,17.639272912502864,17.80930201414037,17.981232564965875,18.155271525435225
Riley,Kansas,39.291211,-96.727489,78.33464299903426,78.65873938702742,78.98157792540681,79.29729817847169,79.6083872579585,79.90949930300853,80.20134900090237,80.48559442613092,80.76406517813247,81.0353604698371,81.29870843898178,81.55125033644424,81.79224288745264,82.0226294792174,82.23843645045851,82.44209373792992,82.63403015399999,82.81513191089658,82.98625663335643,83.14920533332655,83.30260581122822,83.44694405441227,83.58344932500127,83.71092094836385,83.83035948669281,83.94399476430355,84.04962554437188
Ringgold,Iowa,40.735334,-94.244251,3.799349120467336,3.8108970214190148,3.821957939531759,3.832210209825115,3.841535931190709,3.8499363851623274,3.8572975152329563,3.8636013799295843,3.8689351235497016,3.8732077571944576,3.876344951904225,3.878408221300763,3.8792771012081246,3.8789861930385503,3.8774483524945476,3.8747263747316616,3.8708676764999996,3.865846627123828,3.8598221367926957,3.8528288069188408,3.844869200569836,3.8359151240023763,3.8266957699410757,3.817193196912922,3.8073843373097542,3.797430664388692,3.7871527634196025
Rio Arriba,New Mexico,36.509669,-106.693983,17.478102636362706,17.641855329283317,17.80023771298835,17.952461400114554,18.097932781353116,18.23638287748599,18.36687489882273,18.491375176198733,18.611145129395215,18.72547057221251,18.83382282135998,18.935571166947017,19.030947487609865,19.119079919676228,19.198011407456146,19.26954132916692,19.3325659425,19.387808708800492,19.436605249013194,19.478009498302214,19.51198435608574,19.538873002745433,19.552822821502307,19.553620484011013,19.540533253780996,19.51455357137541,19.4750971026309
Rio Blanco,Colorado,39.972606,-108.200685,8.495135597872931,8.575082466319431,8.65506275892238,8.734536118485753,8.81381636070072,8.892793928610006,8.971700934411219,9.050947752469728,9.131024603746884,9.211909205471716,9.293707400806332,9.376391336287021,9.459974010196847,9.544275303470469,9.629490190353874,9.715488688016404,9.802315362,9.89016518655065,9.97945596362405,10.070102275931482,10.162022419979385,10.25527953028551,10.35082619530884,10.448484152881612,10.548440949659492,10.650976977177194,10.755813700797582
Rio Grande,Colorado,37.485763,-106.453214,15.13246149136522,15.274871567600465,15.417341182586403,15.558907793186863,15.700130402116669,15.840813854581889,15.981371614128983,16.122534684308096,16.26517630012936,16.409256769092316,16.55496463057415,16.70225026894929,16.851136838176323,17.001303490543215,17.153097535428973,17.306287433247597,17.460952568999996,17.617440252065204,17.776494716826857,17.93796380869985,18.101701988515828,18.267821718359432,18.438019852625345,18.611978851309882,18.790032792958584,18.972681141535585,19.159427740785116
Ripley,Indiana,39.10023,-85.260541,53.49150046514635,53.75320430192461,54.011484924878395,54.263142747216946,54.508263779337874,54.74696843579784,54.97904169060282,55.20489639366129,55.4260979342096,55.64241408417423,55.85325997285146,56.058403372167795,56.258678582979975,56.45287285868181,56.64116682110826,56.823233630748476,56.99915929799999,57.169829729958174,57.33625124827487,57.498759293500775,57.65688940948883,57.810357761926944,57.96375730604698,58.11647736802596,58.269214632084484,58.42163365767188,58.57400967806046
Ripley,Missouri,36.648902,-90.86706,18.388788125394644,18.49118754521508,18.593856386549806,18.69558866738251,18.796403632107065,18.896137703375512,18.994466933890934,19.091747344940053,19.1882066618504,19.283190575230172,19.376272501015084,19.467487720593905,19.556278146544205,19.642627741871088,19.72627349985822,19.80717693171786,19.885495199999998,19.961712621950543,20.03699669079805,20.110875918892518,20.18380896428803,20.255898463751922,20.328392095487235,20.401113452550096,20.474585340974166,20.5488622865421,20.624130318394702
Ritchie,West Virginia,39.177112,-81.066317,2.9102346991934005,2.916891526542586,2.9225508721738254,2.927029917894441,2.930264516970159,2.932368529854316,2.933335541873482,2.933268187802495,2.9321873153299944,2.9301426381750413,2.927110101312283,2.92309932675186,2.9179820210252276,2.911976283028913,2.904976270651367,2.8970990516826367,2.888386321499999,2.8786761095994176,2.8682618872901875,2.8571580875875227,2.8453807471749912,2.8327759138903366,2.8194654665286794,2.8052393245352736,2.790309172133221,2.774604447914822,2.758243823338481
Riverside,California,33.729828,-116.002239,2957.067098194931,2991.1705934991146,3025.2432133679577,3059.080781535504,3092.715169418876,3126.1961761073344,3159.5143397739184,3192.941895439906,3226.8036161657415,3261.024305326646,3295.51415856499,3330.1673528161004,3364.896075685918,3399.6130957697615,3434.247532363918,3468.772244964742,3503.0956032480003,3537.4819573791688,3572.121871873144,3606.99260514583,3642.0370542415444,3677.26244002823,3712.5881709797704,3747.9734118429747,3783.447959072914,3819.0543078924234,3854.852964194951
Roane,Tennessee,35.847472,-84.523861,17.536281916583476,17.692259143039607,17.84921510130784,18.006357908376575,18.163901105732073,18.321761649463017,18.479797178578536,18.63867501022328,18.7987451151664,18.959690147032465,19.121344017998823,19.28403297200282,19.447371448027585,19.61162637293096,19.776705805239683,19.943016066948484,20.110477079999995,20.27950406395089,20.450538931043585,20.623904959361482,20.799744509895437,20.977855904575062,21.157530304300092,21.338557133438208,21.52084741637013,21.704576138480462,21.889882694906067
Roane,West Virginia,38.743033,-81.354502,3.3947710897968806,3.4025362384431554,3.409137830727594,3.4143626103395066,3.4181357505032106,3.420590068745542,3.4217180823889297,3.4216395142744642,3.4203786831042424,3.4179935796294174,3.4144561438091063,3.409777599659665,3.403808293629729,3.396802636756614,3.3886371648604463,3.379448436806844,3.3692850899999995,3.3579581868313184,3.3458100597995397,3.3328575449291935,3.3191193489141977,3.30441588749292,3.288889331539154,3.2722946233625443,3.254878691322838,3.2365592259667855,3.2174746568293973
Roanoke,Virginia,37.331077,-80.19011,96.69659223075865,97.88647199965784,99.07798481234329,100.26585567817216,101.45163987694086,102.63577807125836,103.81810177248008,105.0006846870012,106.18483584198366,107.37015345681345,108.55396763450673,109.73618765040867,110.9142343321903,112.08814656184649,113.25613576761138,114.41862965142903,115.575369,116.73108445603835,117.88874401182217,119.04738857814374,120.2073292109623,121.36760682107005,122.538602901108,123.71963053583272,124.9121931623807,126.11809231318283,127.3387795827157
Roberts,South Dakota,45.623397,-96.947551,10.429285278054904,10.471889066416109,10.514628535631973,10.556051900557698,10.5959556399113,10.634054823898014,10.669928841868407,10.703754078933535,10.735340581896875,10.763982810314237,10.790345600373417,10.813139983955208,10.832962956820095,10.849190387036657,10.862690632074685,10.873368715335916,10.88077689,10.885254358203563,10.886977505057667,10.88635337312626,10.883734732631442,10.879501489966254,10.875417496241184,10.871496319541697,10.867507302414884,10.86410171296308,10.860736827767674
Roberts,Texas,35.836216,-100.807555,0.5714859562844049,0.5809827547488186,0.5905272051864127,0.6000827778190317,0.6096459012996495,0.6192158613588606,0.6287838061579639,0.6384253717250536,0.6481939496981739,0.6580826269698669,0.6680841077883499,0.6781937238928669,0.6884090008501212,0.6987358313827065,0.7091813326750538,0.7197543565658638,0.7304653619999999,0.7413610826042644,0.7524868744858915,0.7638540894265013,0.775473364938308,0.7873578894956875,0.7994453175834081,0.8117335319028753,0.8242346495243575,0.8369662720867702,0.849923042569574
Robertson,Kentucky,38.513826,-84.063757,0.9343108981792011,0.9393619859495239,0.9442993582494293,0.9490553272989062,0.9536438819058236,0.9580670527035818,0.9623210040513136,0.9664384517093574,0.9704466964156504,0.974331974988258,0.9780954155568463,0.9817408537622828,0.9852658077193003,0.9886718568094331,0.9919734410924159,0.9951687555607821,0.9982663739999998,1.0012922433924063,1.0042788538724063,1.007216052272999,1.010110832998118,1.0129841792595675,1.0158769293512864,1.0187890832732749,1.021729666062868,1.0247056721239998,1.0277256752421389
Robertson,Tennessee,36.52753,-86.869377,29.961902099041748,30.228399547645104,30.4965692245392,30.765058145016095,31.034231158884655,31.3039463801081,31.57396057548049,31.845413900654627,32.11890430392841,32.39388957794695,32.67008595063669,32.94805083142786,33.227125463721066,33.507765909777454,33.78981508148482,34.07396720695179,34.3600854675,34.64887929331342,34.941103720802126,35.23731109203789,35.537744640226656,35.84205978499335,36.14904542766682,36.45834178579659,36.76979683862896,37.08370956031292,37.4003181166959
Robertson,Texas,31.025481,-96.514941,13.36476546350951,13.586857507479078,13.810063940067346,14.033530476209013,14.257173596414455,14.480976596785753,14.704732468302186,14.930210034440446,15.158657911570412,15.389914429822877,15.623808970811902,15.860232362633191,16.09912673821178,16.34062990470556,16.58490830452599,16.83216894669379,17.082656423999996,17.33746364862312,17.597651318081382,17.86348490503824,18.13521317825921,18.41314456328812,18.695821048463248,18.9831931186586,19.275544143571114,19.57328575497109,19.87629267362408
Robeson,North Carolina,34.63921,-79.100881,125.12027261664184,126.96486763629643,128.8249276546921,130.6921219979787,132.56898926028927,134.45587959253854,136.35201974478963,138.2590437546453,140.182495678258,142.12253600146371,144.07920849312688,146.0533447616703,148.0472207880408,150.0623101240052,152.1011951325608,154.1611913233602,156.24447254999998,158.35172452468842,160.48647793581742,162.64794494382838,164.83249273297938,167.03880823733957,169.2690361312626,171.51936852354905,173.7908412773222,176.08465074154114,178.39808324661556
Rock,Minnesota,43.669587,-96.263238,17.70810581718237,17.87437163534324,18.042685768247427,18.211683824118182,18.3815937772777,18.552398356943993,18.723724514226202,18.895554978342354,19.067571966903923,19.23906046953679,19.40983741595191,19.578887284168612,19.745961374926345,19.91022723653346,20.071449986354974,20.228890434921972,20.382178987499998,20.53218609150104,20.679070638119363,20.822635740440347,20.963067922909413,21.10070569285345,21.237621544110556,21.37389492227784,21.509805614023474,21.64599954659364,21.78235927867086
Rock,Nebraska,42.413325,-99.45853,1.2138871465431074,1.217654513218664,1.221405824783319,1.2250014715770552,1.2284456418896725,1.231729261093271,1.234845348704849,1.2378169403183092,1.2406733539622556,1.2434208720713886,1.2460190078443036,1.2484649690878005,1.2507685284780796,1.2529038582280387,1.2548723544342777,1.2566754131933962,1.2583563135,1.2599136592574889,1.2613886353155677,1.2627812416742366,1.2641312670866005,1.2654128837655558,1.2666616921744072,1.2677862479858435,1.2688172653250687,1.2697714973512841,1.2706203240841873
Rock,Wisconsin,42.669931,-89.075119,364.0382069387567,366.38552849080077,368.7294199256408,371.04441921941583,373.33131793763465,375.58661999930075,377.80273956828967,379.9714311705534,382.09539932157963,384.15544855778404,386.14287165857195,388.04915929472537,389.8675831594212,391.58937006827193,393.20521912655136,394.71249178256386,396.10953894150003,397.3999226481485,398.59393325412145,399.6931538904363,400.69949750707207,401.6122385023126,402.4970108495815,403.34418383519073,404.16173907801874,404.95350247802395,405.72771950925454
Rock Island,Illinois,41.468404,-90.572203,226.66212831080605,227.53868180867744,228.3914589586548,229.20583918810672,229.98467135861233,230.72947844648724,231.436748647521,232.12097711276598,232.79207214695865,233.44206052115183,234.06984927587197,234.66768019059282,235.23576827373563,235.7686308105635,236.26924208423443,236.73561326685362,237.16718892,237.57185268577865,237.96053415892624,238.33181786733738,238.68751346522268,239.02677883626623,239.3626040725731,239.69696008466943,240.0272846888712,240.35461709254668,240.68207491780115
Rockbridge,Virginia,37.814517,-79.447754,16.526464672154933,16.72982763987873,16.93346971196203,17.136489337021352,17.339152328732418,17.541534000970014,17.7436055572526,17.945721415814475,18.148105303166034,18.35068855077438,18.553014845162863,18.755068680533743,18.956409249208093,19.157043196527827,19.356664836765855,19.55534726868301,19.75304619,19.950570117313806,20.148426311722258,20.346450854792003,20.544696909258178,20.743000556687434,20.94313610336519,21.144986148251345,21.348807644565756,21.554908493149476,21.763536786766494
Rockcastle,Kentucky,37.36122,-84.314419,8.107210269151476,8.15103960981501,8.19388221765617,8.235150751709266,8.27496659577387,8.313347370078954,8.350259791969796,8.385987742913146,8.42076811709851,8.454481488529519,8.487137646222276,8.5187698728315,8.549356632521784,8.57891162991566,8.607560164419144,8.635286573606482,8.662165254,8.688421352969877,8.71433679417965,8.739823476484464,8.764942091784107,8.789874715777948,8.814975710848623,8.840245076996128,8.865761126349227,8.891584550807707,8.917789746893892
Rockdale,Georgia,33.652081,-84.02637,84.83639760314225,86.12962595731929,87.42214989670858,88.70856569143142,89.98973214855786,91.26375796263034,92.52999661596694,93.78693313429814,95.03587020250536,96.2751770521074,97.50366679243444,98.7201428832991,99.92543518321847,101.1188778754753,102.30093413691635,103.47367861383438,104.63698586249998,105.79369284109951,106.94719617984244,108.09655022599989,109.24015315964367,110.37718477177424,111.51008639035474,112.63632019224559,113.75471858581245,114.86515612732587,115.96633978142208
Rockingham,New Hampshire,42.98936,-71.099437,355.6147168285734,359.4665908083,363.3340483508661,367.1922104348963,371.0572074149087,374.93122645761775,378.8063390836837,382.709064689518,386.61097010783425,390.5101415677576,394.3871679646988,398.2499777779969,402.09255629918783,405.8829162150746,409.62515846324675,413.28374158459695,416.86057934999997,420.3739892806883,423.8130355430902,427.1727970120987,430.4729581881424,433.7009428626141,436.9425973290503,440.1921802748257,443.4715633670836,446.7807466058238,450.138320908118
Rockingham,North Carolina,36.380927,-79.782889,77.4852129662775,78.62754454009361,79.77945336862567,80.9357803835314,82.09809770020756,83.26662216215716,84.44087490664441,85.62186787001664,86.81303440773807,88.01447390641422,89.226213471483,90.44876810626401,91.68354729352677,92.93146358301308,94.19411619555761,95.46984266430397,96.759989226,98.0649805325057,99.38700308914306,100.7255689980303,102.07842850782379,103.44476845538725,104.82591700717657,106.2195159900966,107.62620689951041,109.04673061738653,110.47940660657677
Rockingham,Virginia,38.511257,-78.876307,139.6089307828986,141.3268593930382,143.04714576462166,144.76217395393743,146.47418944807492,148.18382846837613,149.8908477537397,151.59824128695152,153.30789901964516,155.01924086765584,156.72841207814673,158.43528166437102,160.13612586023874,161.83100080292712,163.51732418228343,165.19571350725704,166.86579453000002,168.53439727374234,170.20580687634651,171.87863862077396,173.5533416044425,175.22853111031384,176.91919576470954,178.62434381083202,180.34614588620082,182.08720301336123,183.84961098026344
Rockland,New York,41.154785,-74.024772,404.26212406255286,405.33949577434646,406.32261561505146,407.1969816777496,407.97103411436285,408.652476405199,409.2457496277033,409.77470089441323,410.26239855073163,410.69916062687264,411.0858711287732,411.41423723883423,411.67985997513125,411.87831930797944,412.00942580753525,412.0680017247392,412.050321606,411.97663339682606,411.8674376158506,411.7166304125568,411.5208651930402,411.2770058410008,411.0225384177179,410.76287219761514,410.4987017567861,410.22512296705634,409.95625887565717
Rockwall,Texas,32.889216,-96.407501,84.25883329533897,85.6590237109618,87.06623984545007,88.47509581581912,89.88506506926323,91.2960422952212,92.70672239495309,94.12825700466658,95.56851808880782,97.02648639158852,98.50108624084835,99.99162935684832,101.49775091371586,103.02031972358053,104.56038513096235,106.1192522346013,107.69846308199999,109.30490799273095,110.94527418742732,112.62123535179313,114.3343598609713,116.08659219925165,117.86874025908219,119.68049186987088,121.5236335500659,123.40076045278131,125.31108274880852
Roger Mills,Oklahoma,35.708554,-99.741572,1.8550133086297231,1.8624974045690275,1.870037036202581,1.8775269501669973,1.884968733196397,1.8923211302036247,1.8995936615934086,1.9068910518177602,1.9142746545960425,1.9216868185885096,1.9291354774657694,1.936711603984115,1.944339563817094,1.9520526783812548,1.9598477742083549,1.9677597594490654,1.97584893,1.9841808708715096,1.992847612642636,2.001859204629482,2.0112341587301295,2.0209671858308424,2.030738294550469,2.0405094032700943,2.050270991584992,2.0600621989368224,2.0697629624437326
Rogers,Oklahoma,36.378082,-95.601337,29.637287010272562,29.756859359610274,29.87731899493247,29.996984298039987,30.115880619960947,30.23334883396402,30.349541046217993,30.46613042457929,30.584097208802223,30.702520311531458,30.821526487907644,30.942569196876782,31.064440039431446,31.187671387162325,31.31221253801315,31.43862121460275,31.567860755999995,31.700979004700844,31.83944632033673,31.983423259419126,32.13320558394287,32.28870879048086,32.444820421693926,32.600932052907,32.75689157795129,32.913324322187314,33.06831205782003
Rolette,North Dakota,48.768272,-99.840463,15.972783949390093,15.982869635410161,15.99320683479731,16.001104354523747,16.007618550731223,16.011642764604566,16.011919429308357,16.00963065766789,16.00507826572367,15.998413161495948,15.98767354072146,15.97444393761285,15.957592542018222,15.936716932550254,15.911414687821608,15.88231459125,15.848159075999998,15.809149352765278,15.766366929024299,15.7190321133391,15.668528229228642,15.613371347827137,15.553259653094072,15.486709216163659,15.414726090504235,15.338240875574005,15.255945701864137
Rooks,Kansas,39.346006,-99.324492,5.748654654065112,5.772438744192714,5.796130525952529,5.819299926267363,5.842129463955337,5.864226828453359,5.885644467697666,5.9065040609003425,5.926939874778175,5.9468491113761255,5.966175126923051,5.984708129673977,6.002393573775212,6.019300690502596,6.035137869330617,6.050083433242504,6.064168851,6.0774591580440465,6.090017291898139,6.101975421361607,6.113232846396866,6.123825231600559,6.133842787423026,6.143197401331378,6.151962500436356,6.160301722299036,6.168053527275794
Roosevelt,Montana,48.282747,-104.99517,6.842459894765653,6.896165435523218,6.9497083666060435,7.003110862060682,7.056173355468134,7.108193668687476,7.159245715207225,7.208509055304828,7.256331082376317,7.3020465750250265,7.345869882367665,7.38757187258982,7.426812543644311,7.4638210273455385,7.498390365925655,7.530217514081735,7.559391168,7.585844805540782,7.609659731541452,7.6313311663750865,7.650681717669237,7.6676892113773505,7.682641910104649,7.695273725292467,7.706301617779432,7.715437324960321,7.723205632603621
Roosevelt,New Mexico,34.021457,-103.482725,7.702159116777278,7.774320799479112,7.844115922323436,7.911197062878661,7.975302632490418,8.036314098799696,8.093818642211314,8.148682775142877,8.20146237348492,8.25184271338766,8.299590817455789,8.34442874774404,8.386458687320536,8.425296427849158,8.460079544235029,8.491600977086721,8.519374334999998,8.543718429147388,8.565221834001218,8.583467642643583,8.59843950578359,8.610288654362044,8.61643598773976,8.61678749749407,8.611020285129738,8.59957169417829,8.582184223308078
Roscommon,Michigan,44.339517,-84.611272,40.98025487089317,41.17611876939695,41.36772282778827,41.552682987822394,41.73123725192983,41.903450163142594,42.068676291140626,42.22514070254372,42.37317418039092,42.511618984045604,42.63957957893867,42.75621690565404,42.86090973750865,42.9527907775099,43.03146873352624,43.09631834493512,43.146988658999994,43.18472616302649,43.21052724007124,43.224585519230224,43.227126901115504,43.21853864391909,43.20734849574489,43.19384286629746,43.17779585496476,43.15942126054031,43.139642855169726
Roseau,Minnesota,48.761066,-95.82153,31.000515057497523,31.29158661832149,31.586244040484786,31.88209876542243,32.17954989405921,32.47856719147656,32.77849758343394,33.07931083501281,33.38045062371197,33.68066522390368,33.979634145451364,34.27557957514463,34.56806613015647,34.85563648741303,35.13787945202212,35.41350096947006,35.6818540125,35.94446242100656,36.20160435624035,36.45293514012996,36.698781309795685,36.93973546964096,37.17942580989111,37.4179914111714,37.65592207916227,37.89434859981727,38.13306537569029
Rosebud,Montana,46.161734,-106.701953,5.76642789518557,5.811687806549809,5.856810679922027,5.901815202301139,5.946533190696937,5.990372890143883,6.033396590638348,6.0749128732206,6.115214500873589,6.153740863629962,6.190672602479203,6.225816618432549,6.2588863775066965,6.2900749786903924,6.319208009993799,6.346030082431784,6.370615944,6.392909533701707,6.412979370532916,6.431242797469325,6.447550318519638,6.461883246684946,6.474484512951096,6.485129873331152,6.494423540789924,6.502122584341562,6.508669262960307
Ross,Ohio,39.323763,-83.059585,69.81114047640956,69.95606812851881,70.09520550097861,70.22432873716058,70.34445570727668,70.45552546101487,70.55718448656495,70.64978020070589,70.73341012393706,70.80670287423625,70.86865886648496,70.91840651122027,70.95551915625741,70.97936901338176,70.99006579315517,70.9870731328311,70.97089692,70.94259159506117,70.90455250528012,70.85716363762307,70.80135753186514,70.73733532403625,70.67176497828004,70.60456116415958,70.536424810264,70.46786180418371,70.40082865093714
Routt,Colorado,40.48316,-106.985289,32.91263594990889,33.22237346335996,33.53224047175324,33.840143473522936,34.14729828229314,34.45328044241998,34.758989224335465,35.06601453816348,35.37625564305649,35.689626209053024,36.0065363034701,36.326878013855875,36.650701699354535,36.97730952611081,37.30745688128764,37.64064017344304,37.9770320625,38.317387935621426,38.66332647958499,39.014516762871736,39.37064224228955,39.73194751939596,40.10212320004409,40.48047864454212,40.86774046339915,41.2649949752971,41.6711630557175
Rowan,Kentucky,38.205894,-83.425969,12.57447977085999,12.642460141326122,12.70891006525118,12.772918562551201,12.834673902443539,12.8942034143307,12.951455476007947,13.006870394515849,13.06081559848828,13.11310585530816,13.163756347976902,13.212818698699252,13.260259504872137,13.306100022697514,13.350534594593295,13.393538927757247,13.435228412999999,13.47595225935374,13.516147737258784,13.555678199702527,13.594637781293647,13.63330888585818,13.67224113804678,13.711434537859459,13.751010549307397,13.791063306999286,13.83170820174575
Rowan,North Carolina,35.639218,-80.525344,108.10164894813755,109.69534562970681,111.30240379003507,112.91562587782863,114.53720519243093,116.16744425788929,117.80567500026581,119.45330919844822,121.11513681651995,122.79129651133604,124.48182609840245,126.18744407233163,127.9101168394316,129.65111752173502,131.4126772340912,133.1924766254704,134.99239386599996,136.8130213986061,138.6574096740997,140.52487801337435,142.41228772943836,144.3185043571142,146.245380856192,148.18962727765654,150.1521385884813,152.13394841249485,154.13271218833
Runnels,Texas,31.833311,-99.967856,9.250236916847872,9.403954842514036,9.558444076795272,9.71311333814084,9.867904819695221,10.02280696008731,10.17767648089664,10.333737648741888,10.49185467611307,10.651915665454135,10.813802525617389,10.977439694784538,11.142787121062842,11.3099401857639,11.479014089692635,11.650152111269515,11.823523541999998,11.999884825879155,12.17997010997208,12.363963137498107,12.552036090305458,12.744402440853447,12.940053046607146,13.138953636359357,13.341300340512737,13.547378064283771,13.757100097389184
Rush,Indiana,39.622312,-85.466527,24.591133557675,24.711444148082975,24.83018101728996,24.945873250002588,25.058560386954532,25.168297785172975,25.274986592823677,25.378816605428373,25.480507464340274,25.579952409578407,25.67688256415365,25.771191168085046,25.863261766489416,25.952536835021686,26.039099409222604,26.122799234304143,26.203675850999996,26.282136528867202,26.35864389448997,26.4333521567297,26.506047795624454,26.576600326753034,26.647121225294672,26.717329752040126,26.787546186932325,26.857616321109855,26.92766668492054
Rush,Kansas,38.523592,-99.309183,3.518283974395742,3.532840281597525,3.547340094354845,3.561520199915089,3.575492303202538,3.5890163028282216,3.602124297908314,3.6148907583923333,3.627397858017681,3.63958268251666,3.651410564843804,3.662753108534423,3.6735769305076995,3.6839244015969794,3.6936170507163464,3.702764014860785,3.7113845534999994,3.7195184695380425,3.7272042819143216,3.7345228804015904,3.7414126346967973,3.7478953721989416,3.7540263033878376,3.7597515017483163,3.7651159060430195,3.770219665514405,3.7749639148846605
Rusk,Texas,32.109423,-94.756382,38.32618186706143,38.963075951858166,39.603165772561205,40.24400149307962,40.885343604298406,41.52714420439453,42.16880965291859,42.815412410771096,43.47053313922179,44.13370821705515,44.80444836136474,45.482440499521616,46.167518685924676,46.8600781106137,47.560596081039364,48.26966623765107,48.98798999999999,49.71870151593425,50.464842551214765,51.227174402671466,52.00641046531126,52.80343521208039,53.61406749814212,54.43816532880684,55.27654132428626,56.13037592236164,56.9993098593604
Rusk,Wisconsin,45.472734,-91.136745,31.254020697500554,31.455546897149205,31.656778608603894,31.855529823348007,32.051868500195525,32.245494487718,32.435756513948036,32.62194667457325,32.804297162208115,32.98115997561341,33.15178756783524,33.31544938162325,33.47156776705853,33.619389513952704,33.75811610624139,33.88752101454464,34.007462657999994,34.11824685127039,34.22075705893767,34.315129198629826,34.40152750414731,34.479889679910634,34.55585064424638,34.62858356491766,34.69877369329887,34.76674949699095,34.833218880306276
Russell,Alabama,32.289811,-85.18698,33.53432191738907,33.63804098005224,33.74278541922142,33.84598436336704,33.94875235216955,34.050658430285836,34.15194779644562,34.25218206504122,34.35225286781703,34.45158807440374,34.55022483612403,34.64814829244882,34.74591571321835,34.84355681949078,34.94096015729802,35.038586403041364,35.137089419999995,35.23701161748508,35.33936351147355,35.44491041921267,35.55351116567623,35.665953358905085,35.77736274536339,35.887999384309914,35.99804160209353,36.107504259243306,36.216914904541326
Russell,Kansas,38.916839,-98.765638,7.930952181240353,7.963765159724447,7.996450787846606,8.028415728693245,8.059911788661838,8.09039772871414,8.119945907010353,8.148724194482114,8.176917828019521,8.204384985628597,8.231047520496327,8.256615999981952,8.281015171598861,8.304340548118516,8.326189818170246,8.3468089994987,8.366241506999998,8.384577064792781,8.401902502669273,8.418400163193162,8.433931118696883,8.448544572729359,8.462364981326125,8.475270782778061,8.487363278509433,8.498868225980038,8.509562762056492
Russell,Kentucky,36.989127,-85.058976,8.974784674603592,9.023304311053852,9.070731621744928,9.116416412772535,9.160493057543563,9.202981061875136,9.243843581446013,9.283394876643264,9.321897192341613,9.359218322447186,9.395369103525061,9.430386379896477,9.464246311118275,9.496964068381562,9.528678359719242,9.559371846627208,9.589126886999999,9.618192721834253,9.646881444204025,9.675095525023677,9.702902150996646,9.73050288223326,9.758290002389101,9.786263511464169,9.814510101979032,9.843096960637137,9.872106445333019
Russell,Virginia,36.93342,-82.095934,40.826606719721404,41.328990022461504,41.83206281833552,42.33359793507755,42.83425203281514,43.33421116525108,43.83340419420489,44.332706666513296,44.832671271116965,45.33312837081629,45.832950699059,46.33209995067097,46.82948716427406,47.32512875637144,47.81826956781646,48.30909018014418,48.79748115,49.28543981860519,49.77421931236981,50.26341469088187,50.753157286166875,51.24304215781285,51.7374525121711,52.236098324351964,52.73961436581207,53.24876126786581,53.764151913298875
Rutherford,North Carolina,35.402747,-81.919583,55.067739980129126,55.87958027416529,56.69822699941886,57.52001367265856,58.3460575759899,59.176512817289506,60.011039074996496,60.85035551920178,61.696902191285155,62.550749724023426,63.41191738090116,64.28077116812534,65.158312786894,66.04519077452122,66.94254167659713,67.84918399940094,68.76607449599999,69.69351496098602,70.63305931544828,71.58436081666436,72.54582059541434,73.51686074716088,74.49842518264829,75.48883797871832,76.48855503783932,77.49810289525637,78.51628721492568
Rutherford,Tennessee,35.843369,-86.417213,122.8267512010142,123.91923911139811,125.0185822063274,126.11923401830626,127.22269022396279,128.32836917127494,129.43527374249066,130.5480779270727,131.66923297282827,132.79651613810162,133.92876411884882,135.0682619765849,136.2123091840647,137.36277533707346,138.51901646372946,139.68387850428348,140.85680057999997,142.0406909509891,143.23864483693956,144.4529265260799,145.6845331361622,146.93205208370446,148.19051855323286,149.45845764140577,150.73524614962818,152.0221097018037,153.3200246423978
Rutland,Vermont,43.580844,-73.038196,163.17614972355352,164.29736685068306,165.4196255171782,166.5379784110521,167.66310131080283,168.78692228634648,169.90423364085478,171.01217114107214,172.10630824469456,173.18534302751496,174.2508377985818,175.28300330994765,176.28704725844077,177.25151271103894,178.16103696209868,179.02811848400793,179.844164577,180.60006177162535,181.31091238868612,181.97202950103673,182.57377886954495,183.1255343485016,183.6379717164047,184.10301904317043,184.54671481294025,184.95838324721606,185.3593759029939
Sabine,Louisiana,31.560209,-93.559228,3.997424033225889,4.0130787495824265,4.0283263441883985,4.0429260841826,4.056820441491585,4.070010301162631,4.082439020169577,4.094338480900787,4.105730809538359,4.1166045004675995,4.126842727447045,4.136464076469656,4.1454596970625905,4.153892427583007,4.161827761529905,4.169419697130672,4.17667974,4.183922966970936,4.191279479994203,4.198943989472245,4.2068014392581645,4.214947414458615,4.222748221218369,4.230188813733601,4.237274502288014,4.244073435522461,4.250557291923865
Sabine,Texas,31.3433,-93.851913,10.96895325035298,11.151232337421808,11.334426044107017,11.517833227319391,11.701385339550203,11.885068671297711,12.068713322665298,12.253771031962689,12.44126658444528,12.631067291721184,12.82303312102259,13.017074470963088,13.213143847911645,13.411354355257641,13.611842598393467,13.814778477215738,14.020362737999998,14.229492373860383,14.44303793815767,14.661217314044578,14.884234675172083,15.112343157697403,15.344346117968273,15.58020291710452,15.820146127010736,16.064513588979903,16.313202481748945
Sac,Iowa,42.387526,-95.105224,7.575458180927593,7.598483346018549,7.62053752423407,7.640979353190637,7.659573751855255,7.676323275456546,7.691000508647362,7.703569678227032,7.714204539741686,7.722723671959336,7.728978871620046,7.733092789697555,7.734825234701625,7.734245197804983,7.7311789234614965,7.725751617873528,7.7180578245,7.708046438768519,7.696034309027916,7.682090426450914,7.666219901494759,7.648366519129818,7.629984204440625,7.611037184226506,7.5914794643723065,7.571633003684096,7.551140070155137
Sacramento,California,38.450011,-121.340441,1870.0465481286878,1891.61356759593,1913.1610614658955,1934.559908853367,1955.8302652135985,1977.0036234454235,1998.0739998980632,2019.213555751807,2040.627677195213,2062.268809951043,2084.0801618250675,2105.994810407265,2127.957223219361,2149.91223520023,2171.8150214572006,2193.6484183604084,2215.354478976,2237.100378108616,2259.0066285844587,2281.0588486463935,2303.2209264370927,2325.4974284268865,2347.837388607829,2370.2149828028773,2392.6490542631673,2415.166476929036,2437.8055146725665
Sagadahoc,Maine,43.916694,-69.843994,23.91859161440132,24.06709477588512,24.214776570325316,24.35908163358625,24.500210744278583,24.6371052515461,24.771225363466332,24.90036251532202,25.023987381685078,25.14091354349251,25.250045844686174,25.350635928626346,25.443194868140157,25.5260799291404,25.598634017992183,25.6602182936616,25.711800144,25.753288306002545,25.783715391817875,25.80437733611478,25.815474917503938,25.81651531575917,25.812737027358587,25.80483365113901,25.79222110386943,25.776578624838994,25.756190469556618
Saginaw,Michigan,43.328267,-84.05541,278.0354346858805,279.36429670324304,280.6642573264809,281.91914162763203,283.1305643626182,284.2989634313505,285.41995983471895,286.48151132517177,287.4858621397525,288.4251574488081,289.2933213910735,290.08466126770617,290.7949622920628,291.41834018408963,291.95214017557623,292.39212011113494,292.73589891,292.991933514202,293.16698400361696,293.2623640779777,293.27960638697255,293.2213383300675,293.14541743300106,293.0537868766282,292.9449140112604,292.8202493803528,292.68606042638135
Saguache,Colorado,38.033952,-106.246675,9.001689466909095,9.08640346297378,9.17115287623383,9.255365128697541,9.339372748476928,9.423059645876084,9.506671773640585,9.59064397622461,9.675495705826819,9.76120335098364,9.84787906614705,9.935493336987586,10.024059936858995,10.113388006430714,10.203684146009023,10.294810622056401,10.386814657499997,10.479902852646102,10.57451792243675,10.670569356261568,10.767970578754115,10.86678848906119,10.968032477250636,11.071513651613854,11.177430741969273,11.286080859233541,11.397168860111975
Salem,New Jersey,39.573828,-75.357356,260.87619176755663,262.7146247789243,264.4922553389863,266.19331206091664,267.8280388359681,269.4013623449775,270.9143039729966,272.3915872464208,273.84691074123606,275.2776308726031,276.68056332241974,278.05012051363934,279.38020417668906,280.6687415007289,281.9092737273447,283.0976552348563,284.23448683799995,285.33376752012975,286.41222997164937,287.46341543414457,288.4923407106626,289.4918861465795,290.49140154175956,291.4899856740983,292.48616654749225,293.4780816362591,294.472520146918
Saline,Arkansas,34.648525,-92.674463,30.412219912034228,30.635126576513297,30.85674253131484,31.07561159116165,31.29231843650595,31.506112911295833,31.716586842385414,31.92538395406489,32.13316614873298,32.340694614148205,32.546700704046366,32.752177272025534,32.95576741816833,33.158287488766504,33.35975954723336,33.55998502284927,33.759438278999994,33.95894669368395,34.1585985205543,34.35876883763698,34.55997613514434,34.7609627985188,34.961353749734386,35.16006788153987,35.357061067108646,35.55254290886698,35.74502412641777
Saline,Illinois,37.751653,-88.545031,38.915221919294,39.065715846744574,39.2121276548679,39.351947163278915,39.48566348800851,39.61353810618015,39.734968082309166,39.8524420633705,39.96766118876729,40.07925654885322,40.187040495339744,40.28968103299796,40.38721507624533,40.478701307437426,40.56465037601536,40.64472082361789,40.718817288,40.78829329780072,40.85502533590598,40.91877038240102,40.97983913363256,41.0380870081323,41.09574425195321,41.15314924725501,41.20986209723005,41.266061221562545,41.32228187930521
Saline,Kansas,38.786327,-97.650153,60.88520662395682,61.13710890873886,61.38803353624557,61.63342551235328,61.875217932129075,62.109255752152826,62.33609445951279,62.557022784253725,62.77346277332156,62.984325672023296,63.18901155430364,63.38529847180957,63.57260871796927,63.751675535739274,63.919410416908875,64.07770201757813,64.22688363,64.3676440581639,64.50064988657577,64.627300942698,64.74653069132113,64.85871686366518,64.96481489752198,65.0638915745832,65.15672457677243,65.24504702380504,65.3271480154492
Saline,Missouri,39.13584,-93.204164,30.989805856869463,31.16237503970262,31.335398266617663,31.506843149819513,31.67674212102831,31.844819510622912,32.01052938464773,32.17447172992525,32.337030321810374,32.49710248181856,32.65396930682017,32.80769025496877,32.957324806380484,33.102845934621875,33.24381040618443,33.38015335762788,33.512139648,33.64058547559083,33.76745836475514,33.89196373834967,34.01487455237095,34.136363775993026,34.2585340657379,34.38108813083772,34.50490703302274,34.630082662166714,34.756928524897596
Saline,Nebraska,40.516802,-97.131755,14.926672556936891,14.972998320355753,15.01912666065832,15.06334085509422,15.105692405345968,15.146069724434781,15.184386976223145,15.22092741996487,15.256051567437536,15.28983667116491,15.321784881549384,15.351861864135952,15.380187789517135,15.406445063984116,15.430650854764398,15.452822329085487,15.473491670999998,15.492641713280431,15.51077888913814,15.527903198573126,15.544503907569247,15.56026342241769,15.575619507419788,15.589447709174062,15.602125706685577,15.61385950668439,15.624297181006666
Salt Lake,Utah,40.667882,-111.924244,655.7678849283275,665.2137631120363,674.8054492304292,684.4758166116889,694.209184025104,704.020957592076,713.9122377498471,723.9179633808794,734.0794008817813,744.4149825763718,754.9285599950005,765.6402161173506,776.5560033482578,787.6896771532586,799.0629711679001,810.7033963232543,822.60269934,834.8381859344504,847.4263626652489,860.3622775648025,873.6946249811095,887.4146014162268,901.3483377857764,915.4600698793645,929.7674046928773,944.240355311446,958.8569129902128
Saluda,South Carolina,34.005278,-81.727903,9.065340252809511,9.1571360427872,9.24847822154774,9.339111902788158,9.428751959457665,9.517504234173611,9.605118160739844,9.691706061933944,9.77740834122789,9.86194203162432,9.945274732322002,10.027263879795546,10.10784251238909,10.187248235978283,10.265271525381866,10.341847578997397,10.417023917999998,10.491010067570931,10.564076034387067,10.636206698074508,10.707402058633244,10.777694516864509,10.847483682650077,10.91666371337261,10.985336131542617,11.053518217587417,11.121184050866027
Sampson,North Carolina,34.990575,-78.371382,49.18593207666643,49.91105937577063,50.642266108381,51.37627740984467,52.11409122490701,52.855845201119095,53.60123536680561,54.35090407720497,55.10703075187594,55.86967847927947,56.638864465359426,57.41491562304964,58.19872666143215,58.99087684728442,59.7923813312957,60.60218481557434,61.42114186199999,62.249522030360176,63.088713266795,63.93840586431452,64.79717172957625,65.66449468426362,66.54121781962701,67.42584421854842,68.31878108836645,69.22049872488063,70.12993035957008
San Augustine,Texas,31.382449,-94.16318,6.658535329704138,6.76918506203616,6.880390000219633,6.991724526064368,7.103147028853441,7.214649186443474,7.32612786370039,7.438464316164632,7.552280624054134,7.667496240909716,7.784026161981101,7.9018159961168895,8.020836913034648,8.141157570417288,8.262860892479239,8.386050014354579,8.510846795999997,8.637795743368311,8.76742531256438,8.899867766224123,9.035247044840078,9.173716810845432,9.314550660010559,9.457723923124707,9.603377779406001,9.751717310244963,9.902680099566215
San Benito,California,36.610702,-121.085296,72.08151085165967,72.91281815217665,73.74337283263004,74.56819788937347,75.38807022053705,76.20420372944922,77.01636777447757,77.83119836048395,78.65661216034162,79.49077618002474,80.33150134719777,81.17620811728794,82.0227559740928,82.8690185636155,83.71326809678528,84.55484299628819,85.39150967999998,86.22971195142222,87.07409501395813,87.92410451842112,88.77834852232792,89.63700304166123,90.4981035762012,91.36065472521862,92.22538280753825,93.09332368733371,93.96595225714894
San Bernardino,California,34.85722,-116.181197,2627.9328480837994,2658.2404780997163,2688.520669248664,2718.5919709587433,2748.482707221665,2778.237134274477,2807.8468434321408,2837.55376879052,2867.646534775567,2898.058314469339,2928.7092991243576,2959.5054442368955,2990.368711308957,3021.2215781653113,3052.001053428561,3082.6830174495135,3113.186038752,3143.7450441943533,3174.529387643677,3205.518858751722,3236.662710366671,3267.967359642894,3299.3611852367712,3330.807897033921,3362.333975016179,3393.977184505823,3425.79129683087
San Diego,California,33.023604,-116.776117,4056.5484499841286,4103.33213003646,4150.073454709216,4196.492331976181,4242.632483519494,4288.562224467503,4334.268574945821,4380.124990989404,4426.577001093617,4473.521449414655,4520.8351410044015,4568.372906215123,4616.014282703836,4663.639605137389,4711.151638316432,4758.513150496022,4805.5984418399985,4852.770151821335,4900.289699664497,4948.125888127544,4996.200382529968,5044.523088565384,5092.983449584415,5141.525447181821,5190.18995657606,5239.03527334332,5288.144400364542
San Jacinto,Texas,30.574218,-95.162852,15.551912908723148,15.810350375131781,16.070084600154836,16.330121494747424,16.59036387143308,16.85079229271653,17.111165872495405,17.373542902681784,17.639376336048667,17.908478045409495,18.180649490633783,18.455763633805887,18.73375313788855,19.014778362217918,19.29903298755064,19.58675789998908,19.878237719999998,20.17474421513243,20.477511666337374,20.78684899095069,21.103045668812968,21.426460599390836,21.75539716702389,22.089797753422506,22.429992101810384,22.77645920760719,23.129053289598247
San Joaquin,California,37.935034,-121.272237,908.478213166822,918.9555819406318,929.4234650790477,939.8191349931753,950.1523833066474,960.4385094313891,970.6746064791344,980.9443112350758,991.3474013639876,1001.860774753862,1012.4568414651932,1023.10309024764,1033.7725431381741,1044.4384006669054,1055.0788866708601,1065.6856629705394,1076.230578648,1086.7948480815462,1097.4370170208133,1108.1500987343543,1118.9165498964953,1129.738588921966,1140.5914562624662,1151.462606400217,1162.3611934833546,1173.3002730100545,1184.298433765807
San Juan,Colorado,37.781075,-107.670257,0.745796989240575,0.7528156098499434,0.7598371648015557,0.7668142155624686,0.7737743123459726,0.7807078370302679,0.7876351669920483,0.7945923294333085,0.8016223613736252,0.8087233065848362,0.8159044571507132,0.8231633677860537,0.8305011796239522,0.8379020798200945,0.8453831853709032,0.85293308494543,0.860555691,0.8682681205310357,0.8761070528165859,0.8840649889820275,0.8921347561907642,0.9003218970892566,0.9087100404314556,0.9172835363920608,0.9260588498914407,0.9350605968006406,0.944264324267629
San Juan,New Mexico,36.511625,-108.324578,51.09333994444849,51.57203446754879,52.03503008785241,52.48002213051013,52.90527531092956,53.31000332827976,53.69146768656344,54.05541651599279,54.405537296326635,54.73974226328977,55.05648592904212,55.35392455370426,55.632735982820115,55.8903715171446,56.12111014028725,56.3302119336687,56.5144503525,56.6759402748781,56.818586091135856,56.93962219145417,57.038940120546,57.11754308981634,57.1583222777372,57.1606540664082,57.12239646391063,57.046450649172385,56.931108451422816
San Juan,Utah,37.623064,-109.78932,8.380971084932135,8.501693117451474,8.624278632633843,8.747869725253251,8.872265983023286,8.997664302225331,9.124078746879484,9.251955849623865,9.381823011212166,9.513915803981034,9.648283452000811,9.785182623638295,9.924690671004022,10.066983394349231,10.212338558070853,10.361107762671358,10.513185528000001,10.669559851468696,10.830441693378914,10.995767765640215,11.166160401141955,11.341507087723345,11.519585710208839,11.699939187945246,11.882792545254135,12.067762537587829,12.254567884544356
San Juan,Washington,48.508862,-123.100616,22.49317456948239,22.71149605424725,22.939568870837824,23.17660237072773,23.423090709245937,23.679652495656196,23.946265767499426,24.223325849038837,24.511476972407056,24.81071913760408,25.120916909465667,25.442081269221358,25.773846175886696,26.116204308641993,26.46869079543699,26.831492317173772,27.20466378,27.58988897244413,27.988540548197857,28.400772244474656,28.827788336113343,29.27010128049217,29.71806955808073,30.171744414616857,30.631594382560642,31.097721953387733,31.570306487180503
San Luis Obispo,California,35.385227,-120.44754,343.6890056339418,347.65272914799107,351.6128641240335,355.54567990750803,359.4548807957122,363.3462547531728,367.2187020666298,371.1038636088314,375.03948655510163,379.0168310790046,383.0254595511766,387.05307254699727,391.0894639556842,395.1244951927072,399.1499280552227,403.1626081025636,407.15188548,411.14848463256305,415.1745541711766,419.22745092537326,423.3005380291619,427.39465473739887,431.500434194158,435.6131302685271,439.7362060926147,443.874600729484,448.0353465560353
San Mateo,California,37.414664,-122.371542,963.2555054606372,974.3646140862948,985.4636651339243,996.486148813339,1007.4424471405681,1018.3487820156569,1029.202071277597,1040.0909946466372,1051.121345947574,1062.2686301113386,1073.5035936448492,1084.7917650105092,1096.104539591238,1107.4135020254564,1118.6955631420992,1129.9418820056414,1141.12261032,1152.3238593379158,1163.6077048635639,1174.9667388959224,1186.38236032294,1197.8569213201224,1209.3641694458968,1220.8908027422253,1232.4465273126357,1244.0451858451663,1255.7064879483728
San Miguel,Colorado,38.009374,-108.427326,10.891576461149548,10.994075994027222,11.096618379870748,11.198510829065517,11.300155683346473,11.401412480214434,11.502578809710041,11.604180811025143,11.706846994325577,11.810548790967436,11.915421902009253,12.021430616646152,12.12859159992041,12.236673921960488,12.345927558400524,12.45618585881776,12.5675059605,12.680137839081379,12.794617156635052,12.91083440002606,13.028684817560105,13.148249353728229,13.270749318057229,13.395956161395887,13.524110336497042,13.655571332129789,13.789982040245357
San Miguel,New Mexico,35.476876,-104.803515,11.236245330619607,11.341517937691817,11.443338104124276,11.541198994935328,11.634718993197612,11.723725178740906,11.80761531235172,11.88765350010195,11.964650677962243,12.038147713066863,12.107804727839877,12.173216254295962,12.234531361547367,12.291189549732024,12.341932675542532,12.387917515289963,12.4284345,12.463948725302865,12.49531882928513,12.521936609968806,12.543778216295939,12.561064270552658,12.570032268345726,12.570545066091872,12.562131605396383,12.545429902059693,12.520064301918929
San Patricio,Texas,28.011782,-97.517165,60.805765071488516,61.816218766821386,62.83174260369412,63.848449835487266,64.86596047300623,65.88419851841206,66.90222214134377,67.92807897010204,68.9674498431467,70.01959920996524,71.08375080691721,72.15940793384104,73.24630731250903,74.34507592509233,75.45647103577166,76.58143447490804,77.721079068,78.88037724508023,80.06415486892062,81.27361976231839,82.50990375023184,83.7744100784726,85.06050522138572,86.36796389966301,87.69807536235766,89.05271241335748,90.43130506887059
San Saba,Texas,31.155138,-98.819292,4.902344507262346,4.9838103373087925,5.0656849374858295,5.14765494653703,5.2296897285853685,5.311783156455442,5.393859296937764,5.476566974142188,5.560364194430237,5.645191655497101,5.730986772622566,5.817709500338811,5.9053386123596106,5.993924657882054,6.0835286898325025,6.174226641420435,6.266108232,6.3595743539048355,6.455014082773161,6.552524796928378,6.652197747518481,6.754146068460771,6.857834944873468,6.9632462140580484,7.0704838191687065,7.179698751313635,7.290845056677301
Sanborn,South Dakota,44.021032,-98.092105,2.794359777351778,2.805774779375922,2.8172261349096974,2.8283248614000516,2.839016428582538,2.8492244940869313,2.858836362033376,2.8678992919843926,2.8763623890264967,2.8840366149096073,2.891100101830917,2.89720749144893,2.902518739206024,2.906866618957895,2.910483793166183,2.9133448143741454,2.915329715999999,2.9165293818178233,2.9169910713901377,2.916823845245835,2.916122222509956,2.9149879930094684,2.9138937523695736,2.912843135941237,2.9117743427580844,2.9108618696663457,2.9099603026274963
Sanders,Montana,47.756469,-115.180225,6.752790561467314,6.805792299775435,6.858633559382375,6.911336223747387,6.963703341737201,7.015041937142179,7.065424954826487,7.11404270679781,7.1612380339177575,7.206354432408772,7.24960344237696,7.2907589347433825,7.329485363132841,7.366008856624275,7.400125169598001,7.431535228110904,7.460326565999999,7.486433532887526,7.509936368124074,7.531323802299606,7.550420767740103,7.5672053809863185,7.581962127008519,7.594428404295691,7.605311778030306,7.614327763242091,7.621994268466676
Sandoval,New Mexico,35.685073,-106.882618,59.35280042634663,59.90887799977691,60.446718874537325,60.96364581507189,61.45764302049134,61.92779708101775,62.370926810872774,62.79370955050204,63.20042887679515,63.588659529307265,63.95660618537141,64.30212705654277,64.62600956504367,64.92529300331806,65.19333152780924,65.43623553496269,65.650256895,65.83785236525492,66.00355749772827,66.14415960975276,66.25953271377287,66.35084219467768,66.39821351557482,66.40092224801974,66.35648013778977,66.26825735199662,66.13426958663993
Sandusky,Ohio,41.355291,-83.142735,46.354554443035724,46.4507863151145,46.543173445058756,46.62891119465875,46.70867542911078,46.78242567744502,46.84992720803639,46.91141070541298,46.96694092312653,47.015607264355715,47.056746005195166,47.08977841077625,47.11442118431009,47.13025747480736,47.13736013001378,47.135373005394776,47.12463200999999,47.105837291607635,47.08057935933227,47.04911318028388,47.012057960301,46.969547253584054,46.926008584233244,46.88138529289081,46.836142795709854,46.790617001740046,46.746107029113155
Sangamon,Illinois,39.756378,-89.662311,306.87249328457705,308.05923832837306,309.21379313724174,310.31636326378236,311.3708057142898,312.37918241036834,313.33673880337784,314.26309953541005,315.1716792258434,316.0516831086322,316.90163145180134,317.71102058412015,318.4801416004031,319.20157158287515,319.87933734313975,320.5107462541606,321.095046321,321.6429110201974,322.1691376715008,322.67180990071347,323.1533777558592,323.6127011155803,324.067366958266,324.5200436530511,324.96726232006034,325.4104299175648,325.8537673203777
Sanilac,Michigan,43.449155,-82.642815,64.2442227421946,64.55127607708171,64.8516513149708,65.14161099816701,65.42152824004425,65.69150422389039,65.95052711682693,66.19581437843806,66.42788457307394,66.64492272550886,66.84552491762393,67.02837576667704,67.19250138352272,67.33654211773049,67.45988454561774,67.56154845408346,67.64098365899999,67.70014426261388,67.7405922819313,67.76263126681579,67.76661535877483,67.7531516575355,67.73560900500476,67.71443640202247,67.68927970708116,67.6604740898218,67.62946773605175
Sanpete,Utah,39.380588,-111.570451,17.502494633533544,17.754605839371944,18.01060867005654,18.268711509620413,18.52849582482538,18.79037280622123,19.05437182456152,19.321425401271657,19.592634939610004,19.86849239969862,20.14910057917497,20.43499549429143,20.726338684192584,21.023497283297868,21.327051363990023,21.63773519510796,21.955328496000003,22.28189456210348,22.617873954721723,22.96313450546375,23.318975870174405,23.68516308282525,24.057055564354396,24.43369876527126,24.815562617632754,25.201846768404458,25.59196380251525
Santa Barbara,California,34.537378,-120.038485,545.655689371066,551.948670092243,558.235953493611,564.4798637506265,570.6862819676086,576.8643973700558,583.0124640051231,589.1807163055354,595.4290833369176,601.7436893687673,608.1079631644358,614.502377619739,620.910729067048,627.3169210463649,633.7078742267304,640.0785804802479,646.4121316320001,652.7573071540078,659.149271149178,665.5838272045332,672.050438341502,678.5504369977816,685.0689519434403,691.5984480135697,698.1444234280929,704.714719659435,711.320501616577
Santa Clara,California,37.220777,-121.690622,2344.6940464425193,2371.7351177971095,2398.7517076478916,2425.5819221793668,2452.2510326212714,2478.7985252700687,2505.21689772943,2531.7220084200226,2558.571373805283,2585.7053695775503,2613.0527887822027,2640.529723039254,2668.066544845943,2695.5940873729633,2723.056148458347,2750.4312080705236,2777.646611424,2804.911964942503,2832.378369520498,2860.027793082601,2887.8149580088675,2915.745589812285,2943.7557865030763,2971.8131693181413,2999.9413642248633,3028.1740661962262,3056.5592510824326
Santa Cruz,Arizona,31.525904,-110.84519,21.2236698392107,21.76118711164443,22.310452747025707,22.870087202735697,23.440631912167813,24.022161044280054,24.614381631688325,25.220030508942887,25.840709725536612,26.477123886570507,27.12864626434945,27.79569962193406,28.47809482848143,29.17553520815956,29.88818764112393,30.61648601577888,31.360296828000003,32.12119616814482,32.89979593011688,33.6970714357139,34.512596213427365,35.34720837248271,36.19547132825836,37.05748150039971,37.932764207575566,38.82255065448876,39.72636615980808
Santa Cruz,California,37.012488,-122.007205,347.73600937936135,351.7464064955457,355.7531728180022,359.7322982591756,363.68753073517223,367.6247263649077,371.54277248578836,375.4736825478877,379.45564820673525,383.47982672276845,387.5356575615418,391.6106964703596,395.69461715953304,399.77716166076124,403.8499947647873,407.9099248868019,411.946176768,415.9898366396266,420.0633139167334,424.1639343050154,428.28498278811566,432.42730850327695,436.5814342980539,440.7425581549353,444.91418398507255,449.10130900994056,453.31104841402214
Santa Fe,New Mexico,35.513722,-105.966441,60.37226414502987,60.93789309441567,61.48497210544438,62.01077795745909,62.513260225494605,62.99148981073855,63.44223088629273,63.87227548485435,64.2859807594745,64.68087979261692,65.05514642454696,65.4066020787391,65.73604770244538,66.04047173399813,66.31311417859021,66.56019038689739,66.77788785,66.96870552332437,67.13725686304221,67.28027400436525,67.39762879573316,67.49050663907892,67.53869162576123,67.54144688430821,67.49624142140348,67.40650329128567,67.27021410687972
Santa Rosa,Florida,30.703633,-87.014255,342.51049520123064,349.03382442338847,355.70765229835393,362.51013160447457,369.44887697557454,376.5294299514524,383.7554383802494,391.15169965588484,398.740240402379,406.52468853427644,414.5020739457138,422.6746092658912,431.0456034718108,439.6135216765501,448.3848422989382,457.3711666920794,466.5762224385,476.02287337326874,485.7325481125142,495.7112267351556,505.9724640867441,516.5284794618717,527.2460367022119,538.1240992607517,549.1715774550813,560.3980593450683,571.8105416230486
Sarasota,Florida,27.184386,-82.365835,826.606956064476,842.3502088619302,858.4566716486617,874.8736188421202,891.6194274245452,908.707471220707,926.1465538634588,943.9965208132849,962.3105306182854,981.0973388040286,1000.3497773852966,1020.0731862705406,1040.2755512687963,1060.9531681192464,1082.1216716889785,1103.8090604169008,1126.0243303649997,1148.8226605872758,1172.2557664133276,1196.3380800281589,1221.1023143844473,1246.5779592468846,1272.443465533573,1298.6963316657796,1325.3580615991593,1352.4517949370036,1379.9944173357674
Saratoga,New York,43.106135,-73.855387,278.2848682729372,279.0265064998494,279.703263878497,280.30515762539324,280.8379977495053,281.30708715178525,281.7154829691211,282.07960101238456,282.415321006832,282.71597810427187,282.98218083432164,283.2082206096172,283.39106927087164,283.52768416999754,283.617934907791,283.6582572393497,283.646086647,283.5953613567423,283.52019346018227,283.41638120519906,283.2816208725265,283.11375363090264,282.9385840338688,282.7598357031322,282.57798676910653,282.3896613412947,282.20458140477615
Sargent,North Dakota,46.108206,-97.63003,4.347037368284348,4.349782215654282,4.352595513083318,4.354744844939076,4.356517701469782,4.357612902415393,4.357688197480403,4.357065301942587,4.355826355872867,4.3540124293067,4.351089611783104,4.347489138674412,4.342902984714672,4.337221629809322,4.330335553863801,4.322415882025862,4.3131203639999995,4.302503759833495,4.290860404780482,4.277978103657748,4.264233331790347,4.2492222338295855,4.23286266970454,4.2147507840665215,4.195160377151928,4.174344714179434,4.151947854841716
Sarpy,Nebraska,41.115064,-96.109125,174.74006551530363,175.28238108523263,175.82238550857858,176.33998185853304,176.8357730429002,177.30845276143754,177.75701616780458,178.18477925492473,178.59596237742787,178.99146989702032,179.3654737049276,179.71757186261357,180.0491711549548,180.35655365049166,180.6399203184924,180.89947212822497,181.14143912699998,181.3656203455495,181.57794437728194,181.7784112221973,181.97274850443603,182.1572382925386,182.3370053028412,182.49888604828413,182.6473018527653,182.78466434750192,182.90685366249784
Sauk,Wisconsin,43.427998,-89.943329,141.63582024388054,142.5490892553825,143.46102371612997,144.36171715321473,145.2514775398878,146.12894466095707,146.99116710610028,147.83493682061902,148.66130604645437,149.4628064322688,150.2360502723009,150.97772685410212,151.68521840503857,152.35511155491136,152.9837876180209,153.57022001686363,154.1137671405,154.6158148685596,155.08036685330586,155.50803904124092,155.89957570105474,156.25469452393384,156.59893162527644,156.9285399971949,157.2466250366372,157.5546752809834,157.85589878493164
Saunders,Nebraska,41.223152,-96.640923,20.065236861653073,20.127510446891225,20.189518645347743,20.24895374587798,20.305884979816284,20.36016234593825,20.411670458686647,20.460790090400348,20.50800586041971,20.553421615746263,20.596368120148032,20.636799219402157,20.674876453288736,20.71017289524603,20.74271162238547,20.772515711818517,20.800300553999996,20.826043071818475,20.850424040061615,20.873443458729408,20.895759025498098,20.916943813805904,20.93758628999472,20.956174903264806,20.973217350067987,20.98899055574161,21.00302143950103
Sawyer,Wisconsin,45.864913,-91.14713,37.723629994865625,37.966872292021485,38.20975914167272,38.44965202965039,38.68663298230169,38.92033971659307,39.149986146697,39.37471783149659,39.594815027678166,39.808288596321624,40.01423624760754,40.21177619830326,40.40021122445741,40.578632200721636,40.74607531751607,40.90226715368331,41.047036821,41.18075343802861,41.30448334728301,41.41839060145768,41.52267343089171,41.61725664476681,41.70894159437343,41.79673029248705,41.881449838108786,41.9634966919169,42.04372529502828
Schenectady,New York,42.817542,-74.043583,215.40776216716387,215.98183086083094,216.505678216849,216.97157701287762,217.38402451474917,217.7471254588593,218.06324623695517,218.3450935876604,218.6049592899082,218.83768438538726,219.04373990942156,219.2187071020662,219.3602420018274,219.46598943208488,219.5358484566976,219.5670601544817,219.557639448,219.51837528919935,219.46019121154788,219.37983482828406,219.27552293425242,219.14558447556513,219.0099935929888,218.8716325741018,218.73087151808724,218.58509730040922,218.44183527112637
Schleicher,Texas,30.896233,-100.527216,2.5406000113209832,2.582819012542066,2.6252498555455572,2.6677301434190333,2.7102439993693808,2.752788248037975,2.7953235376590255,2.83818611602956,2.881613341206636,2.925574480255012,2.9700370991544673,3.0149804446682893,3.060393516446962,3.106302511199126,3.1527390691053427,3.199742541931403,3.2473594259999996,3.2957974804895978,3.3452583406727485,3.3957924720704225,3.447447164844967,3.5002810497252397,3.5540169632657315,3.60864549279624,3.664220506007688,3.7208202528089953,3.778420918010491
Schley,Georgia,32.263441,-84.322724,4.955841631750761,5.031387448146361,5.106892115126971,5.182039965947468,5.2568811690727015,5.3313052411418775,5.405274414883705,5.478700190871426,5.5516586673382395,5.624054580569993,5.695818596620883,5.766880817854486,5.837289721663807,5.907006413396319,5.976057950201606,6.04456552556217,6.1125218115,6.180092533056285,6.24747610932796,6.314617298634629,6.381422528333989,6.447843884723652,6.514023981529542,6.579814568119572,6.6451474379291735,6.710015262980333,6.774342508730467
Schoharie,New York,42.591294,-74.438172,36.27137158663041,36.36803597186315,36.45624385218113,36.53469408156239,36.60414393076862,36.665284574609736,36.71851447725212,36.76597325907727,36.80973066760341,36.84891801317875,36.8836146109454,36.913076409332014,36.936908721083775,36.954714970490066,36.96647816144899,36.97173373384243,36.970147431,36.96353594736743,36.95373863885966,36.94020785330488,36.92264332623649,36.90076367774554,36.87793224754912,36.854634368778804,36.83093236047482,36.806386212443954,36.78226307850442
Schoolcraft,Michigan,46.020758,-86.199352,13.061942494140041,13.124371656354732,13.185443047936753,13.24439678020816,13.30130871345998,13.356199419974528,13.408863176928671,13.458734246558802,13.505918061811766,13.550045607373578,13.590831442827138,13.628008128502382,13.661377656182033,13.690663585822518,13.715741197962307,13.736411198616493,13.752561725999998,13.764590082315,13.772813852169698,13.77729475241104,13.778104786027123,13.775367386711824,13.771800667265772,13.767495917191736,13.762381133501618,13.756524461880579,13.750220343119226
Schuyler,Illinois,40.156905,-90.613464,10.396744001697808,10.436950552254261,10.476066507728987,10.513421238440975,10.549145418556014,10.583308905332538,10.615750616151095,10.64713542774199,10.677917823210121,10.707732079261318,10.736528063039513,10.763949913451734,10.790007492699166,10.814449314651435,10.83741180642502,10.8588037426589,10.878599646,10.897161130491996,10.914989524695446,10.932019902452504,10.948335270623199,10.963897002252862,10.979300938663467,10.994637483365931,11.009789111796062,11.024803491259613,11.039823623673858
Schuyler,Missouri,40.469361,-92.519016,5.5461658784037,5.57705014137436,5.608015663446993,5.638698713403252,5.6691050954647,5.6991854737480026,5.72884214385674,5.758182483889947,5.787275177136196,5.815922880062122,5.843996932422944,5.871507975291533,5.898287686242385,5.924331228424186,5.949559277475489,5.973960224953156,5.997581472,6.020569091525522,6.043275206304931,6.065557612909775,6.087554645287456,6.109297259286347,6.131161761938194,6.153094947878613,6.175254498460237,6.197656858977515,6.220358136905616
Schuyler,New York,42.419776,-76.938604,20.56611316216067,20.620922522779946,20.670936987881742,20.715418798865898,20.754797333379237,20.78946449221663,20.81964620725708,20.84655565773714,20.871366404507008,20.893585894655104,20.913259100403785,20.92996413947662,20.943477221529005,20.95357348544912,20.96024329433219,20.963223239447228,20.962323794999996,20.958575039036024,20.953019898807202,20.945347851825797,20.935388646107164,20.922982737338625,20.91003716190176,20.896827106966715,20.883387907851073,20.86947007579744,20.8557920955964
Schuylkill,Pennsylvania,40.70369,-76.2178,413.9874238582971,415.15917431340495,416.3031285612123,417.3986064907588,418.4504523929803,419.46444600809673,420.433905555507,421.365780087036,422.2626754971186,423.11577183536104,423.91678369381816,424.65849474944065,425.3326864120893,425.92933601086236,426.4456706068106,426.87470773920575,427.2114694815,427.4648760107958,427.6412082008582,427.73892924214897,427.7585402682132,427.6989387852516,427.5849141992942,427.4146958384817,427.18721461791813,426.90343939579043,426.5710208108868
Scioto,Ohio,38.815019,-82.999028,69.4167171702104,69.56082600109262,69.69917726660609,69.82757097432918,69.94701924364777,70.05746146861063,70.15854613470047,70.25061869583944,70.33377612154956,70.40665477792764,70.46826072737328,70.51772730478349,70.55463026849962,70.57834537722374,70.5889817216681,70.58600596946174,70.56992115,70.5417757462395,70.50395157206438,70.45683044496752,70.40133963600303,70.33767914481004,70.2724792624553,70.20565514060708,70.13790374770473,70.06972811314361,70.00307368795889
Scotland,Missouri,40.447686,-92.142824,6.564931585496731,6.601488925813648,6.638142451577745,6.674461618406412,6.710453296688733,6.746059088117492,6.781163341143106,6.815893157963634,6.850329838183234,6.884239788573049,6.917470715508378,6.950035214702541,6.981734044872096,7.012561480692809,7.042423626847194,7.071306742557083,7.099266936,7.126477111967891,7.1533540740652,7.179729497759365,7.205767127323559,7.231503604832895,7.257384360512998,7.283346415797263,7.309576416255814,7.336093827991052,7.362965064764125
Scotland,North Carolina,34.840023,-79.477337,29.825743856702086,30.265452126393377,30.70884688974033,31.153942309122765,31.601343525952103,32.051134008009214,32.5031294306113,32.95771931006919,33.41622521958015,33.87868541521044,34.345110330432675,34.815698201226446,35.29099156816749,35.77134169150036,36.25736414610907,36.74841901234017,37.24502448599999,37.74734402482609,38.25621926227571,38.771462395841844,39.29220744729785,39.81814141246541,40.349775531502445,40.886202092291825,41.427668020352016,41.974458497267705,42.52592664773703
Scott,Arkansas,34.858869,-94.063641,6.79787083282613,6.84769589384725,6.897232449862951,6.946155008046613,6.994594258699826,7.042382523699791,7.089428566420864,7.136099799220364,7.182544173383129,7.228931832886707,7.274979204435177,7.320908214955784,7.36641556431463,7.411683725762994,7.456717631010382,7.501472894671342,7.546055548499998,7.5906505316023924,7.635277570816498,7.680020505203723,7.724995229937177,7.769920637575689,7.814712889057857,7.859130330618453,7.903163098838493,7.946858044958172,7.9898822785866255
Scott,Illinois,39.63698,-90.477759,7.305187431994516,7.3334382370312525,7.360922744322934,7.387169741390303,7.412271045370866,7.4362757408978695,7.459070644581699,7.481122926637684,7.502751925915128,7.523700669922278,7.543933933216446,7.563201672901165,7.58151081857172,7.598684665548388,7.61481907323259,7.6298499428679545,7.643759373,7.656801448789108,7.6693284246621705,7.681294680783575,7.692758541246952,7.703692865137445,7.714516315503405,7.725292413634933,7.735938581854903,7.746488313207181,7.757042086823375
Scott,Indiana,38.679431,-85.751898,40.226662671463124,40.42346911492354,40.61770123411613,40.806952876710156,40.99128872421989,41.17079933076529,41.34532299256071,41.515170180874605,41.68151809926666,41.844192107648354,42.00275237172265,42.15702425140104,42.30763515737193,42.45367308028411,42.59527385131759,42.73219168071813,42.86449125,42.992838778760145,43.1179910407155,43.24020029377172,43.35911725775173,43.47452848365846,43.58988796435378,43.7047364610864,43.81959789412187,43.93422000555454,44.04880977623008
Scott,Iowa,41.641679,-90.62229,138.2895763814228,138.7098995157458,139.11249733755716,139.48566181148726,139.82510154608596,140.13086318691245,140.39879527919425,140.62824478510203,140.82238360266416,140.97789989717452,141.09208822619715,141.1671875765756,141.19881326574117,141.18822472379338,141.13225005270385,141.03317488487542,140.892725106,140.70996780489273,140.49068703089952,140.23614221411998,139.94642664567246,139.62051412325377,139.2849459700721,138.93906914829816,138.58204403786553,138.2197479792386,137.8456505941237
Scott,Kansas,38.481877,-100.90636,5.5239406156623305,5.546794989314703,5.56956066291938,5.591824374890517,5.613761509413326,5.634995091285112,5.655575518260242,5.67561971312886,5.695256694142156,5.714387681701562,5.732958246232359,5.75076679671706,5.767760919491116,5.7840071395903,5.799225245500307,5.8135865895859995,5.827121410499999,5.839892201457728,5.85195943976443,5.863450127761125,5.874267501759415,5.884445832232275,5.894071803317225,5.903060746786919,5.911483219497478,5.919496462442539,5.926945250538642
Scott,Kentucky,38.289882,-84.579376,27.917759831580373,28.06868930862589,28.21622090045092,28.35833205632899,28.495440770076904,28.627607718216463,28.75471828953982,28.87775005023146,28.99751876241771,29.11361317411752,29.226066994509676,29.334994834802,29.4403225348012,29.542097287357553,29.64075056995938,29.736228447920624,29.828787110999993,29.9192018703093,30.008443550197253,30.096208768054865,30.18270652079056,30.26856379912953,30.355000875343425,30.442017749432257,30.52988409482619,30.61880890843366,30.709048380013332
Scott,Minnesota,44.651932,-93.534553,266.3348769323567,268.83556145926786,271.36705321427615,273.9088313624772,276.46432470160175,279.0332734742459,281.61006692048664,284.19444528291984,286.78162902531466,289.36086419115156,291.92939735194966,294.4719547723622,296.98479594577384,299.4554005653186,301.880235930304,304.24818442384543,306.55368723749996,308.80983614442215,311.01902091272734,313.17828030801155,315.2904197102366,317.3605303645179,319.41978315931806,321.46937297869476,323.5135078925906,325.56190282790953,327.6127914343055
Scott,Mississippi,32.427127,-89.533209,7.732243650927369,7.765535597332845,7.797924666151804,7.828987383825969,7.858635859616831,7.887029894867131,7.913927124207045,7.939564586294973,7.964022181802292,7.98697231797637,8.008425648240058,8.028443429774743,8.047121543386073,8.064489285986882,8.080402836368698,8.095245717754116,8.109417433499999,8.123000547633433,8.136304009417062,8.149405056166543,8.162239767344783,8.174957290871676,8.187520339767245,8.199777102755885,8.212084469503061,8.224189421216094,8.236187838700625
Scott,Missouri,37.047793,-89.568098,56.73410923242196,57.05003760300374,57.3667972077874,57.68066728415502,57.991707205978194,58.29941229534864,58.60278309209505,58.90291801284132,59.20051964840093,59.4935692871408,59.780750808241265,60.062173063800245,60.33611421154238,60.6025247732414,60.86059330598593,61.11020106203289,61.35183292799999,61.58698314632157,61.81925373187241,62.0471900247992,62.27220710237419,62.494621625245706,62.71828299942003,62.94264696440785,63.16932651038657,63.39848986332565,63.63071097065016
Scott,Tennessee,36.437239,-84.498386,8.130939808715413,8.203260808450585,8.276035610735866,8.348897048053438,8.421944131868779,8.495138357723093,8.568413717972732,8.642079623447309,8.71629834293747,8.79092273440424,8.865875788930028,8.941308774031533,9.017042919007194,9.09320198818887,9.169743351640028,9.246855406176921,9.3245010225,9.402872722903247,9.482175406113836,9.562558964489218,9.644089405673052,9.726673218836828,9.809981740921529,9.893917335620923,9.978438748157725,10.063627112927257,10.14954706241393
Scott,Virginia,36.712778,-82.613627,33.52654530625645,33.939099224245574,34.35221934953554,34.76407674267049,35.17521064869884,35.58577385371762,35.99570793951327,36.405731899483655,36.81629959821116,37.22727173072499,37.637722593025366,38.04762072915112,38.45607189106365,38.8630895598892,39.268053603822075,39.671112315250575,40.072175820000005,40.47288432175924,40.87426687982896,41.27599095976267,41.67816441057006,42.080454697804605,42.48646128216439,42.895945997086365,43.30943011278399,43.72753825477168,44.15077371842793
Scotts Bluff,Nebraska,41.851589,-103.70586,34.95821707114428,35.06671185371593,35.17474427201129,35.27829376710607,35.377480955768014,35.47204450166704,35.56178337685692,35.64736097356018,35.72962160915092,35.80874620878071,35.88356881036153,35.95400900271489,36.020348224965474,36.081842673712316,36.13853255454463,36.190458073051694,36.23886560249999,36.283714937300324,36.32619214233532,36.366297217605,36.40517602240277,36.44208475332764,36.47804865290531,36.51043425504037,36.540126082696176,36.567606602943606,36.59205160120322
Screven,Georgia,32.744751,-81.617585,13.31278854695463,13.51572591945626,13.71855275302196,13.920421077732316,14.121465660235229,14.321389711058911,14.520091776659429,14.717334122612934,14.913321170239302,15.1077970143307,15.300575404351253,15.491468575533093,15.680606751828124,15.86788545122843,16.053377356869955,16.237408028632473,16.4199577815,16.601471799680233,16.78248309283681,16.962843266233826,17.142300957359463,17.320727456493806,17.498505864332586,17.675237937860082,17.850740455004413,18.024993730749596,18.197794858007775
Scurry,Texas,32.744462,-100.913399,14.655080253033914,14.898614397858305,15.143370521076905,15.38841185980936,15.633646831092504,15.879057118333703,16.124415726617116,16.371662252269743,16.622165860590883,16.875749273130403,17.132225398977848,17.391474526117083,17.653433200637913,17.918252534429552,18.18611503925432,18.457247710028046,18.731918754,19.011326599659576,19.296634350638953,19.588133109928183,19.886095663924692,20.190860215428163,20.500827987567366,20.815944684728432,21.136521034822085,21.46300841102393,21.795269438889214
Searcy,Arkansas,35.90966,-92.699351,4.749299306077803,4.784109341977604,4.8187178152623265,4.852897321955986,4.886739168200453,4.920126206492947,4.952994694809898,4.985601324002986,5.018049459515842,5.050457971608639,5.082628743181087,5.11471682239863,5.146510310101831,5.178136690337826,5.2095994086214095,5.2408674553194885,5.272014908999999,5.30317097646748,5.3343494397810804,5.36560887269219,5.39703024479832,5.428417161756576,5.459711049815563,5.490743078750685,5.521506357532372,5.5520336185511034,5.5820922895587115
Sebastian,Arkansas,35.196981,-94.274989,71.12736448107414,71.64869319747572,72.16700323329634,72.67888889762413,73.18571762696158,73.68573497447531,74.17798631468246,74.66631595020324,75.1522719223612,75.63763447867845,76.11943653995148,76.60000016816568,77.07615187860767,77.54980092224324,78.0209989004498,78.48928140083032,78.955757853,79.4223633086133,79.88930417318005,80.35745767011694,80.82803643179409,81.29809917969668,81.7667686904081,82.23151649643312,82.69223939501686,83.1494275992451,83.59959801613982
Sedgwick,Colorado,40.871568,-102.355358,3.1034777939365874,3.1326843119562158,3.1619030406258286,3.19093657443737,3.219899557826789,3.2487519669969216,3.2775785981282017,3.306529370867638,3.3357833747483108,3.365332469336898,3.3952153216916776,3.425421756270998,3.455956521660963,3.486753816025555,3.5178848681563406,3.5493021921922736,3.581022068999999,3.6131157273710834,3.6457358004303093,3.678851083183275,3.71243172737447,3.746500797564971,3.781406297279283,3.8170831030508343,3.8535997301934133,3.89105861249299,3.9293579945330372
Sedgwick,Kansas,37.683807,-97.459451,566.6963834233812,569.0409942357211,571.3765053853863,573.6605207167333,575.9110327445961,578.0893679026076,580.200696453651,582.2570134076152,584.2715546374823,586.2341864280007,588.139324895256,589.9662889877152,591.7097016319796,593.3763875750549,594.9376001553103,596.4109182665485,597.7994440665,599.1095886811398,600.3475564259282,601.5263763633312,602.6361215886127,603.6803078805333,604.6678280912524,605.5899961791259,606.4540505121907,607.276122310643,608.0402871648015
Seminole,Florida,28.690079,-81.13198,813.6191011556335,829.1149920338271,844.9683860552473,861.127386074864,877.6100803311825,894.4296325160991,911.5947079375884,929.1642117493161,947.1904672589993,965.6820924232029,984.6320318818828,1004.0455416415148,1023.9304820361087,1044.2832070071183,1065.1191057626954,1086.4657368232843,1108.3319549025,1130.7720720672658,1153.836991083009,1177.5409173726384,1201.9160498947497,1226.9914150634886,1252.4505160564272,1278.2908906002613,1304.5337047751264,1331.2017346090875,1358.3116004469493
Seminole,Georgia,30.933894,-84.867592,3.3924997317097634,3.444214290183926,3.495900680005884,3.5473428128847417,3.598575031423875,3.6495217047214696,3.7001569793570104,3.750420273434656,3.800363679667388,3.849921985695994,3.899047729270865,3.9476930622704454,3.9958911696822663,4.043615426341915,4.0908843541028945,4.137780915434031,4.184300094,4.23055533615352,4.2766824688202965,4.322643676549424,4.3683749045975295,4.413843353849028,4.459146649906773,4.504183308448436,4.548906638968302,4.593311625131047,4.637346560095639
Seminole,Oklahoma,35.158366,-96.602858,11.856754486729153,11.904590848708144,11.952782180157648,12.000655729414506,12.048221638463579,12.09521621569821,12.141700313027618,12.188343301453353,12.235537337723795,12.282913929721927,12.330523787372114,12.378948384473674,12.427704286414382,12.477004474876548,12.526828665890426,12.577399983123199,12.629103822,12.682359384562192,12.737754905932352,12.795354618681332,12.855276845965967,12.917487781170028,12.979942124011009,13.042396466851994,13.10478995778374,13.167372765766434,13.229377480611431
Seneca,New York,42.782294,-76.827088,39.615779204154755,39.72135654448608,39.817697646514645,39.90338139184146,39.97923487549991,40.04601300218378,40.10415097651162,40.155985702904395,40.2037777702812,40.246578391322004,40.28447419443427,40.31665252265254,40.34268229652054,40.36213037400084,40.37497819186327,40.380718355149696,40.378985787,40.371764690461816,40.36106401955633,40.346285625755684,40.3271015586601,40.30320449368112,40.27826788781233,40.252821824404286,40.226934368634296,40.20012493909894,40.17377752773682
Seneca,Ohio,41.120008,-83.127436,54.34207257377945,54.45488650197373,54.563193186842916,54.66370471299298,54.7572134063558,54.843671822264824,54.92280478165387,54.994882719122444,55.059981546137074,55.11703375769971,55.16526126127844,55.20398559814116,55.23287465562182,55.25143975365463,55.25976629263945,55.25743675951037,55.24484494499999,55.222811641840174,55.19320142542749,55.15631319716142,55.112872860440625,55.06303698266484,55.011996010357905,54.95968352098662,54.90664512821666,54.85327462278066,54.80109497847579
Sequatchie,Tennessee,35.372335,-85.410344,4.658173766952445,4.699606097247776,4.741298408699532,4.783040352917513,4.824888653063122,4.866821250129149,4.908800328674654,4.951003148579023,4.993522672801216,5.036274604420818,5.079214825423405,5.122429996194453,5.1658176999147605,5.209448840536084,5.253298995586156,5.297476096635968,5.3419588725,5.386857618214309,5.4322897192101305,5.4783410480512496,5.525049420178602,5.572361263717531,5.620088289285054,5.668174561541451,5.71659644583614,5.765400423648602,5.814623522598087
Sequoyah,Oklahoma,35.502435,-94.750757,21.483404819502354,21.57008013445782,21.657398623128515,21.744141318187477,21.830326596026595,21.915476670457405,21.999701799831097,22.084214826010644,22.16972630281477,22.255568554672443,22.34183346354296,22.4295746092265,22.517916050377586,22.607243691225328,22.697520778986018,22.789151594280636,22.882834439999996,22.97932887367445,23.079700726032073,23.184066380887995,23.292640229480618,23.405361017170417,23.51852283826493,23.631684659359447,23.744736222102777,23.858130810827557,23.97047794521613
Sevier,Arkansas,33.994608,-94.24329,9.84298287886951,9.915127118533684,9.986853617128837,10.057691077038626,10.127828731396889,10.197023790522483,10.26514414826537,10.332721799662174,10.399970970902139,10.467138022102894,10.53381235306839,10.60031530308249,10.666207708457247,10.731753781492731,10.796960663061908,10.861764085308012,10.926317576999999,10.990888920874422,11.055506680423182,11.12029225048685,11.18541344158033,11.250463223944065,11.31532020273748,11.37963447518481,11.443391759540114,11.506659894096636,11.568956869928593
Sevier,Tennessee,35.791284,-83.521955,39.461380689590854,39.81237166597743,40.16556505384519,40.51917890208665,40.87369373684314,41.22892268683747,41.58454540130873,41.94206352444867,42.30226458521115,42.66443446835834,43.02819943133584,43.39429361130407,43.7618493916189,44.13146742995705,44.50294083311873,44.87718393556739,45.254016539999995,45.63437300280252,46.01924774612858,46.4093682331644,46.80505481467087,47.205853660403385,47.61016969053165,48.017529052888456,48.42773152824827,48.84117088108802,49.25816078819444
Sevier,Utah,38.746825,-111.81193,12.339455425889307,12.517196659464656,12.69768153229426,12.879646934985594,13.062797796901881,13.247424012002064,13.433546286997489,13.621822059973619,13.81302783260618,14.007510442310327,14.205342362575816,14.406901490884822,14.612301714149783,14.821801866262621,15.03581090477255,15.254846497463388,15.478753344,15.708986090854914,15.945855338698427,16.18926790732946,16.440140068725363,16.698306169195323,16.960494548345583,17.22603223805717,17.49525054571173,17.767585213424905,18.04262210696963
Seward,Kansas,37.180585,-100.854741,24.87617944527475,24.979100446719578,25.081622001744407,25.181883053165127,25.280673415494018,25.37629544144606,25.468976089214458,25.55924190180738,25.64767389219937,25.733827222331808,25.81745677735605,25.89765472449935,25.974185027240804,26.047347270395427,26.115879566409095,26.180553573138653,26.241505465499994,26.29901667165268,26.353359541428524,26.405106009474352,26.453820316059247,26.49965679275457,26.543005807652612,26.58348607098881,26.621415324233627,26.657501676949796,26.69104609790231
Seward,Nebraska,40.871944,-97.140383,16.107829994532764,16.15782154614426,16.207600052418144,16.255312945201318,16.301015801538377,16.34458820449937,16.385937525676635,16.425369438815437,16.463272983227935,16.499731524481007,16.53420781781026,16.56666481185263,16.597232186378832,16.62556721628055,16.651688427239307,16.675614344936637,16.6979192655,16.718584663247867,16.738157045785407,16.756636413112606,16.774550747153118,16.791557322798607,16.808128544928117,16.823050981401362,16.836732197212033,16.849394500538494,16.860658114909363
Shackelford,Texas,32.743788,-99.347045,2.378778354548946,2.4183082474119972,2.4580364889502992,2.497811026003809,2.5376169930401207,2.5774514169527527,2.6172774524578135,2.6574099302951932,2.6980710901743663,2.73923215667189,2.780862761628705,2.8229434736703087,2.8654639931063914,2.9084488480654236,2.951927663429843,2.9959372844835435,3.040521246,3.085874074088986,3.132184561012063,3.179499957925809,3.227864542880319,3.2773332121631222,3.3276464560513546,3.3787954614079445,3.430830664860702,3.4838253322479122,3.537757165270969
Shannon,Missouri,37.15198,-91.398364,9.95679053388157,10.012235708788722,10.06782676462967,10.122910710557916,10.17749796664016,10.231499962309458,10.284741293109704,10.337414730274839,10.389643577927467,10.441073553799814,10.491473679746708,10.540863059223767,10.58893951029671,10.635694349576623,10.680985169485277,10.724791129889278,10.767197328,10.808466002162714,10.849229303090505,10.88923193914925,10.92872225526194,10.967755825117647,11.00700821637404,11.046383911753038,11.086165989733312,11.126383973837173,11.167138591376053
Sharkey,Mississippi,32.89249,-90.827388,1.204327374700605,1.2095127263557317,1.2145574512739714,1.219395591782271,1.2240134585522606,1.2284359412718853,1.2326252905810953,1.2366184261836755,1.2404277929235976,1.2440023669405758,1.2473438075471397,1.250461655790334,1.2533708454829267,1.2560759397343733,1.2585545378255238,1.2608663750074454,1.2630736754999998,1.2651892989752918,1.2672613654966804,1.2693019050800058,1.2713009618500901,1.2732817661823488,1.2752385104829274,1.277147549548279,1.2790644703481462,1.2809498642099504,1.2828186649464581
Sharp,Arkansas,36.173399,-91.471069,11.763411422654524,11.849631462188084,11.935352256713955,12.02001055545422,12.103832512130317,12.186527967250598,12.267939039915191,12.34870152077492,12.429071432910654,12.509343202865386,12.589026119734124,12.668504218138166,12.747252650761736,12.82558717940457,12.903516338169362,12.980963320131853,13.058111608499999,13.135281232124887,13.212506327417293,13.289931974123045,13.367758723655486,13.445500132160982,13.523011119893688,13.599873515821532,13.676070251739118,13.75168240162206,13.826133913538401
Shasta,California,40.760522,-122.04355,230.32389072591937,232.9801881533966,235.63408071478207,238.26966526334033,240.88942424148868,243.49723646550393,246.0923649602935,248.6960139215049,251.33347969595752,253.9989052710731,256.6852958481657,259.38440894264664,262.0894049084811,264.79348935249027,267.4911414261736,270.1802471746601,272.853669576,275.53199867993027,278.2300774234041,280.9461344803216,283.67572214135186,286.419402834855,289.1708993431562,291.9270310369084,294.690118741184,297.4634723792058,300.25180471275047
Shawano,Wisconsin,44.789641,-88.755813,82.87808124602982,83.41247984099266,83.94609752470251,84.47313753285823,84.99378007574896,85.50722922459762,86.01175796413317,86.50548910384353,86.98903836221668,87.45803563974064,87.91049862323469,88.34449005209044,88.75847813885001,89.15046555280871,89.51833482306894,89.86148524866682,90.1795413915,90.47331419786964,90.74514640153473,90.9953984230736,91.22450577068504,91.432303251604,91.63373330230617,91.8266033642735,92.01273055792166,92.1929858996482,92.36924657996514
Shawnee,Kansas,39.041805,-95.755664,199.1760146254916,200.00007182986022,200.8209307880445,201.62369058032175,202.4146750116474,203.18029153573804,203.9223573379255,204.64508828818012,205.35313638095207,206.04293993299035,206.7125363841365,207.35465699306235,207.96741188702262,208.55319975065555,209.10191703351515,209.6197421657302,210.10776545849998,210.5682402216362,211.00334707753726,211.41766533323994,211.8077059929067,212.1747047425633,212.52178714098093,212.84590031680165,213.14958832949037,213.43852079728305,213.70710078935696
Sheboygan,Wisconsin,43.746002,-87.730546,259.35164452610445,261.02394620529776,262.69380416698874,264.34307850818,265.97233316367954,267.57907742141794,269.15790690614966,270.70294729695576,272.2161253710978,273.6837657094765,275.0996650292016,276.4577610310846,277.7532602692558,278.97991246625736,280.13109138809295,281.20491725206847,282.200215194,283.1195229205246,283.9701715841491,284.75328905449,285.47023817400026,286.12050200243914,286.7508401343211,287.35439136281286,287.9368420305638,288.50091782248063,289.0524930594819
Shelby,Alabama,33.262937,-86.678104,90.05660679121203,90.33514490705706,90.61643667717432,90.89357801186677,91.16956201360415,91.44323134943151,91.71524450189224,91.98442418401484,92.25316487777518,92.51993012390543,92.78481969248789,93.04779367548964,93.3103486241456,93.57256435452167,93.83414155637082,94.09631737871392,94.360847775,94.62918938843103,94.90405596524634,95.18750276914194,95.47915067380494,95.7811148049807,96.08030532786772,96.37742063304233,96.6729396168997,96.96690218747271,97.26072507993047
Shelby,Illinois,39.384926,-88.798862,32.72274515574898,32.849291380916746,32.972405063653774,33.08997546196793,33.20241386014447,33.3099401271409,33.41204727100812,33.510827926882925,33.60771253633592,33.70155002070718,33.79218259168606,33.87849021093605,33.96050391878057,34.03743218697257,34.10970440665262,34.17703345482916,34.239339144,34.297759619356974,34.35387276400691,34.40747422915402,34.45882527085368,34.507804314505854,34.55628671298343,34.604557002584336,34.65224528612125,34.699501591824,34.74677600438209
Shelby,Indiana,39.524135,-85.792174,63.7956558862099,64.10777216206732,64.41580580480971,64.71594088599787,65.0082799843533,65.29296671008606,65.56974461639246,65.83910608113561,66.10291803704652,66.36090352157717,66.61236499942147,66.85702550803146,67.09588006100545,67.32748229837058,67.55204763544195,67.76918627307792,67.97900078999999,68.18254774703944,68.38102731523759,68.57483955160824,68.7634305310554,68.94646174379817,69.12941089356372,69.31154967142959,69.49370896503974,69.67548871738039,69.85721718036031
Shelby,Iowa,41.679014,-95.308917,8.334366347365599,8.359698169744304,8.38396173194058,8.406451419991814,8.42690860248542,8.4453360906324,8.461483686653184,8.475312033593688,8.487012293802339,8.496384871297693,8.503266715841372,8.507792765561682,8.509698766624023,8.50906062172557,8.505687168517884,8.499716156340284,8.4912516,8.48023727527691,8.4670217723358,8.451680993873854,8.434220562313076,8.41457863101133,8.394354779031257,8.373509649418772,8.351992640375752,8.330157964489013,8.307612052217648
Shelby,Kentucky,38.239426,-85.22836,21.839135165781993,21.957202276810335,22.072611335220714,22.183780166835778,22.291035754318845,22.39442556289523,22.49385993602822,22.59010359123688,22.68379467210607,22.774611469886384,22.862580354147465,22.94779098142601,23.03018533866887,23.109800343273495,23.186973525731077,23.26166269473019,23.334068258999995,23.404796718641805,23.474607517260736,23.543263328730202,23.610927644381857,23.678090938210683,23.74570778863702,23.813778195660863,23.8825131158392,23.95207604050368,24.022667378383453
Shelby,Missouri,39.797531,-92.088719,8.776955149777779,8.825830318113974,8.874834081142277,8.923390824526583,8.971509733602048,9.01911273301989,9.06604520297174,9.11247707215788,9.158517033710933,9.203852786235775,9.2482807214699,9.29181767919442,9.334197284689967,9.375411883510585,9.415335942742548,9.453951091715554,9.491332344,9.527710863863842,9.563643894972879,9.598906396615927,9.633717285947403,9.668125551421447,9.702726708933653,9.737436559578473,9.772504638294166,9.80795697019699,9.84388234686007
Shelby,Ohio,40.33668,-84.204143,41.16101679127298,41.24646689968375,41.32850302866014,41.40463477004637,41.475462265490386,41.54094957836655,41.60088827624622,41.6554831978955,41.704791841915345,41.74800563422922,41.78453521417689,41.813866688011885,41.83574849935485,41.84981050096185,41.85611737875901,41.85435289044083,41.84481531,41.82812634105982,41.80569829300736,41.77775756658404,41.744853992161936,41.70710616060558,41.66844553875837,41.628821815344416,41.58864826155841,41.54822315139302,41.508700050530805
Shelby,Tennessee,35.183794,-89.895397,375.18925788554657,378.5263951487071,381.88447240724423,385.24654730126235,388.6171885570252,391.9946194476527,395.37579415563533,398.77498995054805,402.19969446710115,405.6431180704301,409.10170730677424,412.58244217459213,416.0770735847962,419.5913124452166,423.1231916653782,426.68140451608895,430.264237725,433.88057492651336,437.5398708458141,441.2490420268298,445.0111342870695,448.8218327183952,452.6659716877918,456.53904592352677,460.4391517896567,464.3700331035369,468.3346722281452
Shelby,Texas,31.790137,-94.142565,22.470214582192927,22.843618507508317,23.218896057277387,23.594610919820436,23.970622673604545,24.346903234323122,24.72310455717669,25.102200569630533,25.48629057360197,25.8751027531237,26.26835024706413,26.66584950441953,27.067503233127795,27.47354312871825,27.884249031245812,28.29996898550996,28.721114225999994,29.149522268775407,29.58697646730443,30.033923161459587,30.490780606806823,30.958067360007036,31.433332062299634,31.9164914637758,32.40802199463655,32.90861573243704,33.4180620448779
Shenandoah,Virginia,38.856204,-78.573987,67.28989859348617,68.11792042073523,68.94707866187682,69.77370251965486,70.59887429301466,71.42290063332402,72.24566429153056,73.06860833289463,73.89264369236189,74.71749077603809,75.54129163740053,76.36398314234403,77.18377047845102,78.00068070319514,78.81346917278928,79.6224335194434,80.42739336,81.23164068708427,82.03724088785013,82.84352654461468,83.65071411716696,84.45813618782407,85.27301710204578,86.09487884446455,86.92476763739423,87.76393714377971,88.61339750930331
Sherburne,Minnesota,45.443171,-93.775092,176.44658503583477,178.10328599106668,179.78039670357413,181.46432214110771,183.1573338786763,184.85925982726388,186.56638286412905,188.27853090025604,189.99253749775374,191.7012781713676,193.40292877752992,195.08737048211097,196.752125203283,198.38889825048383,199.9953492130984,201.56411268124992,203.09150595,204.58620230574556,206.0497849674322,207.48029212027953,208.87958232565836,210.2510285282787,211.61528141003802,212.97313258040913,214.32736988144813,215.68442944234644,217.0431410577966
Sheridan,Kansas,39.350543,-100.441206,2.265028068676763,2.274399240710704,2.283734042314241,2.2928630203457168,2.30185808906525,2.3105646741436217,2.319003440598107,2.3272223312687856,2.33527424859988,2.3431186891575324,2.3507333347230843,2.3580355252274363,2.365003769052621,2.3716653440214426,2.377905352637851,2.3837940559605824,2.3893438529999997,2.394580368377526,2.3995284001138915,2.404240024052628,2.4086755633605694,2.4128490702494614,2.4167960885490185,2.4204819010302163,2.423935438717241,2.427221176463992,2.430275466017261
Sheridan,Montana,48.705523,-104.533913,1.9899694351208583,2.0055884356335167,2.0211601449252456,2.036691011798898,2.0521229970287873,2.0672518885245337,2.0820991822956496,2.0964262726365357,2.110334190791903,2.1236294726761304,2.1363744567168066,2.1485025052844393,2.159914736735266,2.170677788698778,2.1807314723483384,2.18998765404494,2.1984721289999998,2.2061655508049554,2.2130915650702714,2.21939419505969,2.225021850350378,2.229968082139482,2.234316724864105,2.237990392889997,2.2411975975094416,2.2438545042853355,2.2461137348852263
Sheridan,Nebraska,42.507074,-102.389698,5.26948314050513,5.28583727625612,5.302121716783416,5.3177304166636,5.332681557259372,5.346935745618213,5.360462679468948,5.373362356306443,5.385762045669618,5.397689019602522,5.40896752493237,5.41958544075069,5.429585190237121,5.43885465498833,5.447399895458553,5.455226972102023,5.462523759000001,5.4692841956982505,5.475687065596683,5.4817323686952975,5.487592827939769,5.493156324926766,5.498577401239258,5.5034590971249076,5.507934742576864,5.51207706304594,5.515761819220334
Sheridan,North Dakota,47.581373,-100.341499,1.3407571085420178,1.341603702051876,1.3424714076193374,1.3431343262280544,1.3436811285199586,1.3440189214415974,1.3440421447049602,1.3438500249807779,1.3434678967381732,1.3429084272117084,1.342006942352083,1.3408964481221939,1.3394819402628293,1.3377296394818252,1.335605766487018,1.3331631014224135,1.3302960839999998,1.3270216038658582,1.3234304428676804,1.319457153626898,1.3152178524603246,1.3105879782281051,1.305542196461118,1.2999559460195076,1.293913675133684,1.2874934984167765,1.280585633169252
Sheridan,Wyoming,44.781369,-106.881211,15.716590205354537,15.81062462997552,15.900014994514125,15.984511953462578,16.064333684140184,16.137859440746382,16.203904832119225,16.26452695869788,16.321377734471387,16.37252473175446,16.418092623300986,16.456959354325967,16.48962361584496,16.514339989303505,16.53188767941342,16.54357575009054,16.548687332999997,16.547970464665134,16.54108229501275,16.52892670150855,16.511472515964048,16.488937915698568,16.460980050638895,16.428128779989077,16.390321767372154,16.34808887199216,16.3003080390641
Sherman,Kansas,39.351352,-101.719859,6.592729773438731,6.620006082167334,6.647176528887994,6.673747892881881,6.699929492210157,6.725271413339061,6.749833805136742,6.773756212977308,6.7971926179632245,6.820025128312915,6.84218878324878,6.863442987298219,6.8837251856383554,6.903114774775147,6.9212773270016825,6.938417348469669,6.954570928499999,6.9698126516891765,6.984214696678983,6.997928638617152,7.01083899167684,7.022986657088388,7.034475090905014,7.045203243028224,7.055255321873432,7.06481899190926,7.073708994621812
Sherman,Nebraska,41.218743,-98.972849,2.7425570820787573,2.751068761427418,2.759544167175001,2.7676678767034333,2.775449352691259,2.782868092668302,2.7899083255036596,2.796622095929312,2.8030756426950565,2.809283159818705,2.815153174741017,2.8206793790096305,2.8258838522078107,2.8307082411512146,2.8351557000660237,2.8392293831784183,2.8430270715000003,2.846545610804588,2.8498780507645147,2.853024391379778,2.85607452809653,2.858970107730427,2.861791563049077,2.864332292237643,2.8666616882721017,2.868817601866621,2.8707353713844963
Sherman,Oregon,45.399216,-120.678512,2.365350639379743,2.388925790018979,2.413377169910163,2.438560623065674,2.4644548914596878,2.4910765829248795,2.518409089628573,2.5463946163130604,2.5751806405324964,2.6046994023295666,2.634897092326402,2.665838813227092,2.697422260782355,2.7296407918591212,2.7625727954276176,2.7960834158865224,2.830235763,2.865114868871348,2.900856917728505,2.9374924679835925,2.9750779862677073,3.013602843567937,3.0525043665132414,3.091688886927334,3.1311955992953266,3.1710710055487112,3.2112360524039527
Sherman,Texas,36.277628,-101.894716,1.8081440911949205,1.8381913387954425,1.8683893541143877,1.8986225593290678,1.928879654931678,1.959158381020657,1.9894307309588037,2.0199360121792678,2.050843152323731,2.0821302787735134,2.1137743082483857,2.1457604706774314,2.1780809371159577,2.210754351751842,2.243803232889924,2.277255587167405,2.3111445059999998,2.34561785151841,2.3808191274717547,2.4167842501527006,2.4535468759523518,2.4911487323388153,2.529392562190127,2.568271666512376,2.607824382921328,2.648106401848306,2.689100774031603
Shiawassee,Michigan,42.951545,-84.146352,108.09525124840637,108.61188925824696,109.1172909180774,109.60516770246593,110.07614739990741,110.53040025812926,110.96622379985725,111.37893621258712,111.76941001592196,112.13459139125106,112.47211815135636,112.77977707578133,113.05592953014951,113.2982878106236,113.50581979035609,113.6768761944875,113.810531301,113.91007301912947,113.97812954816807,114.01521163129806,114.02191513556551,113.99926154733484,113.96974484759232,113.93412051062842,113.89179266939709,113.84332526949545,113.79115498152231
Shoshone,Idaho,47.347694,-115.885092,7.2505544676684375,7.361463501229599,7.47450187941359,7.588748804545674,7.704272290090464,7.820826441214361,7.938170594888746,8.056215810429123,8.174161621675069,8.292400413999339,8.410435165929776,8.528077532487458,8.645500163236392,8.76256703124736,8.878911910172455,8.9947231449906,9.110314644,9.226068328963475,9.341738305047425,9.458046561337728,9.57470534856103,9.692583146342365,9.81165379565688,9.932074250653685,10.054399082659605,10.178502728355356,10.30468863242921
Sibley,Minnesota,44.575734,-94.230123,26.872498846637715,27.124811434606784,27.380232392050566,27.636691219909178,27.894533874987566,28.153734148436875,28.413725929121725,28.674483008193274,28.935523142832505,29.19576128669664,29.454919625987767,29.711457080392968,29.964996242488642,30.214273845759795,30.458933449861927,30.69785331606386,30.930472574999996,31.158112152652862,31.38101317043195,31.59887684746027,31.811986239305497,32.02085503940528,32.228628309622756,32.43542661066266,32.64167452587651,32.84835226621165,33.05528161149585
Sierra,California,39.576925,-120.521993,3.3755662484501503,3.4144962435704005,3.4533909936069307,3.4920174262319206,3.530411923467272,3.5686313322222096,3.6066648515839828,3.6448232446563535,3.6834772480323164,3.722541022878942,3.7619120552699283,3.801469545523173,3.841113253588741,3.880743602630642,3.9202796805480786,3.959690505775522,3.99887148,4.038124365564647,4.077666696642098,4.117472513143806,4.157476630613861,4.197687291854098,4.238012499616425,4.278405639435276,4.318900724711336,4.359546264807145,4.400411328717411
Sierra,New Mexico,33.119479,-107.188161,4.501059443389811,4.543229959273919,4.584017482878396,4.623218984248548,4.6606815937714225,4.696336042403657,4.729941082787317,4.7620030955152926,4.792846928515093,4.822288660533646,4.850192142071917,4.876394949166148,4.9009567965089005,4.923653156856158,4.9439800382027315,4.96240082656287,4.97863128,4.9928577083549,5.0054240682567,5.016086723759768,5.024836120513293,5.031760636262262,5.035353072166522,5.035558490708919,5.032188193460974,5.02549775930683,5.0153367072212465
Silver Bow,Montana,45.895959,-112.660222,19.761166727331016,19.916269447904295,20.070902548349224,20.225130067774206,20.37837565420355,20.528611402537532,20.676050776470873,20.81832432899233,20.95643533946702,21.088462634642596,21.215025259233702,21.33546147578675,21.448789351306093,21.55567062324532,21.655507593259248,21.747425060199596,21.8316791805,21.908077836835226,21.976855839269454,22.039443394557214,22.09532818983121,22.14444618598303,22.187629891422024,22.224110836847256,22.25595962009737,22.282343732763017,22.304778767076602
Simpson,Kentucky,36.740863,-86.581464,9.017068101293273,9.06581633113772,9.113467088884898,9.159367117334046,9.203651422973326,9.246339603518757,9.287394641062297,9.32713227658431,9.365815990489105,9.403312953812524,9.439634054174581,9.474816309483321,9.508835766974713,9.541707669316777,9.573571378045674,9.604409472969383,9.6343047,9.663507474397813,9.69233135961919,9.720678367084014,9.748616000036366,9.776346768208475,9.804264803444806,9.83237010574535,9.860749776070213,9.88947131766347,9.91861747643722
Simpson,Mississippi,31.902503,-89.917707,6.918978838966218,6.9487691925927315,6.977751631828893,7.005547223376576,7.032077320702202,7.057484917503182,7.081553140005115,7.10449409552582,7.126379280914001,7.146915559089973,7.166112462966899,7.184024806795449,7.200738386794068,7.216279418473946,7.23051920750742,7.243800938768264,7.256482096499999,7.268636560779616,7.280540786088771,7.292263886047875,7.30374866317797,7.315128578263296,7.326370266107797,7.337337882698935,7.348350780627584,7.359182553206184,7.369918996653179
Sioux,Iowa,43.082854,-96.177929,27.627623060137402,27.711595615570673,27.792026991216492,27.86657814463633,27.93439173756585,27.99547708889923,28.04900481705467,28.094844457513688,28.13362969508036,28.164698888268077,28.187511541214544,28.202514960840286,28.208833171092618,28.206717782114332,28.195535109101353,28.17574177786839,28.1476825875,28.111171160112633,28.06736303858431,28.016509833057796,27.958630181321475,27.893519067703426,27.826478942990633,27.757379342664628,27.6860525266302,27.613672675553712,27.538935144250328
Sioux,Nebraska,42.483806,-103.742605,0.5766204605704371,0.5784100344313876,0.5801919817963586,0.5818999853090056,0.583536034490019,0.5850958187112366,0.5865760221048409,0.587987587034629,0.5893444401454331,0.5906495657182885,0.5918837317198556,0.5930456118030075,0.5941398481826882,0.5951541721479741,0.5960892468724284,0.5969457355296148,0.5977441965,0.5984839666100205,0.5991846094797977,0.599846125109332,0.6004874139451812,0.6010962072764218,0.6016894160289215,0.6022236023342745,0.6027133560108772,0.6031666351414904,0.6035698446680635
Sioux,North Dakota,46.109282,-101.047525,4.941710324773525,4.944830666155197,4.948028821536412,4.95047218112206,4.952487563710222,4.953732587702909,4.953818183102408,4.953110075706565,4.9517016423148394,4.949639571326951,4.946316913546466,4.942223897170508,4.937010359201132,4.930551797239068,4.922723708885048,4.91372062913793,4.903153488,4.89108453667089,4.877848375348636,4.863203780634655,4.8475787295264325,4.830514119426666,4.811916573535904,4.791326989256842,4.769056622587654,4.745393385326646,4.719932644676196
Siskiyou,California,41.587986,-122.533287,54.56409863601835,55.19337975133236,55.82209115001723,56.446465351138336,57.06709044928058,57.68488534223291,58.29967543941543,58.91648404874097,59.541303915289696,60.172747503400345,60.80915773406014,61.44858194946767,62.08939982652174,62.73000176259542,63.369079859835765,64.00613331894786,64.63947136799999,65.27397182275514,65.91315099875229,66.55658926600113,67.20323295503704,67.85321530603942,68.50504923608649,69.15798124899135,69.812561151931,70.46957307101871,71.13013346706803
Skagit,Washington,48.493066,-121.816278,172.89366481657905,174.5717917298163,176.32487220245378,178.14682891886434,180.04146020131495,182.01352098656935,184.06284246030458,186.1924632803341,188.4073353334652,190.70745861969783,193.09179211737367,195.5604202336543,198.11052939648997,200.74206333443982,203.45144881100092,206.2401207479185,209.108501181,212.06953254167334,215.13376572512445,218.3023824316141,221.5846393131853,224.98447537070746,228.42778111639524,231.9149504503356,235.44958474475206,239.03247179981827,242.66499026583872
Skamania,Washington,46.024782,-121.953227,11.299242375270001,11.408914194357457,11.52348450660515,11.642556136891978,11.766377319668623,11.89525880769188,12.029189568319492,12.168368189112007,12.313118294242177,12.46343988371,12.61926492288825,12.780598928098057,12.947258021968535,13.119238526952273,13.296306918788249,13.478556974935614,13.666016276999999,13.859530660887453,14.059789666738771,14.266870523049725,14.481378186370508,14.703570085020349,14.92860288905028,15.156502341292232,15.387503804780916,15.621658765180191,15.859057322401783
Slope,North Dakota,46.445834,-103.462462,0.2918505653618467,0.29203484840081756,0.29222372702679517,0.29236802845880727,0.29248705416228216,0.29256058355439024,0.29256563870009766,0.2925238188583362,0.292440638733514,0.29231885567783494,0.29212262411264656,0.2918808962360913,0.29157299190663877,0.29119155818507814,0.29072924213219864,0.2901975327155171,0.28957345199999995,0.2888606764552524,0.2880789671054034,0.28721407763073226,0.28629128375977597,0.2852834715291948,0.2841851262345805,0.28296913391259326,0.2816538769112601,0.28025635890250616,0.27875268283389615
Smith,Kansas,39.78466,-98.78543,4.026965006601037,4.04362589587362,4.0602221226139665,4.0764524182059585,4.09244463811107,4.107923966567289,4.122927143649745,4.137539406332758,4.151854809208671,4.165801341730223,4.179339324616264,4.192321797566252,4.204710550902044,4.216554081522823,4.22764811461083,4.238117566421529,4.2479844810000005,4.257294416039412,4.26609145962993,4.2744681967608935,4.282354086488041,4.289774112062469,4.296791466413408,4.30334442621463,4.309484427571325,4.315326099517917,4.320756282622989
Smith,Mississippi,32.019034,-89.494973,3.099436794532217,3.112781728850001,3.1257647485490856,3.138216106064952,3.1501005707709964,3.161482198351949,3.1722638376859726,3.182540504705412,3.192344227252628,3.2015436911739363,3.210143166848315,3.218167208954913,3.2256542509045616,3.2326160362394636,3.238994914843364,3.2449446203596044,3.250625291999999,3.2560700252016552,3.261402660955041,3.266654159507776,3.2717988985859674,3.2768966634953602,3.2819325079095196,3.286845578927955,3.2917789342465533,3.2966311523644993,3.301440666692629
Smith,Tennessee,36.25565,-85.942078,7.232687908847108,7.297019367773868,7.361754496177265,7.426566688753471,7.49154401884285,7.556652235701927,7.6218326237704614,7.687360412237074,7.753379943520678,7.81976033085158,7.886433072742835,7.953532725686655,8.02090026837406,8.088645792480499,8.156731377539986,8.225324607547364,8.294392454999999,8.364106173615255,8.434648026278037,8.506151346239719,8.578674849060537,8.652135354363487,8.72624050758822,8.800903458635219,8.876087510279326,8.95186483373001,9.028292921306663
Smith,Texas,32.377093,-95.26963,196.79557526512627,200.0658707053369,203.35257546824627,206.64311024437663,209.936245212969,213.23173440987145,216.52652963648848,219.8466767396092,223.21056153958105,226.61580345479183,230.05989013711962,233.54121403514364,237.05892305876674,240.615046412241,244.21203495265064,247.85293687859132,251.54135380799997,255.29337882395188,259.1246306500865,263.03901835953064,267.0402050612596,271.1327323076476,275.29513094201576,279.5266718563428,283.8315276567752,288.21575960276823,292.6775229631834
Smyth,Virginia,36.842318,-81.539786,47.60144017538666,48.18718977967459,48.773743292707394,49.358503961634575,49.9422374138322,50.52516057705683,51.10719050834271,51.68934804419126,52.27227758764402,52.855781351628835,53.43854500915011,54.02052389861092,54.60044835461261,55.178337517839594,55.75331091680939,56.325579099050415,56.89501446,57.463945782927006,58.03383414007409,58.60420739455936,59.17521867185801,59.74639583508814,60.322849446984996,60.90424135545749,61.49131166696914,62.08494723323056,62.68586263979275
Snohomish,Washington,48.054913,-121.766412,1093.7663919000304,1104.3826213667905,1115.473024854398,1126.9991558206225,1138.9850433543588,1151.4607683150364,1164.4252627431495,1177.8977499098135,1191.9095566272167,1206.460682895359,1221.5445429639508,1237.1616708127456,1253.294267116636,1269.9419758891202,1287.0821919873124,1304.7239930670169,1322.8700490269998,1341.6022367627531,1360.9873037434277,1381.032725685568,1401.797062368776,1423.3052328482017,1445.0884029005288,1467.1490644312723,1489.5100005765696,1512.17619514745,1535.1563698132163
Snyder,Pennsylvania,40.755348,-77.072954,119.3662820128063,119.70413646734377,120.03397635494447,120.34983891487049,120.65312091659999,120.94548885061384,121.22501613832146,121.49370642145706,121.75231106567094,121.99828698722358,122.22924522866259,122.44310508511023,122.63749686489999,122.80953070014606,122.95840706073331,123.08211267203465,123.179212233,123.25227772604784,123.3031201350533,123.33129634694058,123.33695085510394,123.31976577407595,123.28688871042766,123.23780912083255,123.17221875271618,123.09039695997414,122.99454967509267
Socorro,New Mexico,33.991614,-106.939003,6.3767742660998135,6.4365183916462705,6.494303194128925,6.5498410354468755,6.602915341030029,6.653427975526317,6.701037157192309,6.746460289291435,6.790157592785142,6.831868501393787,6.8714001283908805,6.908522363295702,6.943319805549692,6.9754743612530286,7.004272011119942,7.0303692468160195,7.053363375,7.073518345929181,7.091321452386269,7.106427528650183,7.118823038810288,7.128633190039922,7.133722692437083,7.134013714515643,7.129238922040648,7.119760400621467,7.105364959665669
Solano,California,38.267226,-121.939594,540.0403644648422,546.268584326623,552.4911654995273,558.6708198796932,564.8133680491874,570.9279046674877,577.0127017492938,583.117476766421,589.301542056434,595.5511646835208,601.8499439450884,608.1785536897453,614.5209570012777,620.8612230678328,627.1864071574194,633.4915526806221,639.7599254639999,646.0398029916183,652.3659874937475,658.7343257425593,665.1343891951849,671.567496577249,678.018929698162,684.4812309371517,690.9598419321393,697.4625234592133,704.0003255296396
Somerset,Maine,45.507482,-69.97604,33.97198858092637,34.18291018481888,34.39266518691994,34.59762415943397,34.798072271687765,34.99250590359456,35.182999013894715,35.36641473999347,35.542001271847454,35.70807351798012,35.86307600933622,36.005945842061344,36.13740890171459,36.25513198471311,36.35818180962371,36.44565101949751,36.518913612000006,36.577839964709895,36.62105607996171,36.65040259613752,36.666164682564094,36.66764237816659,36.662276009925954,36.651050708243865,36.63313688962418,36.61091960661831,36.58196195770631
Somerset,Maryland,38.07445,-75.853323,136.551855841146,138.05741784487554,139.5627579929166,141.0634884727623,142.56308502353318,144.0626076224079,145.56124279852847,147.06002587844134,148.5611507684,150.0605008128503,151.55531514100147,153.04078687960168,154.5112956845412,155.96430254071765,157.3935954888519,158.7966355138417,160.170587793,161.51902666797568,162.846956217077,164.15400668082302,165.43963574530838,166.7056182560416,167.97362211860374,169.24401709247573,170.51963800034457,171.80509451040555,173.10292563776093
Somerset,New Jersey,40.565522,-74.61993,1281.486553213416,1290.5173780161272,1299.2495265647015,1307.605526016539,1315.635696827499,1323.3642400379372,1330.7961729367078,1338.052943427543,1345.2018422080155,1352.229883354032,1359.1214247297542,1365.8490188138023,1372.3827094403732,1378.7123144644374,1384.8061069123598,1390.643722494086,1396.228112556,1401.6280434688665,1406.9257102295016,1412.0893858642687,1417.1437141154806,1422.053721528478,1426.963581374156,1431.8688666329379,1436.7623465061806,1441.6348718200918,1446.519792788819
Somerset,Pennsylvania,39.981297,-79.028486,216.90222153432867,217.5161418182543,218.11549871506668,218.68945720478592,219.24055537771426,219.77182143814332,220.27975457186315,220.76799562565205,221.23790991705192,221.68487637130573,222.104553978793,222.4931618601671,222.84639401394975,223.15899921882615,223.42952463689906,223.65431191731918,223.8307529535,223.96352133241186,224.0559078194121,224.10710722723246,224.1173821169386,224.08615485418596,224.02641345969337,223.93723021769523,223.81804499791792,223.6693654184219,223.49519991147747
Somervell,Texas,32.217942,-97.769211,7.4012115649947505,7.524202889369945,7.647811345856819,7.77156384388582,7.895414131585623,8.019352958581964,8.143265686308057,8.268131863324465,8.394642955107498,8.522709431249094,8.652236805783545,8.783164620907622,8.9154608306819,9.049201750694067,9.184479554316267,9.321408880115285,9.460125179999999,9.601233692743747,9.745321817112364,9.892536567982555,10.043015709856776,10.196930044288413,10.353472145752333,10.512614593496256,10.674514313512171,10.839399261451616,11.007200059507595
Sonoma,California,38.532574,-122.945194,612.8741793733252,619.9423827668405,627.0041869964314,634.0172750103395,640.9882523971323,647.9274403889461,654.8328779516744,661.7609878209954,668.7790816324897,675.8715743256319,683.0198532784698,690.2019858727143,697.3997723356985,704.5951333091308,711.7733782392706,718.928882054604,726.0426536880001,733.1694816800485,740.3488619457232,747.576081122349,754.8393041970762,762.1400277485648,769.4615485828075,776.7954032894531,784.1477674057294,791.5274483830593,798.9469865184884
Southampton,Virginia,36.720173,-77.103856,20.01179239212074,20.258043333932328,20.504632241461877,20.750467431795034,20.995870777044136,21.24093347430768,21.485620654106828,21.730361479258033,21.975426858789177,22.22073364240458,22.465729282978053,22.710395004636382,22.9541970361266,23.197143424251525,23.438864016081965,23.679447326448805,23.918839709999997,24.158020194410575,24.397603018961558,24.637389695850377,24.87744459949946,25.117569242106228,25.35991212002051,25.604331073059384,25.85113724426476,26.100703468833423,26.353330160736906
Spalding,Georgia,33.262389,-84.286067,60.29336403112247,61.212463499472335,62.13106233910117,63.0453201105054,63.95584716924895,64.86129936150556,65.76121720612034,66.65452400844674,67.54214558872224,68.42292295716807,69.29601258867895,70.16056410022195,71.01716727357798,71.86534891173677,72.70543819522722,73.53890957850159,74.36567390849999,75.18774741596182,76.00754409143221,76.82439185799804,77.63715229966355,78.44524249257559,79.25039749243841,80.05081366427085,80.84566119882304,81.63485094303508,82.41746393459717
Spartanburg,South Carolina,34.933239,-81.991053,166.84061316410325,168.53004405788738,170.21112658619407,171.87916976270742,173.52892604341315,175.16234338025578,176.7748102951622,178.3683940024411,179.94567851997832,181.50145605788077,183.03513030432873,184.54407748731492,186.02706522907843,187.48846648296455,188.9244250992052,190.3337484541606,191.71731113849998,193.07896930199138,194.42369220979998,195.75120158307655,197.06149742182103,198.3551760378533,199.63959194361775,200.91279718716964,202.17666021221112,203.4314990517126,204.6768366562184
Spencer,Indiana,38.009789,-87.010645,33.087004713888014,33.24888082515483,33.408639517935285,33.56430169756377,33.71592056550978,33.8635706038306,34.00711880885251,34.1468205476291,34.28364408690539,34.417445782713735,34.54786386506147,34.67475468998095,34.79863431172637,34.91875258957769,35.03522124662088,35.14783811727182,35.256656402999994,35.36222407894135,35.46516360228909,35.56568245877429,35.66349336046163,35.758420742501706,35.85330556336619,35.94777009262158,36.04224526217087,36.13652358628296,36.23077530966033
Spencer,Kentucky,38.026976,-85.321525,8.830613472758058,8.878353688358263,8.925019125352025,8.969970034568835,9.013338630837268,9.055144106632437,9.095350209501348,9.134266151543075,9.17214996492306,9.20887156730996,9.244441621189955,9.278896379016038,9.312212383318627,9.344404561578362,9.375609393618287,9.405809819460522,9.435086874000001,9.46368579441874,9.491913660318591,9.519674509323973,9.547034448849173,9.574191801137047,9.601532548187132,9.629056689999429,9.656849526463336,9.684977164993137,9.713520640483772
Spink,South Dakota,44.931034,-98.339644,7.367802235952542,7.39789981970627,7.428093255637555,7.457356925446514,7.4855470508668045,7.51246234232555,7.53780565807232,7.561701605937938,7.584015992873821,7.604250387556662,7.622874465656499,7.63897763148652,7.652981634627983,7.664445555064115,7.673982846731299,7.681526413105243,7.686759942,7.689923063859469,7.691140386514475,7.690699466497701,7.6888495194708,7.685858931530938,7.682973780986393,7.68020365305492,7.677385599034666,7.6749797093779195,7.67260257537444
Spokane,Washington,47.620379,-117.404392,693.2042668116565,699.9325916333996,706.961437166784,714.2664368676225,721.8628198260319,729.769650606677,737.9862523611085,746.5248083614199,755.4051728288006,764.6273457632504,774.1871532659969,784.0849337612647,794.3094064415599,804.8603456907323,815.7234248832649,826.9043972309793,838.4049548549999,850.2769894697991,862.5628041034795,875.2671366951888,888.427101101582,902.0584904531512,915.8641682805032,929.8457138966872,944.0175667352956,958.3828854224269,972.9471975537527
Spotsylvania,Virginia,38.182311,-77.65628,193.8045624284645,196.18938409212433,198.5774787908427,200.95827410185112,203.33488720139584,205.70820128941327,208.07787867181008,210.4480755835813,212.82141564806741,215.19709359473828,217.56975827103776,219.93922784168484,222.3003329894045,224.65315164360285,226.99409905159675,229.32403243685394,231.64243227,233.9587799621172,236.27902412454233,238.6012424985901,240.9260585195096,243.25154992861596,245.59852387735256,247.96560361287754,250.35580240556212,252.7727309845584,255.21929871436254
St. Bernard,Louisiana,29.91811,-89.263494,8.034092976595524,8.065556100268484,8.09620098350219,8.125543797167342,8.153468920332303,8.179978131780638,8.204957589364277,8.228873334376884,8.251769836407545,8.27362397126994,8.294200939533669,8.313538095653568,8.331617651794,8.348565901587985,8.364514475019224,8.379772880427787,8.394364242,8.408921806684505,8.423707055665151,8.439111321325928,8.454903361803574,8.471275285722951,8.486953484052522,8.501907717471711,8.516148658681898,8.52981327401747,8.54284464240441
St. Charles,Louisiana,29.913833,-90.359314,8.854936738761412,8.889614451670575,8.923390324465638,8.955731095166087,8.986509329842757,9.015726989017638,9.043258599283545,9.069617817401124,9.094853656420048,9.118940629554489,9.141619947902136,9.162932782424724,9.182859527902378,9.201539381396188,9.219117421533204,9.235934779139198,9.252016940999999,9.268061852943045,9.28435771170045,9.301335832109391,9.318741346311537,9.3367859906815,9.35406603147647,9.370548139822654,9.386244078851984,9.401304808757466,9.415667592835517
St. Clair,Alabama,33.712963,-86.315663,34.72610117276669,34.83350631644184,34.941973277570035,35.04883981818927,35.15526008770506,35.260787815013934,35.365676912985094,35.469473416185735,35.573100644140226,35.67596613348711,35.778108355873194,35.87951192263977,35.98075390848958,36.0818650907401,36.182730054450786,36.28382584804257,36.3858295725,36.4893029138671,36.59529230093817,36.704590249638315,36.817050567709515,36.933488854064976,37.04885762863801,37.16342619295658,37.277379210925545,37.39073207120366,37.504031071176186
St. Clair,Illinois,38.470198,-89.928546,400.41353782341895,401.9620271532857,403.4685140028628,404.9071701702538,406.28302835656365,407.5987789994898,408.8482182662238,410.0569527932045,411.24248625157014,412.3907334086687,413.4997634797997,414.55587105880994,415.55943597219766,416.500772644252,417.38513534153486,418.2090106689357,418.971417408,419.68628253033836,420.37291388295677,421.0288109414071,421.65717057871774,422.2565051411033,422.8497624795133,423.44042433685036,424.02396444734103,424.6022186390612,425.1806943962389
St. Clair,Michigan,42.928804,-82.668914,248.9709841586679,250.1609335068422,251.32500266982746,252.44870756670815,253.5334941548006,254.57975455812291,255.58356753649488,256.5341496794211,257.4335106224938,258.27461664113997,259.05202701460945,259.76064413066814,260.3966937956426,260.95490684304065,261.4329060210032,261.8268926281056,262.13473449,262.36400450178417,262.5207560779864,262.6061655906607,262.62160547387015,262.56942847172274,262.5014439700991,262.41939201932905,262.32190018534965,262.2102673789705,262.0901058751994
St. Clair,Missouri,38.039069,-93.773077,11.359438971183566,11.42269490475586,11.486117270027082,11.548961087011545,11.611238243687742,11.672847692238467,11.73358931835905,11.79368304965165,11.853269560528464,11.911944659720653,11.969444830371582,12.025791867108484,12.08064101855501,12.13398237806241,12.185653476591252,12.235630538184544,12.284010647999999,12.331092986829743,12.377598758702474,12.423236708145067,12.46829016531165,12.512822532754196,12.557604547745145,12.602527237148282,12.647913557712727,12.693797192044215,12.740293057268206
St. Croix,Wisconsin,45.028959,-92.447284,182.33087830851719,183.5065494114372,184.68050251808484,185.83998480997684,186.98539274779148,188.1149752968665,189.22493304236883,190.3111361855668,191.3749393004445,192.40672821555455,193.4021418634364,194.35691829179908,195.26768758487748,196.13005563682125,196.93936403466103,197.6942912428027,198.3940113015,199.0403082838049,199.6383361785346,200.18888790704545,200.69292158264324,201.1500737830396,201.59321770613826,202.0175297470207,202.42700755085912,202.82356734426503,203.21133892597
St. Francis,Arkansas,35.014438,-90.742199,15.464112122608427,15.577456484261452,15.690144541335966,15.801435847640832,15.911627703540667,16.02033866705822,16.127361188882332,16.233531075698473,16.339184893957146,16.444709695076455,16.549460393359567,16.65394183848227,16.75746406922099,16.86044218419804,16.962887402295102,17.06469875357702,17.166117444,17.26756418162719,17.369083841985322,17.470867146063032,17.57317773757989,17.675376140279898,17.777271633174447,17.878314491061012,17.978482276176234,18.0778815678961,18.175755091706947
St. Francois,Missouri,37.810707,-90.473868,93.73181404179262,94.25376705528905,94.77709337120776,95.29564582632521,95.80952251367158,96.31788964249043,96.81909598010742,97.31495624758055,97.80663121243337,98.29078571164041,98.76524534969967,99.23018996383313,99.68277485616608,100.1229182825067,100.54927963810945,100.961662736914,101.360868672,101.7493661179599,102.13310605195689,102.50968519475201,102.88144143023078,103.24889792122073,103.61841436584413,103.98909157799112,104.36359441831446,104.74220081706626,105.12585900687147
St. Helena,Louisiana,30.821423,-90.70935,0.9734821516187804,0.9772945034821494,0.9810077100573484,0.9845631463044158,0.9879468025630675,0.9911588943665379,0.9941856275877778,0.9970834719343967,0.9998578157372735,1.0025058570643512,1.0049991455285896,1.0073422073279272,1.0095328871300124,1.011586487794541,1.013518958780914,1.0153678028720479,1.017135822,1.0188997459964841,1.0206912582470675,1.0225577760634843,1.0244712801251636,1.0264550480215027,1.028354757956133,1.030166745864056,1.0318923049446829,1.0335480312571208,1.0351270277378444
St. James,Louisiana,30.02482,-90.793956,3.969292725954707,3.984837274455043,3.9999775662666557,4.014474562651863,4.028271140382911,4.041368178278689,4.053709431930329,4.065525151886629,4.076837308619799,4.0876344774842925,4.097800654386819,4.10735429452404,4.1162866097070685,4.124659996076992,4.13253948623156,4.140077994657379,4.147286946,4.154479199783738,4.161783942385207,4.169394513959886,4.1771966680522645,4.185285317102304,4.193031226785816,4.200419457181696,4.207455281203275,4.21420636790497,4.220644595082349
St. John the Baptist,Louisiana,30.117471,-90.504677,7.609865916944312,7.639667682143817,7.668694412744055,7.696487827416772,7.7229384104033745,7.748047846561685,7.771708304990938,7.7943612184411455,7.816048708357927,7.83674887158956,7.856239306903209,7.874555396313195,7.891680291241267,7.9077336165929655,7.922840051847304,7.937292762265744,7.951113651,7.964902527435592,7.978907065672717,7.993497934432763,8.008456102198547,8.023963533615115,8.03881387048013,8.052978470210583,8.066467441953414,8.079410519761113,8.091753788183297
St. Joseph,Indiana,41.617699,-86.288159,431.00915186000117,433.1178373099785,435.1989401258121,437.22667955398066,439.2017486254929,441.1251175837608,442.9950538512629,444.8148839768407,446.5972211248513,448.3401941115713,450.0390903261419,451.69203858484,453.3057612884494,454.8704866997482,456.3876701838545,457.85467822293555,459.2722038479999,460.64738527843673,461.9883309770469,463.297743764764,464.5718812741416,465.80845650285124,467.0444773067537,468.2750231656882,469.5057076308243,470.7338278812284,471.96160161612835
St. Joseph,Michigan,41.911488,-85.52287,94.73552996551368,95.18831558835386,95.63125358550474,96.05883264372537,96.47160296179956,96.86971374617718,97.2516729323598,97.61337734297689,97.95559166108386,98.27563949598675,98.57145060819404,98.84108531385786,99.0831075008985,99.29551220764627,99.477394869999,99.6273100504739,99.74444643899999,99.83168558513975,99.89133086346257,99.92382989331794,99.92970489728033,99.90985111404873,99.88398244580804,99.8527609961794,99.81566454258837,99.77318733140007,99.7274648799278
St. Landry,Louisiana,30.583441,-91.989275,15.302215605208447,15.362142158642612,15.420510242233965,15.476398325988484,15.529586191341435,15.58007722627073,15.627654600189544,15.673205963312695,15.716816015088172,15.758440711803017,15.797632840371898,15.834463548331128,15.868898955901507,15.901179609515294,15.931556219538518,15.960618294129105,15.988409877,16.01613708829044,16.044297960754523,16.073637849534478,16.103716317500815,16.134899266268796,16.164760903648304,16.193243634014713,16.220367785235535,16.246394231610548,16.271214557846342
St. Lawrence,New York,44.488113,-75.074311,133.2890977790466,133.6443175606936,133.96846159689318,134.2567484699113,134.51196097874848,134.7366390347119,134.93224690360992,135.1066472070575,135.2674457996795,135.41145044322093,135.5389526029138,135.64721805729624,135.7347964198568,135.80023036443544,135.8434574341969,135.8627704756395,135.856941171,135.83264546202028,135.79664256622277,135.74691998557728,135.6823743159913,135.60197154985613,135.51807120093724,135.43245675886837,135.3453572320461,135.25515568239786,135.16650861398674
St. Louis,Minnesota,47.583852,-92.463645,391.57435681887176,395.25094603058375,398.97282904934974,402.70983546406296,406.4670064067059,410.2439599733403,414.032447038904,417.83208569945924,421.63584892254556,425.42792588512714,429.2042684054606,432.94242053198803,436.63688284800133,440.2692475836858,443.834320845484,447.31575714484694,450.7053837374999,454.02244858192154,457.2704651943416,460.44507986986633,463.5504171710268,466.5939624150092,469.62154407438055,472.634918907256,475.6402737574322,478.6518918321926,481.66717618475843
St. Louis,Missouri,38.640702,-90.445954,1377.0866795603931,1384.7550955575687,1392.4436878043134,1400.0621435644587,1407.6119039986888,1415.080719241192,1422.444329753796,1429.7293970091469,1436.9529747419992,1444.066063489113,1451.0367175220024,1457.8675789685872,1464.5168541690448,1470.9833421561382,1477.2473470671932,1483.3059865808418,1489.171030176,1494.8787470632042,1500.5165676572558,1506.0491835214084,1511.5109423186198,1516.909530239202,1522.338382534139,1527.784288563831,1533.2863998601815,1538.8487997117945,1544.48541933861
St. Lucie,Florida,27.380775,-80.443364,591.798126989849,603.0692969817144,614.6005022778814,626.3539947070237,638.3429310222857,650.5768860335479,663.0621625832854,675.841606223624,688.9532751017496,702.4034376183756,716.1869619509396,730.3076711350418,744.7712825032004,759.575144039729,774.7304493173295,790.2572434415788,806.1619670219999,822.48412475979,839.26074154927,856.5021499190876,874.2317702675111,892.4707153947439,910.9887765625143,929.7841627991904,948.8722695724567,968.2696633699122,987.9884332500749
St. Martin,Louisiana,30.121433,-91.611481,8.239173679603333,8.271439940548973,8.30286707440082,8.332958901659943,8.3615968500196,8.388782743669129,8.414399834491133,8.43892606009121,8.462407025202715,8.484819015364303,8.50592123758384,8.52575199983735,8.544293060231485,8.561673936208988,8.578029617780597,8.593677513890487,8.608641339,8.623570504512163,8.63873316625912,8.654530645894424,8.670725798804611,8.687515637437789,8.70359404223058,8.7189300019643,8.733534461774951,8.74754788424128,8.760911895304586
St. Mary,Louisiana,29.629349,-91.463804,9.007922428304068,9.04319926393739,9.077558678472153,9.11045819682399,9.141768183402885,9.171490632602534,9.199497903226613,9.226312526422564,9.251984362032701,9.276487482939023,9.29955862917411,9.321239683005514,9.3415107004963,9.360513283598648,9.378395017445795,9.395502926540244,9.411862938,9.428185055979595,9.444762456351837,9.46203390572907,9.479740132931278,9.498096532477247,9.515675118483133,9.53244198625616,9.548409102158484,9.563730034504438,9.578340962695851
St. Mary's,Maryland,38.222666,-76.534271,661.6548867003879,668.9500087685709,676.2440558466004,683.5157670181078,690.7819837954975,698.0478422428359,705.3094007295601,712.571675876387,719.8452981415005,727.1103204853864,734.353365252801,741.5511409904192,748.6764146143533,755.716883459513,762.6424478016013,769.4408049755285,776.098218996,782.6320091488219,789.0664224341224,795.3996672016459,801.6291156976841,807.7633678434643,813.907414343976,820.0630468494755,826.2440013452567,832.4726137378418,838.7611866923211
St. Tammany,Louisiana,30.410022,-89.951962,44.31236575354685,44.4859018886161,44.65492498534682,44.81676646454754,44.97078861427911,45.11700124549445,45.254776457207335,45.38668471908014,45.51297130493559,45.63350867238589,45.74700177564691,45.85365664472978,45.95337517010539,46.04685392943035,46.134818933219975,46.218977287280566,46.299456533999994,46.379749372614135,46.46129801320071,46.54626086539994,46.633362505333494,46.72366251591566,46.81013625486298,46.892616935976,46.97116342497219,47.04653116522557,47.11840620624306
Stafford,Kansas,38.03563,-98.719889,4.443971654980322,4.462357839005453,4.480672664461553,4.498583665288364,4.516231936838287,4.533314205192941,4.549871014993819,4.565996429809192,4.581794243921284,4.597184989832769,4.612124879330829,4.626451733849486,4.6401233869615846,4.6531933575938975,4.665436217539714,4.676989818580115,4.687878487499999,4.698152499654822,4.707860508614371,4.7171046868752216,4.725807188725699,4.733995584522019,4.741739611047555,4.748971153304595,4.755746973791233,4.762193571788928,4.768186069801882
Stafford,Virginia,38.418933,-77.459043,219.86103033491614,222.5664844355172,225.27565162135872,227.97653803773534,230.67267995630462,233.36507932070293,236.05335303483395,238.7422161275746,241.43464496090343,244.1297259979754,246.82138863911166,249.5094266017989,252.18797556887145,254.85712394712075,257.5128050241407,260.15599127463696,262.78609331999996,265.413867319855,268.0460616592822,270.6804956374258,273.3178765086174,275.9560235720016,278.6185414408929,281.30386826197594,284.01542243118644,286.757300129861,289.5328018782136
Stanislaus,California,37.562384,-121.002656,670.7317524470329,678.4672201961102,686.1956846766901,693.8708339519358,701.4998972022314,709.0941700219279,716.651506248098,724.2336551298584,731.914282768364,739.676332816146,747.4994355513921,755.359587836108,763.2368717722553,771.1115012437302,778.9673988545741,786.7984085058655,794.583746304,802.3833730289879,810.24051315521,818.1500083612468,826.0989063655761,834.0888450293788,842.1015443157975,850.1277418374652,858.1741961250013,866.250546085585,874.3705158663521
Stanley,South Dakota,44.415547,-100.749163,3.2148702292833566,3.2280030228742405,3.241177640648535,3.2539465638437486,3.266247056184764,3.277991286886421,3.2890496009801464,3.299476369904373,3.3092130398023287,3.318042124920277,3.326168563756929,3.333195026569886,3.339305539766154,3.344307712102044,3.348469218351385,3.3517607815857886,3.3540443819999997,3.3554245800525444,3.355955747181858,3.3557633559381697,3.3549561491983475,3.3536512346759415,3.352392326755287,3.3511836078547246,3.3499539768624573,3.3489041898588545,3.347866950110275
Stanly,North Carolina,35.310523,-80.254355,55.1366095257603,55.94946513424727,56.76913568630071,57.59195011326361,58.41902709455156,59.25052093077363,60.086090874751505,60.92645699599408,61.77406238747801,62.62897777031581,63.49122243208357,64.36116283672783,65.23980193820738,66.12778908491869,67.02626224385352,67.93403844367576,68.85207563399999,69.78067598685223,70.72139536670714,71.6738865971943,72.63654880949485,73.6088033763248,74.59159538891457,75.58324682814077,76.58421416663853,77.59502459815539,78.6144822929712
Stanton,Kansas,37.565932,-101.789383,2.318691122623694,2.3282843165024683,2.337840278262456,2.3471855400775006,2.3563937200006557,2.3653065815270833,2.3739452792697313,2.382358891930632,2.39060157531893,2.3986318663932478,2.4064269181716074,2.413902112202223,2.421035447687629,2.4278548487169163,2.4342426956421046,2.4402709141472094,2.4459521969999996,2.4513127759205275,2.4563780364443293,2.4612012881960266,2.4657419143187673,2.4700142999493506,2.4740548310220447,2.477827967787102,2.481363326702645,2.484726910161066,2.4878535619544913
Stanton,Nebraska,41.904793,-97.174724,3.204623561333865,3.214569289853238,3.224472633389111,3.233965026867579,3.243057527240857,3.2517261777791426,3.2599525502287405,3.2677974578268443,3.2753382992389763,3.2825916598934595,3.2894506559188637,3.295907916013709,3.3019892397331705,3.3076264425385733,3.312823210080658,3.317583228010163,3.3220207514999998,3.3261320948994295,3.3300259849052543,3.3337024215174735,3.3372664457821517,3.340649873160615,3.34394668774671,3.346915479417029,3.3496373324878297,3.352156474767982,3.3543973504173357
Stark,Illinois,41.096908,-89.797411,14.129708824883213,14.184351591130303,14.237512182674605,14.288279179352232,14.336830174062763,14.383260106406603,14.427350056834584,14.470003626955263,14.511838482639515,14.5523575871558,14.591492807379126,14.628760509815669,14.664174097703128,14.697391788480049,14.728598993601338,14.757671733118231,14.784575382,14.809801392295787,14.834031095255563,14.857176252897775,14.879349675806429,14.90049886796719,14.921433608324682,14.942276759891193,14.962868600750753,14.98327391321893,15.003687044242433
Stark,North Dakota,46.817031,-102.662026,35.18664522990385,35.20886311358729,35.231635059207974,35.2490326040374,35.263382808212,35.272247799207875,35.27285726733885,35.26781530370994,35.257786782645844,35.243104141308905,35.219445696588636,35.19030203868966,35.153179888894385,35.107192748103216,35.05145411721659,34.98734915107759,34.91210753999999,34.82617253353362,34.7319265980086,34.627652141419496,34.51639650442112,34.39489072158375,34.26246991858269,34.115865129988215,33.9572926035493,33.78880236843373,33.60751330256786
Stark,Ohio,40.814131,-81.365667,332.3025278332172,332.9923865695189,333.6546834503455,334.2693128274398,334.8411197848697,335.3698141978408,335.85371334254495,336.29447093031064,336.6925511608092,337.04142622616496,337.3363380797483,337.57313793699853,337.7497949243541,337.86332075643196,337.9142376578622,337.89999253045346,337.82299341,337.688259455446,337.5071925712144,337.28162054351037,337.01598228168956,336.71123519757344,336.3991189436777,336.07922734529,335.7548968375468,335.42853545624246,335.1094562072793
Starke,Indiana,41.28322,-86.64757,32.82648918420615,32.98709073945818,33.14559154803817,33.30002809798126,33.45045317186721,33.59694066530755,33.739358621853064,33.877960397886284,34.01370663635776,34.146454824302296,34.27584604017794,34.40173777101949,34.52464200785005,34.64381451629585,34.759366139774244,34.8710963044824,34.979057793,35.08379426589794,35.18592327935874,35.2856506854432,35.38269145822093,35.47687141517896,35.57100914607323,35.66472989458787,35.758461199618445,35.85199720910414,35.94550682729999
Starr,Texas,26.546335,-98.715803,54.83113916487884,55.74230814899284,56.658049094927065,57.57485715828831,58.49238968669171,59.410578149660346,60.32857325878324,61.2536319020674,62.1908767326658,63.13964447346209,64.09923513458446,65.06920082041562,66.04930412180323,67.04011041518223,68.0423025578052,69.05672983808309,70.084395738,71.12978410876292,72.19724663565903,73.2878724637686,74.402682207695,75.54294123374495,76.70266781028648,77.88165879340569,79.08107675369392,80.3026104779049,81.54574598746142
Ste. Genevieve,Missouri,37.89018,-90.18117,21.422267042430548,21.541558629316256,21.661164082433206,21.779678476746337,21.897124231272166,22.013310784370304,22.127860749262727,22.241188877754976,22.35356046154251,22.46421325406376,22.572650300452604,22.67891270223933,22.78235030794493,22.88294443505566,22.98038869034578,23.074638235782267,23.165876159999996,23.25466667491465,23.342369867528237,23.428436471936102,23.513400808031893,23.597382443903697,23.681834879122356,23.766552606036463,23.852144674594722,23.93867460534393,24.026359115443757
Stearns,Minnesota,45.555235,-94.610482,345.3326936033788,348.57510831630367,351.85746801572003,355.1531651642515,358.46664557827,361.79757245350476,365.13867081771116,368.48960386661867,371.8441744016485,375.1884387259984,378.51882671440023,381.8155342757436,385.0737114285319,388.277124206923,391.421192072837,394.49149980349284,397.48083978750003,400.4061869600959,403.27063992057,406.07035910023757,408.8089819852209,411.4931099392237,414.1631594747159,416.8206798913423,419.4711274182865,422.1270985352682,424.78630297324764
Steele,Minnesota,44.015261,-93.220453,73.92794282350788,74.62207070061679,75.32474989861747,76.03028434372875,76.73962578498744,77.45270212019379,78.16795594183299,78.8853151477052,79.60345305733487,80.31938463965182,81.03234561133856,81.7380963630491,82.43559862310688,83.12137706548334,83.79445110026175,84.45173475329227,85.09168503749999,85.71793590375295,86.33115069228893,86.93050743803067,87.51678484473555,88.09139611551893,88.66299351435227,89.23190871135446,89.79930976216166,90.36789328904496,90.93716899704597
Steele,North Dakota,47.458288,-97.718895,1.489973938952586,1.4909147523620687,1.4918790274525862,1.4926157242370686,1.493223381775862,1.4935987686724137,1.4936245765215517,1.4934110752241376,1.4929864187974136,1.4923646842499998,1.4913628704698272,1.4901287860474135,1.4885568534181028,1.4866095338922414,1.4842492887801724,1.4815347722844825,1.4783486759999998,1.4747097692715518,1.470718937327586,1.4663034489568965,1.4615923434051719,1.4564471967543102,1.4508398549870687,1.4446318941853447,1.4379171610732757,1.4307824638706892,1.4231058018362066
Stephens,Georgia,34.552914,-83.290216,28.010114752171873,28.437095100520835,28.8638428748851,29.28857394606698,29.711571863171077,30.132212180978225,30.550281441173695,30.96527945039312,31.37763631121096,31.786813598922905,32.19241944229445,32.594058784146114,32.99200561574755,33.386040106894036,33.776315182945375,34.16351582207568,34.547600607,34.929506205547135,35.310354070355636,35.6898319788159,36.06741106405863,36.442820520759135,36.816866393001426,37.18871077725154,37.557968174165005,37.92459716645685,38.28817083749765
Stephens,Oklahoma,34.481361,-97.855607,22.73592207003994,22.827650696055258,22.920059993853723,23.01185992834156,23.103069947283995,23.193184408784976,23.2823199994359,23.371760271742144,23.462257205959368,23.55310419995079,23.644398492542567,23.737255088941396,23.83074697900449,23.925282565801762,24.02082295380273,24.117795993842527,24.216940700999995,24.319060916238104,24.425284609940366,24.535734951286578,24.65063883087113,24.76993142280992,24.889690761114284,25.009450099418668,25.129092751131644,25.249098427795637,25.367995581841356
Stephens,Texas,32.731531,-98.840081,7.540889205576932,7.666201655061163,7.792142883339044,7.91823087154949,8.044418494943514,8.170696328571314,8.29694757037647,8.424170255221497,8.553068898103774,8.683552278973474,8.815524128700522,8.948922848505877,9.083715787670602,9.21998070203053,9.35781150447828,9.497324997070281,9.638659187999998,9.782430738268488,9.929238132187903,10.079231159138963,10.232550183552577,10.389369230394665,10.548865636190008,10.711011462694573,10.875966597449573,11.043963298146446,11.214930877661715
Stephenson,Illinois,42.349726,-89.665994,71.84084559804218,72.11867032760024,72.38895911389915,72.64707794812246,72.89392978051747,73.12999732033596,73.3541674968327,73.57103456629761,73.78373897833306,73.98975360803293,74.18873204052251,74.37821529808423,74.55827152790654,74.72716297668329,74.88583234718844,75.03364927792853,75.17043772199999,75.29869640964705,75.42188948961726,75.53956832625316,75.65230649172445,75.75983707620959,75.86627730567908,75.97225186269398,76.07694865992494,76.18069707544957,76.28448524350081
Sterling,Texas,31.835774,-101.054911,1.0484339972967245,1.0658565888163871,1.0833666014671741,1.1008970186218003,1.1184412883753627,1.1359981003468813,1.1535512151720617,1.1712393928368718,1.1891605843196007,1.2073021070043308,1.2256505762853334,1.2441974278869137,1.2629381222749618,1.2818834700925656,1.3010465283502102,1.3204435364121883,1.3400936819999998,1.3600827014692238,1.3804938040121197,1.401347815326413,1.4226642507288483,1.4444673054682433,1.4666426020047323,1.489186255994694,1.5121204971154758,1.5354776168983817,1.559247787486059
Steuben,Indiana,41.643437,-85.002467,53.68765333455387,53.950316837037384,54.20954457280094,54.46212522219671,54.70814511102169,54.94772509539166,55.18064936081415,55.407332271114704,55.62934495579841,55.84645433521342,56.05807339394024,56.26396905232702,56.46497867060448,56.65988505503518,56.84886948979277,57.03160393684871,57.208174721999995,57.37947100095554,57.54650278554007,57.70960674636183,57.868316724117086,58.022347843675824,58.17630990259696,58.329589987721924,58.48288733800629,58.63586528284181,58.78880006477884
Steuben,New York,42.266725,-77.385525,118.97194296334072,119.28900706164836,119.5783333938783,119.83565413492374,120.0634531713854,120.26399759178138,120.43859437883664,120.59426159618809,120.73778812092847,120.86632460683275,120.9801312115997,121.07676740824529,121.1549386025064,121.21334400588896,121.25192787031465,121.26916641497618,121.263963261,121.242277258535,121.21014158850124,121.16575992393062,121.10814738210635,121.0363810226207,120.96149277074936,120.88507454383978,120.8073307515124,120.72681813796201,120.64769303213866
Stevens,Kansas,37.202356,-101.315796,6.259571646851527,6.285469569960134,6.311266980709494,6.336495582880389,6.361354116819514,6.385415405000069,6.40873655671708,6.43145006553501,6.453702131249126,6.475380819641176,6.496424452672532,6.516604593163087,6.535861847446014,6.5542715997907495,6.571516322516945,6.5877901872276885,6.6031274595,6.617598954859707,6.6312732044608484,6.644294123726884,6.656552062811367,6.6680858560349145,6.6789937313849705,6.689179745245892,6.698723850630716,6.707804228539927,6.71624498234484
Stevens,Minnesota,45.593461,-95.992315,19.680489696452376,19.86527471834965,20.052336202654423,20.240157787392057,20.428992839373503,20.618822164143385,20.809231161465604,21.000200636884763,21.191377412421993,21.381966837624727,21.571765451266014,21.75964461936977,21.945327941778604,22.127890245743426,22.307070486671133,22.48204714187167,22.65240945,22.819124811607043,22.982369815682237,23.141925645434316,23.297999600981328,23.45096789364863,23.60313385808125,23.754585788773912,23.905634635903695,24.056998272101627,24.208546175071163
Stevens,Washington,48.390648,-117.854897,51.98002526561058,52.484549705193224,53.01160873512944,53.55937522647162,54.128991134812054,54.72188601937356,55.338009126574306,55.978274020888065,56.64416947404991,57.33569548605985,58.0525390764963,58.794725622150196,59.561409229990254,60.35257298215586,61.16714259449726,62.0055494724604,62.86792049999999,63.75814678505996,64.67940042650766,65.63203669941622,66.61883859185858,67.64099035407854,68.67621116363196,69.72461944554317,70.78729794289225,71.86448350572796,72.95659062163563
Stewart,Georgia,32.073225,-84.834912,6.3489848417567165,6.445767442734293,6.542497326730289,6.638770089502448,6.734650002439269,6.829995524055964,6.924758270273548,7.0188248634741015,7.112292793966025,7.205040018326212,7.296977712051448,7.388016328488094,7.4782179725733515,7.567532815927369,7.655995521770919,7.743761352447002,7.830820919999999,7.917386536657096,8.003712399370567,8.08972773739802,8.17531267376764,8.260405825692658,8.345189897232519,8.429474962823454,8.513173642263112,8.596276547595876,8.678686910663767
Stewart,Tennessee,36.511756,-87.851548,5.562358638418293,5.611833280597391,5.661618368136327,5.711462722516684,5.76143407727152,5.811506091582424,5.861633609760692,5.912028299097122,5.962801167326441,6.013851554892584,6.065126780158727,6.116730324911487,6.168539892493953,6.220640149822449,6.273001933848016,6.325754126432165,6.378871327500001,6.432485241143572,6.486736038146563,6.541726259552069,6.597501061048799,6.6539964720777505,6.710987654938926,6.768407816842781,6.826228735483878,6.884505914729582,6.9432835695250805
Stillwater,Montana,45.663496,-109.391752,5.897483074621608,5.943771620335033,5.98992001355662,6.035947365989801,6.081681672303685,6.126517728556244,6.170519240425584,6.212979074884706,6.2541966486207174,6.293598610530646,6.331369707081001,6.367312450669655,6.401133795177303,6.433031228206085,6.462826373857293,6.49025803885069,6.515402669999999,6.5382029321949275,6.558728901681392,6.57740740650272,6.59408555303145,6.60874422956415,6.621631888245439,6.632519188634133,6.642024075807878,6.649898097622051,6.656593564391225
Stoddard,Missouri,36.855428,-89.941735,40.40298623083972,40.62797345244667,40.85355263441866,41.07707404940737,41.29857998029597,41.51771102257711,41.73375541438328,41.94749538905404,42.1594312940408,42.368125511314126,42.57264077029599,42.773054589605636,42.96814076562973,43.157864062632235,43.341646614542505,43.51940385559411,43.691481096,43.85894245498785,44.02435309413957,44.18667708281634,44.34692216306817,44.50531384360559,44.664593464690604,44.824373433227045,44.985802434209006,45.14900026913896,45.314375672554675
Stokes,North Carolina,36.404195,-80.239271,37.928812548370345,38.48798091705267,39.05183732729729,39.617856428413575,40.18680776684664,40.758797486933766,41.333591186596806,41.911684206076345,42.49475716404562,43.08285870999257,43.676002111959335,44.274439462746905,44.8788607005475,45.489712516113684,46.107777723932806,46.732242550752524,47.36376597599999,48.002555865668995,48.64968250849359,49.30490707971493,49.96712833183394,50.63594822358592,51.31201688903656,51.994180008518185,52.68275159236183,53.378094300386486,54.079385513978394
Stone,Arkansas,35.856989,-92.140494,6.635975903457301,6.6846143540038785,6.732971170446037,6.780728611742884,6.8280142557366,6.87466441764854,6.920590033702098,6.9661497661328164,7.011488042686552,7.056770955271044,7.101721684040062,7.146556870612397,7.190980438109037,7.235170514083208,7.279131912793103,7.322821305914968,7.366342199999999,7.409875129730519,7.4534393521393065,7.497116709615684,7.541020337227238,7.58487582225684,7.628601322315166,7.671960938750657,7.714945043046919,7.7575993706568065,7.799598959152139
Stone,Mississippi,30.790184,-89.112297,5.499268632763459,5.522946282467283,5.545981794311138,5.568073988590794,5.589160356311032,5.609354550190431,5.628484196939144,5.646717881423065,5.664112430001482,5.68043485460131,5.695692732070454,5.70992962928437,5.723213737874205,5.735565894171693,5.7468838107301226,5.7574402540740754,5.767519356,5.777179837079159,5.786641425900807,5.795959054612255,5.805087262126075,5.814132124312935,5.82306712220517,5.831784285720128,5.84053743926264,5.84914663269495,5.857680057648209
Stone,Missouri,36.747857,-93.467782,37.83392488251816,38.04460608299107,38.25584160348024,38.46515020200808,38.67257147286144,38.87776886460187,39.08007587340028,39.280224993563884,39.4786847574874,39.674108959417005,39.86561992599359,40.053290246743096,40.23597168734611,40.413631252563526,40.58572782047472,40.752182202505935,40.913317752000005,41.07013092517665,41.22502377543975,41.377026242760834,41.52708199097713,41.67540218961864,41.824553868284575,41.974174079345225,42.12533846759408,42.278159216843946,42.433019071868
Stonewall,Texas,33.17958,-100.253807,1.2145141187206574,1.2346965846077724,1.2549803198149396,1.2752876917584788,1.2956111106606558,1.3159490585659241,1.3362827236680423,1.3567728466168798,1.377532894589562,1.3985481759449032,1.4198031858512472,1.441288003384841,1.4629973699139684,1.4849438085718918,1.5071424447013808,1.529612090108676,1.5523749719999997,1.575530408038272,1.599174788400717,1.6233322377379893,1.6480253627451968,1.6732821913872582,1.6989702278300147,1.7250849724195236,1.7516521761873827,1.7787092458952822,1.8062447968766207
Storey,Nevada,39.438385,-119.524646,0.36358584744926187,0.3738130428496064,0.3842322236432412,0.39481430595022243,0.4055673951141409,0.41650150361825605,0.42760153327352596,0.43888242334068667,0.45036324521642285,0.46205560066705076,0.4739509075640624,0.48603295522027595,0.4982831490239241,0.510694496129556,0.5232352108760306,0.535896393278229,0.548665488,0.5615321647014732,0.5745216929832554,0.5876081675315169,0.6007694973117649,0.6139874055688436,0.6272459994721822,0.6405387629612473,0.6538499621337739,0.6671886559031875,0.680547215710814
Story,Iowa,42.037538,-93.466093,78.5313682894319,78.77005982154745,78.99868556937666,79.2105968175094,79.40335658659218,79.57699136553096,79.72914364169026,79.85944257038594,79.96968939722697,80.0580034098863,80.12284825181494,80.16549539050166,80.18345486878088,80.17744188711512,80.14565519989523,80.08939276351597,80.0096346675,79.90585113372698,79.78132678654296,79.63677682641041,79.47225423114133,79.2871762448034,79.09661505492002,78.90019981680699,78.69745373015596,78.49171439712505,78.27927337087198
Strafford,New Hampshire,43.293177,-71.035927,145.03076531624285,146.60167958031917,148.17894930702963,149.75242805602855,151.3286942886389,152.90863999961635,154.4890317079717,156.08068485011728,157.67200349422953,159.26220714489722,160.84337934866372,162.41875358651842,163.98587687288318,165.53170378445637,167.05790681140476,168.54999103894897,170.0087369625,171.44161503813666,172.84416529208062,174.2143807361316,175.56028932309064,176.87676208311257,178.19880981035746,179.52409101859163,180.86152565537176,182.21111372069794,183.58043716999325
Stutsman,North Dakota,46.971103,-98.957592,23.48848459874592,23.503315919416178,23.51851709845726,23.530130651301302,23.53970998310578,23.545627717039046,23.54603456124696,23.542668850072413,23.535974413560403,23.52617316673343,23.510380214299012,23.49092566399339,23.466145153147828,23.435446908368995,23.398239156263564,23.35544654275861,23.305219775999998,23.247854742684368,23.184941833806302,23.115334488416224,23.0410669275537,22.95995698683083,22.87156083620263,22.773696311281192,22.66784284554984,22.555368914980644,22.434351256045293
Sublette,Wyoming,42.767928,-109.91617,5.08929482523815,5.119744744995857,5.148690840410209,5.176052369234586,5.20189998093478,5.225708850907744,5.247095453482016,5.26672591219224,5.285135144422288,5.301697397760835,5.316453043331193,5.329038741023555,5.3396159753311725,5.3476195505276785,5.353301786133773,5.3570865789442275,5.358741794999999,5.35850966104096,5.356279156477997,5.352342971955126,5.3466910146915145,5.339393934152959,5.3303407097503515,5.319702918757769,5.3074603756135526,5.293784657591779,5.2783124245826425
Suffolk,Massachusetts,42.33196,-71.020173,1426.9330512210063,1433.586089750583,1439.9666556414743,1445.98744329436,1451.6996925194203,1457.1260543915425,1462.3008353930784,1467.308702163168,1472.2092512192312,1477.0051215214494,1481.7020308168815,1486.3019583256623,1490.7978668206435,1495.1943744821415,1499.4873029565363,1503.6348687076295,1507.6260760679997,1511.4925925598195,1515.2775211993774,1518.966787532375,1522.5166288024782,1525.8986761877409,1529.2376205567145,1532.5303831225215,1535.7760842317675,1538.9325005215574,1542.0343783009405
Suffolk,New York,40.943554,-72.692218,1841.2484119752187,1846.155398891312,1850.6331071348854,1854.6154864590956,1858.140978299333,1861.244668853486,1863.946785410501,1866.3559418015445,1868.5772048924227,1870.5664772759546,1872.3277852371436,1873.8233583880995,1875.033161167733,1875.9370621510263,1876.5341985626217,1876.8009878760704,1876.7204621759995,1876.3848425617766,1875.8875004999115,1875.2006354510943,1874.3090050506687,1873.1983255732648,1872.0393306758192,1870.8566573879953,1869.6534692194389,1868.4074298747737,1867.1828640501276
Sullivan,Indiana,39.089225,-87.415843,31.71546707232765,31.870633021046004,32.02376932347686,32.17297892329117,32.31831281662685,32.459842398076894,32.597440177296626,32.73135093574785,32.86250280313992,32.990758089900574,33.11577002229227,33.237400910742714,33.35614541778931,33.47128449788799,33.582925242928326,33.69087386758637,33.795181367999994,33.89637300438934,33.99504543156755,34.09139753447235,34.18515393395923,34.27614634277315,34.3670979546768,34.4576466970912,34.54820563873319,34.63857589466502,34.728920652527925
Sullivan,Missouri,40.209587,-93.109783,8.806484590563084,8.855524195923808,8.904692828624327,8.953412937715084,9.00169373943463,9.049456895755238,9.096547266661199,9.143135352565814,9.189330212292004,9.234818493728845,9.279395903588318,9.323079338307782,9.365601526969092,9.406954789373446,9.447013170260568,9.48575823715335,9.523265255999998,9.559766168804199,9.595820094038395,9.631201233857944,9.66612924194845,9.700653271582215,9.735370842225677,9.770197471692056,9.805383534462154,9.840955143211877,9.877001388247274
Sullivan,New Hampshire,43.361188,-72.222084,48.616388133383346,49.14298107675004,49.67170446214752,50.19915705756173,50.72754405737539,51.25716447099638,51.78693438932128,52.32047930142003,52.85391208499086,53.38697110680188,53.91700265835864,54.44509064876448,54.97041280214789,55.48859610591932,56.00020120271848,56.50036918966809,56.989361699999996,57.469682937504814,57.93983785514337,58.39915368174803,58.85032150198932,59.29162201177214,59.73479133035393,60.17904455803911,60.62737178890599,61.07977302295456,61.53878984015141
Sullivan,New York,41.720176,-74.76468,95.7392752924237,95.99442357559977,96.22725068324179,96.43432220491137,96.61763697745292,96.77901937564208,96.91952115652167,97.04478990648745,97.16028878060534,97.26372484882945,97.3553074656422,97.43307268661295,97.49597872395998,97.542978805271,97.57402806887121,97.58790029564908,97.58371320599998,97.56626201449825,97.54040175128459,97.50468687350397,97.45832482490138,97.40057289552718,97.34030871236351,97.27881332545778,97.21625122761763,97.15146099992852,97.08778732947916
Sullivan,Pennsylvania,41.43979,-76.511525,16.799935331166118,16.84748588641394,16.89390844970309,16.938363805862412,16.981048540028933,17.02219719860751,17.06153862968501,17.0993548312511,17.135751552551902,17.170370873062065,17.202876564409305,17.232975782527422,17.26033501056326,17.28454752064711,17.30550078473501,17.32291144907774,17.3365775055,17.346860941805836,17.354016640793606,17.35798223752328,17.358778068388347,17.356359393323135,17.3517321859254,17.34482459093816,17.335593224055298,17.32407740230424,17.310587594625517
Sullivan,Tennessee,36.510212,-82.299397,63.52828220931195,64.09333729383133,64.66193800741065,65.2312156138105,65.80194370482579,66.37382143920293,66.94633308907868,67.52189612881206,68.1017783894003,68.6848302274815,69.27044996054853,69.85981946495474,70.45154197773705,71.04658448863916,71.644613923416,72.24710225534399,72.8537593875,73.46608952615193,74.08569357654198,74.713742670693,75.35075253646822,75.99599255939471,76.64689484448661,77.30269654427954,77.96307532885892,78.62866511372339,79.29997088240569
Sully,South Dakota,44.722325,-100.131399,1.1279697234194446,1.1325774968279954,1.1371999446741536,1.141680050475525,1.1459958025756993,1.1501163846557028,1.1539963059589542,1.1576546432543418,1.1610708523292166,1.164168626108023,1.167019869335034,1.169485174852985,1.1716291101873457,1.1733841729251253,1.1748442794670066,1.1759991577066657,1.176800382,1.1772846384410258,1.1774710037986327,1.1774035013856414,1.1771202847398292,1.1766624422864955,1.1762207417145292,1.1757966504676913,1.1753652220020496,1.1749968936181179,1.174632967565468
Summers,West Virginia,37.656003,-80.856315,2.785467264148361,2.79183870033163,2.797255418782787,2.8015424390814787,2.8046383645889836,2.8066521743390314,2.80757772866775,2.807513262197093,2.8064787288346444,2.8045217109754135,2.80161918487988,2.7977803600438516,2.7928824431898867,2.787134182889635,2.7804342746892092,2.7728947674542748,2.7645555689999997,2.755261652813613,2.7452939085172634,2.734666150354664,2.7233937274854947,2.7113292879768247,2.698589485442223,2.6849732458898807,2.6706831782275753,2.6556517461527145,2.639992533446932
Summit,Colorado,39.621023,-106.137555,40.518963307916266,40.90028320467901,41.281762523519646,41.660823940845525,42.03896425283245,42.41566090933621,42.79202100811996,43.170001898029,43.55194176953911,43.937734341265035,44.32788444978679,44.72225924337277,45.12092071949773,45.52300977029748,45.92945635789302,46.33964050753702,46.753774781999994,47.17278914340301,47.59867636771974,48.03102904297338,48.469457470751266,48.91426278164498,49.36998850487458,49.83578438935791,50.31254497008766,50.8016076211617,51.30164382526424
Summit,Ohio,41.121851,-81.534936,498.76790261811124,499.80334281548653,500.7974141766475,501.7199392242291,502.5781901641765,503.37173153505597,504.09803766055103,504.75959067083477,505.3570873042013,505.880729678389,506.32337622588335,506.67879984818035,506.9439523152431,507.1143483743032,507.19077185594153,507.16939069954003,507.053819235,506.8515909451265,506.57981946426946,506.24124819946195,505.84253971064163,505.3851310205403,504.9166616100195,504.43652183307177,503.94971949618645,503.4598689292644,502.9809484443316
Summit,Utah,40.87206,-110.968486,24.72808816381916,25.084278995788583,25.44596804068778,25.81062404577172,26.177655693800798,26.547643928027956,26.920630244399835,27.297932139222258,27.681105710494215,28.07084601532192,28.467298289518613,28.87121983411047,29.282838876804014,29.70267411693224,30.13154509944128,30.57048922299713,31.019195267999997,31.480578324701334,31.955260832300716,32.44305605903828,32.94580020055283,33.463161289271255,33.98858296562446,34.52071661134665,35.060226161584076,35.60598085179079,36.15715076303399
Sumner,Kansas,37.236663,-97.493349,32.66626610990441,32.80141728249065,32.93604392022695,33.067702167562445,33.197429172950415,33.32299566327862,33.4446996697118,33.56323262455215,33.679357487581385,33.79249011771665,33.9023086413,34.00762093367249,34.108117042422776,34.20419036868833,34.29418385919318,34.379110819897456,34.45915006949999,34.53467116664508,34.606031748730395,34.6739828542911,34.737952263490854,34.79814263752173,34.855066589987054,34.90822342853006,34.958030396781375,35.00541735197502,35.04946635812358
Sumner,Tennessee,36.470015,-86.458517,67.24430008657427,67.84240745462296,68.44426784945296,69.04684473121394,69.65095694211271,70.25628604351331,70.86228614061118,71.47151611530268,72.0853179589823,72.70247478114827,73.32234970452856,73.94619373805033,74.57252841661786,75.20237729298972,75.83538781010462,76.47311804271722,77.115260925,77.76340865013286,78.41925576657162,79.08404191043499,79.75831297652749,80.44129561387601,81.1302717212662,81.82443382929965,82.5234407537235,83.22796349023511,83.93853656083049
Sumter,Alabama,32.597481,-88.200057,5.587033443481144,5.6043137055736105,5.6217648019786175,5.638958408985013,5.656080216062947,5.673058423283964,5.689933882331497,5.706633555347283,5.723305993907447,5.739855877417311,5.756289395525879,5.7726040723735474,5.788892752695395,5.805160388210624,5.821388409972223,5.83765356962785,5.854064805,5.870712484964143,5.887764967973221,5.90534976079674,5.9234433427684765,5.942176934447343,5.960738453883867,5.979171228621085,5.997504968974222,6.015742150802877,6.033970667122927
Sumter,Florida,28.714294,-82.074715,243.79507277586768,248.43830428187607,253.1886590163052,258.03058637540016,262.96950636886396,268.00936340166345,273.15275397059355,278.4173285784562,283.81876552557003,289.35964712022275,295.03785927486024,300.85497691376764,306.8133553291197,312.91190200587147,319.15522820882256,325.55159164909105,332.10364557749995,338.827664211665,345.73890019669255,352.84161008470517,360.1454420605143,367.6590936789572,375.2877289587408,383.03061009749695,390.89407935788864,398.88496141181906,407.00823642527183
Sumter,Georgia,32.042203,-84.204283,28.74636751243583,29.184571144331898,29.622536088978826,30.058431320903857,30.492547842369603,30.92424479446062,31.35330310805782,31.779209442091172,32.202405204487135,32.62233781791554,33.03860511071005,33.45080164151597,33.85920860353091,34.2636003882591,34.664133940741095,35.06151224397089,35.455692791999994,35.847636873201644,36.238495417873004,36.62794799655634,37.0154518409865,37.40072902765423,37.784606787710615,38.16622519312113,38.54518861159612,38.92145453718711,39.294584831655946
Sumter,South Carolina,33.916046,-80.382472,60.12502370307053,60.73385071831029,61.339669199460566,61.94078863689015,62.53531795202851,63.12395913616317,63.70505033236854,64.27933651099057,64.84774888496172,65.4084107020643,65.96110706700617,66.50489244050206,67.03932270561499,67.5659737611537,68.08345595089592,68.59133948425743,69.08993954099998,69.5806457773459,70.06524898739605,70.54364888668069,71.01584547519994,71.48205364824585,71.94492378108772,72.40375388243802,72.85921729087868,73.31142861723212,73.76021594526469
Sunflower,Mississippi,33.605529,-90.59509,6.680241242602386,6.709003687691357,6.73698609526952,6.763822607035337,6.789437290133773,6.813968204301258,6.837205958937542,6.859355342651659,6.8804853853118235,6.900313064458358,6.918847584073694,6.936141867056793,6.952278749249511,6.967283541603526,6.9810319903560565,6.993855438874524,7.006099036499998,7.0178341140963,7.029327587153855,7.040646184545267,7.051734682375969,7.062721936399957,7.073575732678733,7.084164914462689,7.094797815163181,7.105255840197532,7.115621825407598
Surry,North Carolina,36.415416,-80.686463,67.58107489139388,68.577393965518,69.5820661323605,70.59059175424005,71.60434199920671,72.623505993888,73.647666083648,74.67770485941551,75.71661682612725,76.76448866682091,77.82134402232491,78.88763206837977,79.96458212806478,81.05299010927108,82.15425082087708,83.26691429207129,84.39215468399999,85.5303423696422,86.68338437582608,87.85085516763954,89.03079255632139,90.22248731701819,91.4270978503239,92.64256740416351,93.86945547814366,95.10840825490855,96.35796000309445
Surry,Virginia,37.119761,-76.880172,9.420707243078306,9.536631793247672,9.652715443412912,9.768444275333382,9.883969812814678,9.999334987601719,10.114523384615564,10.229737035597008,10.345103473082428,10.460583553422046,10.575917160749587,10.691095456176392,10.80586716272485,10.920236068490098,11.034027921095705,11.147284389588204,11.25998022,11.372576297239778,11.485361779236555,11.598243226310204,11.71125094322185,11.824291490291378,11.938376288921134,12.053438416096984,12.169624344831002,12.287109590197998,12.406035574416538
Susquehanna,Pennsylvania,41.819665,-75.800969,116.33759396484608,116.66687601743598,116.98834685719103,117.29619501687006,117.59178182563292,117.87673148999457,118.14916631456195,118.41103910254388,118.66308215514354,118.90281691444218,119.1279150381526,119.3363486152503,119.52580808040196,119.69347689051808,119.83857580201057,119.95914262319381,120.053778471,120.12499006877873,120.17454245019944,120.20200374532178,120.20751478130018,120.19076573839483,120.1587228665136,120.11088857637746,120.04696243672348,119.96721671338364,119.8738013675829
Sussex,Delaware,38.677511,-75.335495,401.3118946954086,406.1088785697909,410.86411999621225,415.56548454212606,420.19355711545757,424.761928280659,429.23953389041066,433.6467597913912,437.93846589452653,442.12484512315626,446.2068682318838,450.13890975433355,453.93601638686334,457.5899367153414,461.07785800657996,464.36337696293873,467.51978555700003,470.50631209540677,473.3447985567431,476.0158298489343,478.512610689754,480.8603806988997,483.1280634532369,485.32827876261405,487.4634535135406,489.52582166918666,491.5212077571747
Sussex,New Jersey,41.137424,-74.691855,630.0771666618172,634.5174134127823,638.8108079884485,642.919258791962,646.8675072224219,650.6674523691311,654.3215611164571,657.8895465771825,661.4044940240029,664.8600185797314,668.2484293695748,671.5562310849333,674.7686949750235,677.8808147156876,680.876990891071,683.747210852858,686.4929257095,689.1479462879188,691.7526859584906,694.2915453053611,696.7766410841008,699.1907776595588,701.604841679594,704.0166564815294,706.4226668496585,708.8183743477813,711.2201765014007
Sussex,Virginia,36.926645,-77.259732,20.56586234760311,20.818931281811068,21.072347539052224,21.324989210798684,21.577187080891594,21.82903487141928,22.080496747465624,22.332013754152147,22.583864301211847,22.83596293615241,23.087741813379857,23.339181637170118,23.589733857653282,23.83940674442537,24.087819896069057,24.335064278140663,24.58108476,24.82688747583057,25.073103671462583,25.319529363527334,25.56623070879305,25.813003723891004,26.062056390960926,26.313242613806306,26.56688215014025,26.823358157912104,27.08297936870694
Sutter,California,39.035257,-121.702758,116.84482748355724,118.19238467217703,119.53872185638161,120.87577126503842,122.20479225754369,123.5277525829542,124.84427836894916,126.16512664370542,127.50313041065473,128.85531836872138,130.21814201043975,131.58741986906418,132.95968214709137,134.33148200409022,135.70001867723664,137.0642197432947,138.420464544,139.77919854726207,141.14795167280474,142.5258253152254,143.9105631222723,145.30245041755873,146.6983027271945,148.09650649695303,149.4982390966867,150.9051796722572,152.31971903876845
Sutton,Texas,30.517865,-100.505395,3.2934965617761454,3.3482269934630122,3.40323204538876,3.458301194971976,3.5134138603960423,3.5685659252976363,3.623706376174137,3.6792711064989296,3.7355678144304605,3.792556659452273,3.8501955958532768,3.908457720258891,3.9673287724104607,4.026842712305404,4.0870405565639825,4.147973318688816,4.2097012739999995,4.272493750269284,4.336612136567723,4.402121853669569,4.469084205985748,4.537575199224774,4.607235533673679,4.678053007255469,4.7500974511336675,4.823470304261611,4.898140693914372
Suwannee,Florida,30.189244,-82.992754,84.36408416103478,85.97085155420599,87.6146884129541,89.29021352744172,90.99930246533117,92.74332016853378,94.52316514197675,96.34494525522004,98.21408590686795,100.13148069198473,102.09639804098481,104.10938294866014,106.17125045226707,108.28162249235541,110.44209477439694,112.65552483865207,114.92283082949999,117.24964435979061,119.64124353223843,122.09910130574067,124.6265563871307,127.22661852242157,129.866470187386,132.5458560691485,135.2669708764657,138.03217625343595,140.8431955619689
Swain,North Carolina,35.568849,-83.465614,14.758133392280994,14.975706282632723,15.195103293964694,15.415341810163953,15.636721262410287,15.859282951556072,16.0829356715523,16.307872159710087,16.534746346192158,16.763577160555858,16.994369765407733,17.22722225027219,17.46240307068972,17.700086034414095,17.94057573523165,18.1835555332741,18.429281837999998,18.677835530245254,18.929633060271396,19.184581501160565,19.442252356569295,19.70249074830114,19.96554964407695,20.230979897127064,20.498903689139777,20.769462131360733,21.04233514218397
Sweet Grass,Montana,45.81306,-109.941312,2.09170964020936,2.108127185808887,2.1244950223520997,2.1408199283466756,2.1570408972235,2.172943276239393,2.1885496604199517,2.203609244981037,2.218228226542962,2.2322032498753432,2.2455998405524142,2.2583479539948215,2.2703436530848156,2.2816569824017487,2.2922246758739466,2.301954093896458,2.3108723505,2.318959110161534,2.326239227409219,2.332864088914561,2.338779466616125,2.3439785820062315,2.3485495556847127,2.352411045559416,2.355782223378642,2.358574968542559,2.3609497057329114
Sweetwater,Wyoming,41.660339,-108.875676,22.49783647427013,22.63244398648701,22.760403663330898,22.881358574043517,22.99562103303835,23.100870990386582,23.19541302498637,23.282191815593542,23.363572028481702,23.43678745027418,23.502016546350106,23.557653128297222,23.60441105763209,23.63979181904673,23.664910821160785,23.681641950455226,23.688959030999996,23.687932855069935,23.678072642872415,23.660672268406195,23.635687115326494,23.603429498046808,23.563408636774508,23.516383009370934,23.462263383146514,23.4018082359626,23.333411379406922
Swift,Minnesota,45.27545,-95.690398,18.858827281212026,19.035897509944384,19.215149158550812,19.395129173320925,19.576080342975946,19.75798427443095,19.94044367705119,20.123440157751716,20.306635283769616,20.489267581388297,20.671142083907394,20.85117727793233,21.029108303039955,21.204048612536084,21.375748060465508,21.54341942279273,21.706669087500003,21.86642406606838,22.022853574879324,22.1757479327645,22.32530578504128,22.471887636174518,22.6177006563572,22.762829453780043,22.907571996419122,23.052616185651253,23.19783694849881
Swisher,Texas,34.53046,-101.732852,6.738594465159778,6.8505745984689295,6.963116613166761,7.0757897736276885,7.188551968826865,7.30139477655932,7.414213821642041,7.5279009554226874,7.64308573772273,7.759686653629787,7.877617676335952,7.99682376071589,8.117275729845245,8.239043066915013,8.362209693181855,8.486879983828786,8.613177263999997,8.741652586534931,8.87284076144914,9.006875641643036,9.14388265781206,9.28401731995511,9.426544489895564,9.571439201811549,9.71884433239451,9.868967428838339,10.021745324605767
Switzerland,Indiana,38.825846,-85.029679,14.018800385468369,14.087386493840782,14.155075462464547,14.221028758710268,14.285268923777659,14.34782751534632,14.408648180416964,14.467839116748227,14.525810574174917,14.582501691457795,14.637759188438814,14.691522203878733,14.744009387414794,14.794902908131016,14.84425010254679,14.891965314103217,14.938071083999999,14.982799586594206,15.026414553922494,15.069003896663762,15.110445892339536,15.150666154990766,15.190868384682224,15.23089253889594,15.27092120134959,15.310866461364302,15.35080045077915
Talbot,Georgia,32.704603,-84.530029,6.829939566968105,6.934053741483592,7.038111205547357,7.141676920077708,7.2448200252144135,7.347388257278877,7.449329566952402,7.550521987921009,7.65107039567761,7.750843501642189,7.849745752587875,7.947680818432297,8.044715508748713,8.14079622050741,8.235960242772538,8.33037459947725,8.424029191499999,8.517152414358682,8.610017721190356,8.702548980155731,8.794617233241304,8.886156447729316,8.977363168062032,9.068033081242158,9.158072187753827,9.2474703884755,9.336123584769771
Talbot,Maryland,38.749427,-76.17913,209.44613396754292,211.75539691521328,214.06431957592108,216.36617182973876,218.66628483908087,220.96628441943545,223.26492285193953,225.56378814241873,227.86624535083664,230.16598026355362,232.45875819836812,234.7372062710901,236.99270387866633,239.22135662585805,241.41363647771183,243.56564903898882,245.6730461985,247.74131035730974,249.77811687690829,251.782898612358,253.75482375108353,255.69661458878582,257.64150581881427,259.5900645861065,261.54663900185153,263.5182994729396,265.50894039460917
Taliaferro,Georgia,33.559314,-82.875208,1.5700351069524894,1.593968394724354,1.6178886461583035,1.6416958564703341,1.6654059192779036,1.6889838329066107,1.7124176324983682,1.7356792809976616,1.7587928867006346,1.7817282695921144,1.804463464335614,1.8269763270146764,1.8492822155068436,1.8713688077940875,1.8932446757150372,1.914948213963551,1.9364771009999997,1.9578838393359868,1.979231289121457,2.0005019495192093,2.021666176253986,2.042708790028214,2.063674971574668,2.0845177543608595,2.105215530210246,2.1257659775831965,2.1461451667635396
Talladega,Alabama,33.369277,-86.175805,33.35120436380217,33.454357058042504,33.55852952961683,33.66116494549932,33.76337175931392,33.86472136899272,33.96545763433294,34.06514456357586,34.164668919620624,34.2634616962736,34.361559841988935,34.45894857738497,34.556182129273665,34.653290056418314,34.75016151345654,34.84725466121954,34.9452197925,35.044596354728235,35.146389345856576,35.25135990404011,35.359367625153126,35.471195816423204,35.58199684066846,35.69202933706781,35.80147065820107,35.91033558344991,36.01914878086296
Tallahatchie,Mississippi,33.955891,-90.172833,3.3215665581055243,3.335867894279975,3.349781378217374,3.363125096921583,3.3758612948651017,3.3880586184615664,3.399612953983628,3.410626126944848,3.421132460552047,3.4309912296572658,3.440207010688081,3.4488061181030547,3.456829739750369,3.464290460805856,3.471126499497243,3.4775026072172595,3.4835903999999998,3.489425345159175,3.4951401590944857,3.5007680209058547,3.5062814720278292,3.511744582446469,3.51714133466526,3.5224065145912453,3.5276934325482165,3.5328933983812463,3.538047599938518
Tallapoosa,Alabama,32.863369,-85.799553,15.498758046142251,15.546694505419678,15.595104869087127,15.642800942079763,15.690297837864996,15.737396379235435,15.784209891153901,15.830535762323217,15.876786083517317,15.922696429822917,15.968283971688942,16.013541840935826,16.058727594297267,16.103854968132403,16.14887245109449,16.193992956750066,16.239518685,16.28570032439844,16.333004911155843,16.381786156519826,16.43197881278452,16.4839468934669,16.535437635669474,16.58657123253464,16.637430102217188,16.688021112896685,16.7385880849477
Tama,Iowa,42.074848,-92.529412,13.964871920114705,14.007317337111951,14.047972801999672,14.085656004305516,14.119933587202974,14.150810261092325,14.177866800347923,14.20103725936573,14.220641945365347,14.23634641992631,14.2478774798319,14.255461224295948,14.258654875691368,14.25758561482594,14.251933134480065,14.241928244267863,14.227745228999998,14.209289880670713,14.187146288915738,14.16144163454286,14.13218533835266,14.099273771538796,14.065387151865261,14.03045953372803,13.994406129921911,13.957820450883222,13.92004304057161
Taney,Missouri,36.649827,-93.042819,75.4155072710528,75.8354644828799,76.25652663756843,76.67374780040535,77.08720689588083,77.49623306582896,77.8994977479997,78.29846104545997,78.69405689800925,79.08360187298413,79.4653464775207,79.83943540651747,80.20357984976154,80.55771403684444,80.90075933306817,81.23255788945252,81.553754256,81.86633469904477,82.17508730431966,82.47807842181716,82.77718908521805,83.07284022513616,83.37014877934641,83.66839127335619,83.96971182247988,84.27433404610615,84.58302088097261
Tangipahoa,Louisiana,30.621581,-90.406633,24.048621065917462,24.142800301951375,24.23453028150769,24.322362748582275,24.405951612585916,24.485302197989206,24.560073738673523,24.63166124593697,24.700197831544642,24.76561427737869,24.827207753319456,24.88509007324961,24.93920799246313,24.989939548372845,25.037678751803423,25.083352060639857,25.127028693,25.170604160418673,25.21486116007459,25.260971075500507,25.308241725517984,25.357248152952184,25.40417803685103,25.448940861214275,25.491568572865535,25.53247115604127,25.57147822768218
Taos,New Mexico,36.576529,-105.637987,13.829193477535943,13.958759467619748,14.084076309685512,14.204520208255623,14.319621482029305,14.429167306667136,14.532416466366318,14.630924780435697,14.725690321639444,14.81614800466255,14.901879519596507,14.982385830059222,15.057850405308823,15.127583400934785,15.190036336398569,15.24663293314319,15.296499877499999,15.340209593554324,15.378818864232937,15.411579134962706,15.438461050662333,15.459736145833842,15.470773656402297,15.471404790650224,15.461049785721977,15.440493890042301,15.409274761080725
Tarrant,Texas,32.77204,-97.291291,1686.5674804620885,1714.5944009532225,1742.7619517913697,1770.9623264150089,1799.1849850765047,1827.42781982633,1855.664707147133,1884.1188638370377,1912.9478591231862,1942.1312910655136,1971.6476284652801,2001.4830943666489,2031.6303862301866,2062.1068946394907,2092.9336238059213,2124.1366972468277,2155.7469813659995,2187.90239628963,2220.7367968126823,2254.283684275853,2288.5744520703115,2323.6480219783957,2359.320400119965,2395.58533793035,2432.4785952675966,2470.0521180307646,2508.2900965984004
Tate,Mississippi,34.649553,-89.943105,6.819850836997756,6.8492143851228136,6.877781593822719,6.905178958765322,6.931328960183573,6.956372543108471,6.980095940909667,7.00270822204981,7.024279859044402,7.0445219145798905,7.063443784991677,7.08109949920831,7.097573624248392,7.112892000034273,7.126927776038049,7.140019220334125,7.152518695499999,7.164499023135021,7.176232696965795,7.187787840423967,7.199108075497139,7.210324950880911,7.221405579401382,7.232216063279103,7.243071179749974,7.253747765848245,7.264330388592515
Tattnall,Georgia,32.043768,-82.059208,26.025100816706974,26.421822026557525,26.81832714441943,27.212958478324946,27.60597948289037,27.996809965926992,28.385251596431537,28.770839628620198,29.153973684663757,29.534153496807654,29.91101496485186,30.284191028432073,30.65393626167191,31.020046413239637,31.382663571018202,31.742424170316646,32.099289729,32.45413053535133,32.80798856717893,33.16057372838845,33.51139463171803,33.86019966320824,34.20773774440884,34.55323035212782,34.89631930649359,35.23696612537116,35.57477414675398
Taylor,Florida,30.016943,-83.616417,42.157901086263045,42.96082500232957,43.782273043664006,44.619556145194366,45.47361155405339,46.3451213506152,47.23453453023397,48.14490327990747,49.078938746446454,50.037087471678554,51.018983880151495,52.024900313309566,53.055244056556056,54.10982618834846,55.18944410480761,56.29552575837136,57.42852995849999,58.59127090011832,59.786386124241304,61.014611688826626,62.277615991911624,63.57690304525651,64.89607347756447,66.23499970545619,67.59477845528856,68.97658987332036,70.38129514736212
Taylor,Georgia,32.554667,-84.251426,8.979415157972488,9.116295490168334,9.253101264356046,9.389260528692391,9.524864182666743,9.65971204313397,9.793735680141397,9.926774742904408,10.058967112670924,10.190140182545397,10.320168327390837,10.448924900727663,10.57649773801752,10.702816366622582,10.827929810986548,10.952057659763522,11.075186635499998,11.19761701291367,11.319708304591718,11.441360418961567,11.562403813155408,11.682751673054177,11.80266239832991,11.921867375884796,12.040243023267,12.157776063023018,12.274329635247502
Taylor,Iowa,40.737949,-94.697108,5.216191399519487,5.232045710275546,5.247231433961659,5.261306951223722,5.274110393613229,5.285643520569835,5.295749741963998,5.30440442564051,5.3117272134961,5.317593185315066,5.321900293597258,5.324732991446249,5.325925891534209,5.325526498731897,5.323415171142588,5.319678121309508,5.314380448499999,5.307486963920903,5.299215838089782,5.289614575877395,5.278686696163059,5.266393491274303,5.25373608237639,5.240689837314113,5.227223086173631,5.213557518351824,5.199446812296602
Taylor,Kentucky,37.365106,-85.326698,13.783887661960005,13.858406354327304,13.93124740248354,14.001412208684028,14.069107149796006,14.134362183751806,14.197120723345906,14.257865424154897,14.3169990539358,14.374318564480532,14.429840599084836,14.483621744954247,14.535625386838122,14.585874825350508,14.634583094676936,14.68172356554421,14.727422726999997,14.772063374846422,14.816124836000927,14.85945732080182,14.90216401768271,14.944554491944448,14.987231230892998,15.030194234528356,15.073576649216479,15.117481663390986,15.162035766099535
Taylor,Texas,32.295684,-99.89322,125.49184313378443,127.57723251223535,129.67308572427243,131.7713812443628,133.87133484514987,135.97278968116237,138.07380198888083,140.1909805833924,142.3360496636777,144.50749118963947,146.7037030968206,148.92366028803366,151.16681940575302,153.434474425117,155.72818819921477,158.04990449156577,160.40191996799996,162.79449680364038,165.23759468591535,167.73370633749394,170.28516763557386,172.89487461975048,175.54913692102784,178.2474896046159,180.99259344190304,183.78831355343232,186.63347359816888
Taylor,West Virginia,39.329072,-80.045629,4.020527764022767,4.02972425913195,4.037542720042648,4.043730581001442,4.048199222445724,4.05110594409912,4.05244188400537,4.052348833464636,4.050855593834767,4.048030845276778,4.043841355454696,4.038300417302908,4.031230791696211,4.022933785147454,4.013263175378342,4.002380693090626,3.990343940999999,3.9769291547108874,3.9625417687222013,3.9472017224355276,3.9309311707415167,3.9135174266899186,3.895128867449683,3.8754752639532812,3.8548490607573056,3.8331527763428923,3.8105503569008574
Taylor,Wisconsin,45.211656,-90.504853,40.34163821088357,40.601761447984074,40.861504569633425,41.11804594959808,41.37147330682829,41.6213992159604,41.86698303705436,42.107311031044894,42.34268290434541,42.57097147241198,42.791211826791674,43.00246098876911,43.203973347267066,43.394776683920064,43.57384030106251,43.74087180219351,43.8956884395,44.03868494825819,44.17100167482151,44.29281405709053,44.40433408252836,44.50548134209727,44.603529198756796,44.69741040527869,44.78800946107815,44.87575034108145,44.96154678435385
Tazewell,Illinois,40.508074,-89.51626,210.87817922146778,211.6936926334298,212.48708539828678,213.24475506838414,213.96935212065443,214.66229347672837,215.32031188202234,215.9568930965272,216.5812554456756,217.18598092798928,217.77005269382727,218.3262527777062,218.85478121562102,219.35053708970122,219.81628756454325,220.25018230719402,220.651704558,221.0281889701083,221.38980403992744,221.73523286382422,222.06615907808924,222.38179920840895,222.6942387628099,223.00531140457895,223.31263337144316,223.6171715040448,223.92182632431008
Tazewell,Virginia,37.125395,-81.562924,62.82090695255441,63.593936534283216,64.36802705610697,65.1397515131158,65.91012032444772,66.67941977552522,67.44754040427496,68.21582943621439,68.98513730745137,69.75520299304188,70.52429194013229,71.29234520760616,72.05768718372626,72.82034312897103,73.5791510613317,74.33438884607125,75.08588807999999,75.83672212132952,76.5888191865816,77.34155618395447,78.09513519727571,78.84893313474353,79.60969454410444,80.37697315690583,81.15174571164778,81.93518261049856,82.72822691132035
Tehama,California,40.126156,-122.232276,67.48436944905171,68.26265847672252,69.04024288416791,69.81246308602604,70.58004643220703,71.3441294069455,72.10449607823689,72.86735922656358,73.64013062327548,74.42109417717838,75.20820042836921,75.99903434784947,76.79159193508555,77.5838824485265,78.37428829227842,79.16219008243347,79.945496688,80.73024094612329,81.520771803141,82.31657026458606,83.1163331618694,83.9202252852051,84.72640742427349,85.53394766200223,86.34352599479163,87.15611222252193,87.97308717353815
Telfair,Georgia,31.913639,-82.931062,16.58385438184164,16.836655199816803,17.089318318495504,17.340787414507595,17.59123036781727,17.840277465244977,18.087802325244642,18.33350880001428,18.577651538937765,18.819911758712323,19.060057445454873,19.297854698990587,19.533465740408463,19.766760415578965,19.997829266505242,20.22707784590976,20.454481632,20.68059519454528,20.90608250823541,21.130758716480614,21.354310694853307,21.576578108556244,21.798038189397715,22.018194842652104,22.23681982701979,22.453888620708263,22.66914846062536
Teller,Colorado,38.871994,-105.182552,33.349689024248796,33.66353960031504,33.97752139091114,34.28951309447082,34.600746669635676,34.910792024335564,35.22056037058349,35.53166273121848,35.846023586012,36.163555458610794,36.484673861692826,36.80926944981651,37.137393250854586,37.46833816428495,37.802869608198534,38.140477303868046,38.481336204,38.826211726685294,39.17674405354741,39.5325978585655,39.89345239511102,40.259555512851485,40.63464682588832,41.01802652339553,41.41043086467961,41.81296059385232,42.22452225649799
Tensas,Louisiana,32.001489,-91.342576,0.7920178547151726,0.7951195559011921,0.7981405932164763,0.8010332697635465,0.8037861873867554,0.806399521442344,0.8088620491309053,0.8112197137875106,0.8134768993181779,0.8156313260917777,0.8176598470845342,0.8195661447775021,0.8213484656082747,0.8230192598699431,0.8245915039243219,0.8260957097572977,0.8275341569999999,0.8289692724741287,0.8304268335470704,0.8319454185917858,0.8335022312969804,0.8351162101366526,0.8366618000424406,0.8381360199582516,0.8395399220215304,0.8408870086628127,0.8421716684823953
Terrebonne,Louisiana,29.333266,-90.844191,20.389988270259938,20.46983956455119,20.54761421957436,20.622084309501346,20.692956396174704,20.76023499402763,20.823631179335873,20.884327733595587,20.942437517636584,20.997901843827353,21.050124806986624,21.09920121021142,21.14508590916983,21.188099428618447,21.228575836613437,21.267300644530128,21.30433254,21.34127866123924,21.378802629926987,21.41789762136538,21.45797675923952,21.499527602334087,21.539317816483965,21.577270656324913,21.61341320845606,21.648093084233164,21.6811658217941
Terrell,Georgia,31.777191,-84.439446,14.340673894076389,14.559280136465203,14.777767305165796,14.9952219581864,15.211789267557858,15.427149528583033,15.64119345445221,15.853664955178397,16.064784235527473,16.2742756317555,16.481938512853556,16.68757061666633,16.891312221785412,17.09305077910824,17.292864583662684,17.491104331927733,17.687748818999996,17.88327760192517,18.07826484424093,18.272550693598717,18.465864379693837,18.658067255081093,18.84957199980321,19.039949622353337,19.229002754015387,19.41671018988598,19.60285335634566
Terrell,Texas,30.232332,-102.072539,0.7324559201260629,0.7446276737466229,0.7568605014311698,0.7691075840899663,0.7813643444377029,0.7936298670173175,0.8058928067002219,0.8182501038502922,0.8307701888829055,0.8434442014814985,0.8562627909060818,0.8692199739908577,0.8823125793310049,0.895548159447284,0.9089358362154191,0.9224869547639982,0.9362149199999997,0.9501796289711881,0.9644392132009935,0.9790082219177215,0.9939002888926152,1.009132317386425,1.0246244010756052,1.040373826283864,1.05639612308636,1.0727138509606893,1.089320143978888
Terry,Texas,33.171229,-102.339284,10.642754858017769,10.819613268764884,10.997359099864996,11.175312059056068,11.353405637318062,11.531626532846978,11.709809898286013,11.889364299666571,12.071284046838125,12.25544039734047,12.441697482746974,12.62996836626716,12.820206966651439,13.012523023782862,13.207049080637065,13.403949984570842,13.603420512,13.806330980958098,14.013526055999556,14.225217140795172,14.441602337211771,14.662927253559035,14.888030832372976,15.116873643306008,15.349681341961809,15.586781722796246,15.828075022279279
Teton,Idaho,43.760994,-111.211765,6.59960450470641,6.700556198920528,6.803446066611939,6.90743597870938,7.012587842473802,7.118677839346395,7.225486912865356,7.332934107381754,7.440290822055232,7.5479142141604765,7.655351884482884,7.762432397530605,7.869312902504503,7.975869584882683,8.081769097875446,8.187182876974633,8.292396648,8.397758044032235,8.503043246512537,8.608909424826326,8.71509466363884,8.82238947105137,8.930770036578945,9.040379223131445,9.151721812990413,9.264683515827954,9.37954053326983
Teton,Montana,47.819035,-112.281725,3.4585921695904696,3.4857381909898533,3.512802019646217,3.5397948636608807,3.566615850121957,3.5929100558209472,3.618714841095589,3.643615506197006,3.667787644712559,3.690895013602622,3.713045957846628,3.7341246603975944,3.7539592637019337,3.772665584806629,3.7901390147660177,3.8062263761953794,3.8209725015,3.834343766375915,3.8463812671946345,3.8573353182189933,3.8671162546384243,3.875712868351607,3.8832708646757124,3.88965574639489,3.8952299087851854,3.8998476465294245,3.903774218025536
Teton,Wyoming,44.049321,-110.588102,11.581053526644004,11.650344491837698,11.716213397431176,11.778476508680793,11.83729459348724,11.89147337601688,11.94014011623744,11.98481062578392,12.026702147332909,12.064390736621226,12.09796826102069,12.126607914184937,12.150677165601243,12.16888987206415,12.18182020464753,12.190432770755464,12.194199332999998,12.193671095612045,12.1885954233191,12.17963835456685,12.166776922512337,12.150171895056241,12.129570636926069,12.105363584452034,12.077504803948239,12.046384731744908,12.011176561495676
Texas,Missouri,37.314257,-91.964478,32.89848152944692,33.08167932359283,33.26535912659386,33.447363375003306,33.62772649802512,33.80615584742583,33.982071864939186,34.156111490838,34.328682137368865,34.49861321159793,34.665141532837936,34.82833022129611,34.98718083005829,35.1416646681212,35.29131120303102,35.43605157637991,35.57616696,35.712523822190356,35.8472108679898,35.979384581901876,36.10986552662041,36.238837324566404,36.36853213579505,36.498634359270284,36.63007932169905,36.76296457249247,36.89762292728864
Texas,Oklahoma,36.741964,-101.488434,10.778496062153753,10.821982164509619,10.865790955257527,10.909310863063997,10.952551107597358,10.995271977480673,11.037528790724012,11.079930045438072,11.122832235465488,11.165900379523096,11.209180575952617,11.253201419072441,11.29752343802483,11.342340245845023,11.387633403196318,11.433605742782282,11.480607611999998,11.529020090474347,11.579377918969278,11.63173948871764,11.686212362516777,11.742765808138877,11.799540525801234,11.856315243463595,11.913034643115882,11.969926143243931,12.026292122276368
Thayer,Nebraska,40.173845,-97.596263,4.997056445444307,5.012565089705063,5.028007641911349,5.042809388545989,5.056987571014505,5.07050483293828,5.083332438641452,5.095565215854356,5.107323854415599,5.118634216433449,5.129329634987932,5.139398615808702,5.148881388841962,5.157671632087034,5.165775092679092,5.173197517753307,5.1801170685,5.186527997784001,5.192599846092873,5.198332613426616,5.203890093137623,5.209165963225218,5.214306775636279,5.218936093017061,5.223180352341342,5.227108519231179,5.230602777415555
Thomas,Georgia,30.864616,-83.919783,46.33802762066475,47.04439485087188,47.75037732650651,48.4530235056427,49.15280247262227,49.848681187771085,50.54030652018022,51.226850983988236,51.909026111623724,52.58594116989831,53.25694787371044,53.921392667347895,54.57972882332074,55.23159266949882,55.87723719519009,56.51779558166966,57.153199310999995,57.78499794269219,58.41504673167115,59.04282915809982,59.6674703006216,60.28852215733698,60.90731819272325,61.522472236197316,62.13334654387876,62.73987259783001,63.34134413623305
Thomas,Kansas,39.357706,-101.083439,8.781735182357341,8.818068132173039,8.854260070275597,8.889654010274237,8.924528770783583,8.958285052022779,8.991002974283383,9.02286841664181,9.05408648704445,9.084500149719847,9.114022874753124,9.14233418097804,9.169350743291382,9.195178320478002,9.219371443716842,9.242202521999193,9.263719627499999,9.284022109380784,9.30320611199142,9.321473538466632,9.33867055784663,9.354851651929673,9.370154627617243,9.38444488281952,9.397834585944684,9.4105737123024,9.422415491394664
Thomas,Nebraska,41.84862,-100.506911,0.798989953711958,0.8014696637363133,0.8039388061618991,0.8063054888255001,0.808572468492013,0.8107337721708286,0.8127848052537862,0.8147407299478164,0.8166208436071942,0.8184292813792646,0.8201393945366947,0.8217493452362208,0.8232655659292675,0.8246710565656401,0.8259667360669709,0.8271535233548919,0.828259905,0.8292849620806628,0.8302558027850286,0.8311724271130978,0.8320610243313864,0.8329045943896995,0.8337265697896573,0.8344667611643537,0.8351453847896961,0.8357734677252704,0.8363321720776173
Throckmorton,Texas,33.170712,-99.206137,1.0893152579549235,1.1074172031650356,1.1256099782912392,1.143823953547752,1.1620523215532812,1.1802937208315687,1.1985312788018414,1.2169091660750275,1.2355291530014374,1.2543780624358565,1.2734419878707888,1.2927120310864035,1.3121834755399482,1.331867553410554,1.3517778308366522,1.371931180399016,1.3923475379999997,1.4131159830862203,1.4343229694000819,1.4559901346892625,1.4781377552251802,1.5007909696944624,1.523830940669417,1.5472536323454213,1.5710821411947142,1.5953500178822342,1.6200470513360434
Thurston,Nebraska,42.154061,-96.533943,6.890566371891801,6.911951630150037,6.93324575241792,6.9536562518228076,6.973206902970877,6.99184619421541,7.009534501212773,7.026402584296951,7.042616865711201,7.05821300736479,7.072961188064652,7.0868455580733345,7.099921591471923,7.1120426781889785,7.123216743093226,7.133451711053392,7.142993252999998,7.151833444064318,7.160206067873777,7.168111124428378,7.1757744724868235,7.183049501977674,7.190138297053454,7.196521778812583,7.202374294367043,7.207790942141549,7.2126092623272084
Thurston,Washington,46.932598,-122.829441,375.72107353351794,379.36786791453756,383.177546411831,387.13690220515997,391.2541895571732,395.5397415818539,399.99319142308383,404.62114249098266,409.4343558983372,414.43283164514725,419.61430745202006,424.97896674701474,430.52069526150234,436.2393707101102,442.12722797167964,448.1873853232115,454.420759905,460.855477352738,467.51446617378394,474.40029436096216,481.5330778580614,488.92137664116234,496.40414087457964,503.98222655592156,511.6634599490329,519.4495530491299,527.3435018478407
Tift,Georgia,31.457003,-83.525931,41.84401726580683,42.481878739297905,43.11939277294743,43.7538940748202,44.385806235955926,45.01419640417729,45.63874569634202,46.25870687881832,46.87472247734055,47.48598814487827,48.09191846909571,48.69192327820723,49.28641188490286,49.8750558871406,50.4580837385149,51.03651872075086,51.61029896099999,52.180823737528286,52.749768376695,53.31666645241148,53.88072789599691,54.441548154211155,55.00033136787493,55.55582580166868,56.10745556215636,56.65515877648954,57.1982976783837
Tillamook,Oregon,45.455743,-123.759327,38.05160605311567,38.430861597656104,38.82421312008341,39.22934157020694,39.645904968275055,40.07417048596874,40.51387095160704,40.96407660774025,41.42715993889519,41.90203088461359,42.387823808649166,42.88558602399125,43.3936717530852,43.91197412725864,44.441754196845636,44.98084252779689,45.53025437249999,46.09135764996143,46.66634316796495,47.25570252240353,47.86034409699238,48.4800969018557,49.10590916044293,49.73627402447353,50.37182201911454,51.0133012250726,51.659439905146414
Tillman,Oklahoma,34.371085,-98.931701,3.7130927549596597,3.7280733172447795,3.7431650427129344,3.758157250664848,3.7730531171914654,3.7877700639282468,3.802327147420855,3.816933989671583,3.8317133995302592,3.846549979025926,3.8614596086132997,3.8766243841731627,3.8918929120371906,3.9073318901152057,3.9229349662253186,3.9387720143682947,3.9549637259999995,3.9716413795461123,3.9889891882813755,4.007027267448434,4.025792671441631,4.045274813291157,4.064833181323334,4.084391549355511,4.103930860842025,4.1235294593594904,4.142947020693158
Tioga,New York,42.178057,-76.29745,61.3992866443785,61.562917740683545,61.71223387324282,61.845032494039195,61.962595492412106,62.066092872097805,62.15619914344699,62.23653620327159,62.31060766931734,62.376943045085135,62.4356765932988,62.48554880173952,62.52589155351964,62.556033535020035,62.575945975656985,62.58484247947665,62.582157224999996,62.57096546794911,62.554380824824285,62.531476243484775,62.50174344361891,62.46470611223029,62.42605762815565,62.38661955139564,62.346497374090376,62.30494625779574,62.26411120936156
Tioga,Pennsylvania,41.766859,-77.257288,121.08950107457673,121.43223293022234,121.76683451745934,122.08725699476726,122.39491729594329,122.69150596958686,122.97506862425354,123.24763782704558,123.50997579062621,123.75950271828881,123.99379516464242,124.21074238692707,124.40794048366612,124.58245786769298,124.73348346655831,124.85897494120269,124.95747626999999,125.03159656552853,125.08317295574601,125.11175593062022,125.1174920695095,125.10005889782553,125.06670720782701,125.01691908578117,124.95038182905685,124.86737882441355,124.7701478500551
Tippah,Mississippi,34.763618,-88.918819,6.442022641013253,6.469759412148466,6.496743962050491,6.52262347899049,6.547324737892667,6.570980875258466,6.593389967394029,6.614749500109833,6.635126041656606,6.6542466622063765,6.672120237525907,6.688797803274087,6.7043592413517885,6.718828960117606,6.732087136720237,6.74445329876316,6.756260287499999,6.7675768901231645,6.778660503868798,6.789575478045926,6.800268558053974,6.810864004627626,6.821330752583208,6.831542322244347,6.841796051797614,6.851881141782377,6.861877474099508
Tippecanoe,Indiana,40.38926,-86.893943,293.5351068468856,294.9712090878575,296.3885264110949,297.7695010542934,299.11460500031035,300.4244990251467,301.6980031716581,302.9373829575615,304.15122847086593,305.33826535785596,306.4952841350993,307.62101044888055,308.7200225329188,309.7856654289212,310.8189303008887,311.81802361396245,312.783417351,313.719972935435,314.6332125667022,315.52497697794627,316.392717461736,317.23487647464106,318.07665790126,318.9147106633034,319.7528578219185,320.5892586439602,321.4254234745731
Tipton,Indiana,40.310229,-86.056207,21.578348079118943,21.68391880408527,21.78810861247959,21.88962679836022,21.98850805812344,22.08480096672404,22.178418783171328,22.269528050167445,22.35876024212472,22.446021678773196,22.53107642461816,22.613830799389643,22.694621358131577,22.772958881656407,22.848916232396302,22.92236156404541,22.993329573,23.06217763214178,23.12931168930724,23.19486706044189,23.258656385005793,23.320565164891228,23.382446187659646,23.44405310889743,23.505666969414477,23.567152453265276,23.628620588917936
Tipton,Tennessee,35.500297,-89.763708,23.62746609006294,23.837621620547946,24.04909584292054,24.260821815562586,24.473087253067728,24.685780266427336,24.898709045912298,25.11277269962779,25.32844275982452,25.54529165064804,25.763095594081044,25.982294154086077,26.20236784598014,26.423676313005313,26.646095678044876,26.870173398033973,27.095801579999996,27.323539668986154,27.553983074359877,27.78756736404767,28.024484347778635,28.26446229510321,28.5065461534119,28.750452204147074,28.996060566228035,29.243607005780152,29.4932793364965
Tishomingo,Mississippi,34.737699,-88.236067,4.9929892300397185,5.0144870432688275,5.035401835803164,5.0554601554584515,5.074605248007768,5.0929403029546085,5.110308816218672,5.1268638522301435,5.1426570057407766,5.157476738268393,5.171329929113232,5.184256134251631,5.19631726738569,5.207532246591052,5.217808201314566,5.227392786364632,5.236543975499999,5.245315083297476,5.2539056094638275,5.262365428925747,5.270653265881833,5.278865430535353,5.28697784533549,5.2948924802539175,5.302839791848455,5.310656396738558,5.31840420862633
Titus,Texas,33.214599,-94.966783,26.029439338247368,26.461989494237542,26.89671005202257,27.3319371918111,27.767508249657055,28.203390692771222,28.639181346944394,29.078325202177474,29.52325408446437,29.97365312288088,30.429190018222872,30.889652145475104,31.35492680176066,31.82528238259057,32.30104305397166,32.78261199011315,33.270465564,33.76673234955517,34.27347817889391,34.79122009098768,35.32044259201873,35.861746376702236,36.412291797293754,36.971982417311,37.541370132285266,38.12125664309371,38.71139795381717
Todd,Kentucky,36.840338,-87.183642,5.931906269573948,5.963975444054667,5.995322643105974,6.025518119448455,6.054650687519851,6.082733239738554,6.109741423758722,6.135882950765408,6.161331152161305,6.1859986459996055,6.209892594734962,6.233037350713207,6.255417156534099,6.277042039634155,6.298003679432983,6.318290616003133,6.337957283999999,6.357168419880687,6.3761303023393125,6.394778469283969,6.413157327933527,6.431400099944605,6.449766066175778,6.468255226627053,6.486924880935677,6.505819436320532,6.524993327437002
Todd,Minnesota,46.066569,-94.900576,45.764823156768415,46.194520485421414,46.62951147805884,47.06627000099798,47.50538523100611,47.94681253347961,48.389587800981175,48.833666398907255,49.27822705055199,49.72142188332719,50.16277777043497,50.59967019718485,51.03145642528533,51.45598506684389,51.87264909125188,52.27953813747611,52.67569702499999,53.06337533784392,53.44298371436078,53.81401332006982,54.17694620868966,54.53265721845045,54.88650250178166,55.23868737785972,55.589934927262625,55.94191448416423,56.29432253326019
Tom Green,Texas,31.401583,-100.461355,99.95808908101772,101.61916546697518,103.28857661624164,104.95993313852885,106.63261037277505,108.30648338676798,109.98000391344748,111.66640138172755,113.37501447448062,115.10463402636582,116.85398394407139,118.62224770635235,120.40899251233031,122.21524905275704,124.04226218789121,125.89158018479293,127.76503240799997,129.6707929936913,131.61679513735046,133.6050243687808,135.63734128557314,137.71605267179118,139.83025373004335,141.9795741255575,144.16613324407854,146.39300977226785,148.65926671853273
Tompkins,New York,42.453281,-76.473712,128.36843247293498,128.71053852146565,129.02271605523035,129.3003601732302,129.5461509412135,129.76253450397803,129.95092107068308,130.1188829966725,130.27374534942814,130.41243373931349,130.53522887146912,130.63949746433696,130.72384267566903,130.78686097976177,130.82849222551363,130.8470922828145,130.84147818,130.81807940148386,130.78340563314862,130.73551867283206,130.67335585107298,130.5959213329673,130.5151183531729,130.43266455981285,130.34878050692626,130.2619089493276,130.17653448581285
Tooele,Utah,40.467692,-113.124015,39.16249708263539,39.72660548945811,40.29942155481051,40.87693646986004,41.45821375057617,42.04417345144503,42.63488129064423,43.232423820311986,43.83926547210766,44.45650702550574,45.08437849412777,45.72407923471464,46.37597069724302,47.04087435893271,47.72008815379098,48.41525503625737,49.12588211999999,49.85658610699405,50.60835276990326,51.38088637692851,52.17709495742779,52.996452765980465,53.82857633052852,54.67132981030054,55.52576469613781,56.39009016770124,57.26299186143915
Toole,Montana,48.645052,-111.733493,2.7958438279687625,2.8177880274180898,2.83966578420462,2.8614861586914615,2.883167607610636,2.9044232194637005,2.925283195461018,2.9454123021675644,2.9649524852720437,2.983631933881195,3.0015382315050685,3.01857775439154,3.0346115769729445,3.049733323001403,3.0638584290879027,3.0768630702699564,3.088783488,3.099592501188707,3.109323331167476,3.118178326045735,3.1260850029186136,3.133034301423004,3.1391440062793197,3.144305393130255,3.1488114137163277,3.152544283317122,3.1557184305262105
Toombs,Georgia,32.126698,-82.332071,27.530116199376412,27.949779549880386,28.36921431193049,28.78666693026422,29.202416094914373,29.61584806153905,30.026753029776504,30.434639377883485,30.8399298379322,31.24209521199522,31.640750344184536,32.03550694726343,32.426634317218664,32.81391639099109,33.197503473317504,33.578068804164765,33.955571676,34.33093270533601,34.70525412690924,35.07822906854876,35.44933772637318,35.81831393574442,36.18594992787932,36.55142215807423,36.91435173313849,37.27469794553922,37.63204119455289
Torrance,New Mexico,34.634644,-105.846836,5.481155295221229,5.532508348729519,5.582177266413325,5.629914808989256,5.675534819820411,5.718952946680691,5.759875411127487,5.798918857020535,5.836478867213261,5.872331472001886,5.9063108756316725,5.938219286675907,5.96812942257088,5.995767865756141,6.020520881069398,6.042952755816264,6.062717355,6.080041557021828,6.095344214314784,6.108328639738801,6.11898319850407,6.127415512416308,6.131790193383539,6.1320403413643785,6.127936169260148,6.119788907698168,6.107415308738992
Towner,North Dakota,48.682183,-99.248158,2.2393496387350713,2.2407636300228146,2.2422128829386803,2.243320098061751,2.244233374230143,2.2447975602801153,2.2448363480710505,2.2445154672551295,2.243877231786098,2.2429427986408315,2.2414371271199682,2.2395823654806857,2.2372198363964273,2.2342931212621973,2.2307458014729984,2.2266660310991377,2.221877502,2.216408423478083,2.210410420534317,2.2037741821215215,2.196693647194371,2.188960772146942,2.180533243025484,2.1712030162240707,2.1611111382551957,2.150388077142914,2.138850472420985
Towns,Georgia,34.90265,-83.732158,11.66243495706426,11.840214683588881,12.017897574417068,12.194740780370687,12.370862361408399,12.546002320317859,12.720071780500973,12.892862478884583,13.06455349518127,13.234920648121204,13.40380077618848,13.571029391350798,13.736720574017646,13.900782794558156,14.063279725759019,14.224496568643989,14.384416078500001,14.543428251145569,14.702000020349823,14.860001387506577,15.017212150895167,15.173519556622493,15.329259213335101,15.48408224722254,15.637828149801685,15.790479676359467,15.941859073699694
Traill,North Dakota,47.446215,-97.164754,8.713824022946566,8.719326187967269,8.724965564085743,8.729273992555818,8.73282775998814,8.73502313755251,8.73517406976006,8.733925448770325,8.731441927900633,8.727805833809644,8.721946919934734,8.714729616191867,8.705536472641072,8.694147951525904,8.680344515089931,8.664469191077584,8.645835923999996,8.624554482735391,8.601214875004189,8.575391746403293,8.547839757970454,8.517749364228814,8.484955911861045,8.448649855390286,8.409380039207624,8.367654144374827,8.32275867318347
Transylvania,North Carolina,35.210095,-82.816696,29.42124424691897,29.85498915072195,30.292370551598697,30.731429544050048,31.172763062501314,31.6164534427353,32.06231885989832,32.510743547643436,32.96303115586504,33.419219421796896,33.87931863741188,34.343524350194116,34.81237174273185,35.28620731144435,35.76563828272981,36.250033415586714,36.739903878,37.23541091087761,37.73738473336284,38.24564008994435,38.75932274687561,39.27812394497107,39.802547990900415,40.33169948302566,40.86582199803759,41.4051968498608,41.94918593617856
Traverse,Minnesota,45.76984,-96.475049,6.882654236054081,6.947277191749632,7.012696271112526,7.078381172543097,7.144420503397241,7.2108075509964795,7.277397321485716,7.344183102186473,7.41104137981478,7.477694249481695,7.544070556795374,7.6097755962613745,7.674712705309639,7.738558332837584,7.801221186417929,7.8624139634118695,7.921993012499999,7.980296652677551,8.037386640586508,8.093186451692237,8.147768582922284,8.201264602774796,8.254480032666981,8.30744575091983,8.360270502924669,8.413205342856525,8.46620462450176
Travis,Texas,30.239513,-97.69127,1041.2797766815402,1058.5834813053737,1075.974010522963,1093.3848050097588,1110.8093575692271,1128.246366762061,1145.6797040368506,1163.2471825201944,1181.0460848002797,1199.063814803814,1217.2870792578788,1235.7073723270032,1254.3201854535894,1273.136255511918,1292.168550415083,1311.4331987144935,1330.9492572,1350.8018771862496,1371.0737000692263,1391.7854094379143,1412.9563874419905,1434.6106642286552,1456.6346427384126,1479.0244651333169,1501.8022094016087,1524.9999467262078,1548.6079163123118
Treasure,Montana,46.209636,-107.280494,0.4471970596545429,0.4507070487934362,0.4542064103847027,0.45769659363938264,0.4611645556581157,0.4645644047579685,0.4679009716424078,0.4711206355029534,0.4742461006458985,0.47723389074004313,0.4800980148254406,0.4828234977213442,0.4853881181918072,0.4878068514175763,0.4900661714289449,0.4921462723416995,0.49405295099999996,0.4957818597707265,0.49733831242769233,0.49875467468412443,0.5000193528517025,0.5011308977193868,0.5021081490306972,0.5029337162531535,0.5036544572103829,0.5042515321588652,0.5047592390932137
Trego,Kansas,38.921302,-99.865423,2.9492320065001483,2.9614339570556947,2.973588550653982,2.985475146925963,2.997187383491673,3.0085239932827617,3.0195118836613073,3.030213479707333,3.040697664267762,3.050911698912917,3.0608265236917553,3.070334509155961,3.079407671648971,3.08808152888873,3.0962064759420795,3.1038739978400867,3.1111002389999993,3.1179185645507967,3.1243612633269717,3.1304961418809647,3.136271538077583,3.14170574892304,3.1468450550801133,3.1516442521805086,3.1561410105311367,3.160419281101684,3.1643961892169483
Trempealeau,Wisconsin,44.30305,-91.358867,75.7871733522581,76.27584971091345,76.76381197175651,77.24575933179614,77.72185658283512,78.19137589441097,78.65273801174651,79.10422635356223,79.54640395851779,79.97527462539446,80.38902564436108,80.78588550353717,81.16445347259864,81.52290310906403,81.85929810925015,82.17308916714741,82.4639329665,82.73257107042066,82.98114577234618,83.2099866558823,83.41949196788585,83.60951064920422,83.79370668682242,83.97007511380602,84.14027758083354,84.30511058161872,84.46629069744104
Treutlen,Georgia,32.409586,-82.570882,5.561098771032689,5.645871001045579,5.730597056063758,5.8149227169497335,5.898904279244999,5.982417766251428,6.0654207981793595,6.147814067163459,6.22968296531723,6.310920594365248,6.3914491526041,6.471190205796197,6.5501981518805135,6.628429345999034,6.705914149792116,6.782788558107193,6.859044347999999,6.934867484517721,7.01048061968964,7.0858217651667,7.160785920275992,7.235319319612724,7.309581994322942,7.383407587918856,7.456719563765402,7.529509698918312,7.601693233798263
Trigg,Kentucky,36.807681,-87.858652,7.38941089317847,7.4293596544154035,7.468409046569233,7.5060237309000195,7.542314344080683,7.577296946273421,7.610941201616305,7.643505857166971,7.675206832883868,7.705935276556533,7.735700110497303,7.764531670568109,7.79241032768182,7.819348573075697,7.845460612347599,7.87073216979779,7.895231054999999,7.919162481137869,7.942783410806576,7.96601354319512,7.988908196639971,8.011633326150504,8.034511919433156,8.057543976487924,8.080800875813468,8.104337935746248,8.12822296585999
Trimble,Kentucky,38.618193,-85.355171,4.27215441228505,4.295250607509657,4.317826836575636,4.3395735958171375,4.360554849325102,4.3807798822095085,4.400231155929289,4.41905826392294,4.437386039335685,4.45515154975547,4.472359953576725,4.489028789340516,4.505146708579093,4.52072093304466,4.535817490185933,4.550428126571821,4.564592045999999,4.578427891542377,4.592084224958561,4.605514620698676,4.618751060808189,4.631889491423518,4.645116646423058,4.658432525806807,4.6718783967302135,4.685486241238747,4.699295263130086
Trinity,California,40.647724,-123.114404,15.391601892207188,15.569111365419735,15.74646013128503,15.922585447668014,16.09765320602391,16.271922611751506,16.445344415825044,16.619335607757936,16.795586638759332,16.97370610867705,17.15322658377526,17.333597252581527,17.514361049575957,17.695063933301675,17.875336968074393,18.055038886951763,18.233692752,18.41267451187771,18.592976059244297,18.7744790236343,18.956886182857104,19.14023512169553,19.324106359412536,19.508287347581103,19.692933177431506,19.87826503757073,20.064597862558298
Trinity,Texas,31.087483,-95.153291,12.32229331672544,12.527061841588536,12.73285783105368,12.938893635597246,13.145092250377541,13.35143827442622,13.557740845742803,13.765630816867475,13.976259410183582,14.189477566318981,14.405127975382781,14.6231099810462,14.843370229954628,15.066035780096868,15.291260091121726,15.519234025029686,15.750183095999999,15.985114967389707,16.22500760068834,16.470105761285577,16.720638813602747,16.97689112551953,17.237518412513783,17.502475021715053,17.77202221955053,18.046539529882857,18.325911445449474
Tripp,South Dakota,43.349729,-99.876219,5.6241968633032435,5.64717179269463,5.6702198906509595,5.6925582535273636,5.71407712847643,5.734622861511785,5.753968630082113,5.7722095533218365,5.789243195240037,5.804689079299023,5.818905731467007,5.831198050377047,5.841887977714888,5.850638938081798,5.8579192102934,5.863677576354236,5.867672579999999,5.870087142643043,5.87101638341779,5.870679808019063,5.869267654715707,5.866984795489556,5.86478242168484,5.862667850158053,5.860516694348796,5.858680163368785,5.856865582958255
Troup,Georgia,33.034482,-85.02836,68.43039129066308,69.47352990574775,70.51610032863051,71.5537438246117,72.58715312117036,73.61480266116162,74.63617095311251,75.65003599461612,76.65744855207329,77.65709322161929,78.64801263831114,79.62924165375114,80.60144964505378,81.56409955383646,82.51756498593062,83.46351938412269,84.40186156349999,85.33487985977989,86.26531404905926,87.19240135276569,88.1148497173989,89.03199754929915,89.94581406253612,90.85425220849187,91.75637018913316,92.65206681954727,93.54029911678822
Trousdale,Tennessee,36.39303,-86.156691,3.68042004767704,3.713155704754229,3.7460967727731296,3.7790770556081736,3.8121413701920988,3.8452722877177306,3.87843993022991,3.91178435064344,3.9453789989314183,3.9791572721521367,4.0130843126912445,4.047228590862645,4.081509187204453,4.115982122882591,4.150628101717684,4.185532400373411,4.2206782125,4.256152682133323,4.292048555425851,4.328433680234091,4.365337934513195,4.402718991160027,4.440428082856197,4.478421015126364,4.516679114248559,4.555239105209328,4.594130243506426
Trumbull,Ohio,41.308936,-80.767656,172.15506483088012,172.51245806603404,172.85557240584797,173.17399177193158,173.4702262437816,173.74412551723654,173.9948178281598,174.2231599102718,174.4293922502309,174.61013300440393,174.76291718454272,174.88559544113818,174.97711564506,175.03592966344496,175.0623080437837,175.05492810945532,175.01503738499997,174.94523613241125,174.85143130523505,174.73456981968863,174.59695132944262,174.43907183822984,174.27737462131563,174.11164925287395,173.94362423076157,173.77454707951895,173.60924256272938
Tucker,West Virginia,39.111175,-79.559968,1.816120268798444,1.820274435154202,1.8238061270524117,1.8266012575346164,1.8286197960890762,1.829932796874129,1.830536256838601,1.830494224801274,1.8298197106784653,1.8285437381167715,1.8266512956742909,1.8241483879277838,1.820954953853772,1.8172070971921692,1.8128387675986057,1.8079230207570056,1.8024858764999998,1.7964262577854462,1.789927304204552,1.782998022622459,1.7756484206671028,1.767782425110308,1.7594760939243794,1.750598327183371,1.7412812255760224,1.73148075553942,1.7212709735202825
Tulare,California,36.230453,-118.780542,610.195780890889,617.2330946403632,624.2640371917036,631.2464764282187,638.1869890705626,645.0958512447581,651.9711104868605,658.8689429524585,665.8563661100943,672.9178630094746,680.0349023700052,687.1856474238889,694.3519779355732,701.5158935576422,708.6627679373911,715.7870005861373,722.869683432,729.965365577281,737.1133703308922,744.3090049286168,751.5404860792826,758.8093038211625,766.0988279569776,773.4006320633895,780.7208646891345,788.0682947950852,795.455407874359
Tulsa,Oklahoma,36.120121,-95.941731,336.861729457007,338.2208062300995,339.5899680251833,340.9501013243892,342.30149427120284,343.6366551350022,344.95731277669984,346.2824846663365,347.6233123520164,348.9693266204347,350.32196818901866,351.697757284268,353.08295906670895,354.4836245495365,355.89917744577957,357.33595691211815,358.80491240099997,360.31795384315734,361.89179356074703,363.5282564625104,365.23070422244433,366.9981763622641,368.7725639457349,370.5469515292058,372.3196102517637,374.09764765271706,375.85926087499905
Tunica,Mississippi,34.652201,-90.37177,2.8806804969944864,2.893083554250157,2.905150240593053,2.9167227891348824,2.927768455804491,2.938346775276707,2.9483674532947073,2.9579187996261527,2.9670305816084586,2.9755807531582263,2.9835732832537807,2.9910309935204697,2.9979896047631907,3.0044600316723282,3.010388693040538,3.015918472087406,3.0211982054999997,3.026258652860313,3.0312149145396785,3.0360957656309298,3.040877392264135,3.0456153601358005,3.050295777821801,3.0548620873810477,3.0594472495873237,3.063957001205485,3.0684270630404287
Tuolumne,California,38.021451,-119.964708,64.36488064013915,65.10719298266436,65.84883327628287,66.5853573266117,67.31745886155454,68.04622183096085,68.77144028435927,69.49903981426046,70.2360895802663,70.98095281810404,71.73167480487837,72.4859521471591,73.24187348004493,73.9975400847161,74.7514091392202,75.50288989088921,76.24998787199999,76.99845704967042,77.75244533865795,78.51145773519796,79.2742513101297,80.04098323618133,80.80989932117969,81.58011072624825,82.35226601471359,83.12729015711395,83.90650015251653
Turner,Georgia,31.718232,-83.628567,8.194397604496242,8.319311292806157,8.444156941276894,8.568412600457226,8.692161223027792,8.815220126680664,8.937526863892215,9.058935102405579,9.179570669320608,9.299276047749343,9.41793659522303,9.535436737220325,9.6518566302641,9.767131962725536,9.88130747312903,9.994583552781748,10.106948085,10.218675093245677,10.330092660030989,10.441109444201961,10.551570725028414,10.66139727804007,10.770824912542576,10.879608498704364,10.987635258161877,11.09489307423142,11.201257051865735
Turner,South Dakota,43.30867,-97.150185,8.277690856509206,8.31150534906243,8.345427531082384,8.378305125275057,8.409976597440357,8.440215799698144,8.468688894701558,8.49553587875735,8.520605986612098,8.543339233038804,8.564263296424445,8.582355126835088,8.598088557924342,8.61096821814525,8.621683320084887,8.63015848111654,8.636038325999998,8.639592078402089,8.64095973462956,8.640464363082604,8.638385956374714,8.635026045012737,8.631784592064163,8.628672366475664,8.625506296153803,8.622803290538881,8.620132591763975
Tuscaloosa,Alabama,33.290202,-87.52286,84.22758111970471,84.48809051022234,84.75117532132106,85.01037833908016,85.26849893369652,85.52445468202731,85.77886144551587,86.03061813855139,86.28196425729138,86.53146279170147,86.77920705412154,87.02515971961562,87.27072047328217,87.51596396499303,87.76061025772862,88.00581642450356,88.25322476249998,88.50419763188042,88.76127312828994,89.02637348593039,89.2991441179102,89.58156324583508,89.86138829071088,90.13927243891688,90.41566358968458,90.69059906794993,90.96540390893944
Tuscarawas,Ohio,40.447441,-81.471157,90.80927354919811,90.99779324269429,91.17878102817373,91.3467425769464,91.50300191915838,91.64747977156733,91.7797162913681,91.90016339304167,92.00894792977563,92.10428602861873,92.18487744439757,92.24958842674745,92.29786399297248,92.32888752567709,92.34280173469742,92.33890892750142,92.317867155,92.28104801728462,92.23156734577694,92.16992462490336,92.0973328882707,92.01405377057857,91.92876085853248,91.84134315559324,91.75271241904714,91.66352669980503,91.5763309899442
Tuscola,Michigan,43.487902,-83.436618,85.00808953292685,85.41438314610062,85.81184028739749,86.19551554499995,86.56590262330265,86.92313540824317,87.26587504044616,87.5904396566296,87.89751542222332,88.1847007582229,88.45013799724514,88.69208662210211,88.90925798064517,89.09985298058871,89.26305993843647,89.39758183416868,89.502690663,89.58097209709896,89.63449300062615,89.66365503139417,89.66892679018437,89.65111159262192,89.62789911820283,89.59988348577491,89.56659609455677,89.52848044171651,89.487452769735
Twiggs,Georgia,32.665847,-83.425879,6.430259497110529,6.528281031986162,6.626249175039336,6.723754345166259,6.820861636506639,6.91742769567415,7.013403519215302,7.108674278142068,7.203338710756253,7.297273211331893,7.390387818305119,7.482591838717234,7.573948172523462,7.664406353480659,7.754001488540576,7.842890827591277,7.9310648624999995,8.01873862334623,8.106169561109498,8.19328599909664,8.27996652576617,8.3661489725577,8.452018382362755,8.537382398341524,8.622152521719793,8.706319244364796,8.78978455936955
Twin Falls,Idaho,42.352309,-114.665639,49.2452022113394,49.99848774407189,50.76623561992538,51.542191852685384,52.32681838451548,53.11844511682429,53.91543748503304,54.7171914109278,55.5182701905835,56.32133887494382,57.12302173281343,57.922039539739345,58.719564918136825,59.514673983678705,60.30487935548422,61.091460258006336,61.876548731999996,62.662738760383725,63.44836024456611,64.23831687828356,65.03065429084401,65.83127112833613,66.63998972069706,67.45787608830419,68.28869683649131,69.13159914895638,69.98864399842924
Tyler,Texas,30.769579,-94.379449,18.129135716050435,18.430400771361178,18.733177480771953,19.03630701737095,19.339676088024344,19.643262034105366,19.94678405048945,20.25264152390386,20.562528186699453,20.876224735738578,21.19349972933356,21.514205077173717,21.838262283302058,22.165858281389408,22.497218848466755,22.832624789658684,23.172407892,23.518050677070594,23.870991967670175,24.231591874117,24.60018784810257,24.9771982649854,25.360645350343404,25.750461937532943,26.147032413972394,26.550915152964226,26.961940214807672
Tyler,West Virginia,39.465981,-80.879493,1.985858823288288,1.99040124707636,1.9942630185887915,1.9973193880515918,1.9995265836142369,2.0009623003114063,2.001622160958047,2.001576200514997,2.0008386448336775,1.9994434170982425,1.997374102864746,1.994637267910767,1.9911453685352583,1.98704722903,1.9822706258416278,1.976895442597348,1.9709501309999995,1.9643241671270115,1.957217807194529,1.949640899868919,1.9416043881128127,1.933003219484954,1.9239205605013372,1.9142130583514982,1.9040251601421643,1.8933087168377591,1.882144706361752
Tyrrell,North Carolina,35.87042,-76.165345,3.489680900779775,3.541127783648107,3.5930059947865,3.6450831866079687,3.6974301620549572,3.7500566870505616,3.8029411951812784,3.8561292607548863,3.90977551088707,3.9638844216259144,4.018457213711805,4.073517081212096,4.12912750262691,4.185329576215939,4.242195325662017,4.299649878888077,4.3577538659999995,4.416526411930519,4.476065989737517,4.536350626094026,4.597278999547929,4.658814487887617,4.721016907392053,4.783780053647567,4.847132817509985,4.91110856588322,4.975631612863279
Uinta,Wyoming,41.284726,-110.558947,10.597312739195738,10.660717853978166,10.720991592525067,10.777965827253327,10.831787669798171,10.88136429086935,10.925897084447062,10.966773103092015,11.005106192042344,11.03959336252891,11.070318678343265,11.096525565361391,11.118550278749517,11.13521592542584,11.147047904087593,11.154928884546132,11.158375499999998,11.157892133198542,11.153247608714976,11.145051389038095,11.133282458220014,11.118087927895951,11.099236622639127,11.077085813563663,11.051593468773778,11.023116859383592,10.990899411269087
Uintah,Utah,40.125887,-109.517748,19.561577616501474,19.843348473985348,20.129468786965546,20.417936164609806,20.708282835289268,21.000968364112982,21.296025577160172,21.594496702445984,21.897612717941083,22.205923460472366,22.519543821317093,22.839072876420982,23.164691169219733,23.49680902570356,23.836074760937016,24.18330902690054,24.538265627999998,24.903250596300428,25.278756322990084,25.6646350907125,26.062339453473054,26.471606802637986,26.887250617690942,27.308204051057345,27.73499232000466,28.166720913874222,28.602733311081682
Ulster,New York,41.947232,-74.265447,219.33781493380758,219.92235734594743,220.45576214655384,220.93016113233372,221.35013362044307,221.7198592370145,222.041747547933,222.32873712261963,222.59334399998485,222.83031509800415,223.0401300459059,223.21828946473866,223.36240662810445,223.47008338986166,223.54121697231852,223.57299811856632,223.563405534,223.52342501189665,223.46417938245594,223.38235692005378,223.27614188546852,223.1438327369142,223.00576803762,222.8648826616736,222.72155346061143,222.57311963419082,222.42724383032117
Umatilla,Oregon,45.5912,-118.73388,111.20029065546889,112.30860988716508,113.45812256640993,114.6420516059267,115.85939761957317,117.1109413777729,118.3959021101024,119.71156273548745,121.06485649528959,122.45259784618062,123.87225709198803,125.32689485277231,126.81170158272418,128.32636497367417,129.87457026202165,131.44997759192705,133.055553891,134.69529670380933,136.37560834782838,138.0979254406367,139.86490260167443,141.67604013787047,143.5048855472736,145.34703528469464,147.2043319683334,149.07896175537587,150.9672081786058
Unicoi,Tennessee,36.100215,-82.418245,7.072893207153233,7.135803365117155,7.199108274124568,7.262488544694826,7.326030304328332,7.389700058997148,7.453440390367681,7.517520446878669,7.582081381933543,7.64699520049699,7.712194914513146,7.777812107663172,7.8436912719602425,7.90994006677985,7.976521409448214,8.043599181459147,8.111141085,8.179314590210435,8.248297933167661,8.318221501337561,8.389142713053733,8.460980225676906,8.53344814375438,8.606461536001039,8.67998451595838,8.75408766032812,8.82882719122858
Union,Arkansas,33.168219,-92.598145,22.707050994476777,22.873482547713447,23.03895040245815,23.202367309130203,23.36416981490973,23.52379782152789,23.68094656963254,23.83684333337154,23.99198231709977,24.146931855825304,24.300744724534674,24.45416222976016,24.60617125257431,24.757381311681442,24.907808880560058,25.057305697903693,25.206225943499998,25.355187372792543,25.5042558796953,25.653711513342703,25.803941400479378,25.9540065528311,26.10362692126344,26.251995305330162,26.399078758074257,26.545033777541427,26.688748403933264
Union,Florida,30.05428,-82.366918,35.11259332307244,35.781334892452875,36.46550488830708,37.16286363442113,37.87419174786957,38.60005732170668,39.34083431646818,40.09906484639689,40.877006979208524,41.67503263193861,42.49283732305805,43.330647881088524,44.188803527062426,45.06714691146472,45.96634217185886,46.88757862535845,47.83123840649999,48.79966541000738,49.79505639859047,50.81802442230778,51.86995906129212,52.952112981163076,54.05082742661595,55.1659961356406,56.29853255282427,57.44941960176086,58.61937455101887
Union,Georgia,34.83377,-83.989573,21.423042978849278,21.74961137868401,22.076001898402435,22.400849978208186,22.724372485640334,23.046091824770162,23.365844735764885,23.68324865453874,23.99863253747121,24.311584579909457,24.621805066041073,24.928991843339716,25.2333544692027,25.534724810369386,25.83321982910805,26.12936341891191,26.4231239025,26.715217673765395,27.006502456008672,27.29673945126546,27.585524165024697,27.872649476603012,28.15873187462268,28.44313050332221,28.725550520317025,29.005960248326133,29.284033167683994
Union,Illinois,37.475104,-89.252875,25.320800274324068,25.418721511606936,25.513986653843105,25.60496241274464,25.691967039338234,25.775170667820536,25.854180988749853,25.930617279362625,26.00558641272654,26.078197686282625,26.148329003725024,26.215113681440165,26.278575738373455,26.33810269141692,26.394026802648742,26.44612589682387,26.494337924999996,26.539543581842185,26.58296383040883,26.62444054597597,26.66417588800081,26.7020757822805,26.739591373433612,26.77694283512643,26.81384394159278,26.850410784402165,26.886991638263037
Union,Indiana,39.623111,-84.925152,9.456713727451389,9.502980110788311,9.548641307265928,9.59313166484489,9.636466389225177,9.678666768386767,9.7196947880797,9.759623435663894,9.79872945487903,9.836971790335161,9.874247043272398,9.910514158300794,9.945920630710177,9.980252060130793,10.013540378532603,10.045727804255678,10.076829542999999,10.107002213475385,10.136423722371632,10.165153371918674,10.193109051336604,10.22024058181548,10.247359947734369,10.274359188623396,10.301361470652418,10.328307491591508,10.355245909680603
Union,Iowa,41.02855,-94.245091,10.158310367231376,10.18918596150758,10.218759510969116,10.246170980751558,10.271105138952418,10.293565412005412,10.313246847309209,10.33010147479169,10.344362291946007,10.355786021977842,10.364173931731267,10.369690490024986,10.372013612089049,10.371235811633975,10.367124091166607,10.359846345939365,10.349529353999998,10.336104586674043,10.319996921743135,10.301298872917783,10.280017293065436,10.256076800644193,10.23142703644233,10.206020030387723,10.179794106673366,10.153180995948334,10.125700997491432
Union,Kentucky,37.658029,-87.95165,7.6013374655026515,7.6424319478477925,7.682601267415341,7.721294732075782,7.758626151535874,7.794612046559512,7.829221211259352,7.862719813497994,7.895329965767678,7.92693969400207,7.95755817640333,7.987216618858792,8.015894829323711,8.043605657281109,8.070466583718614,8.096462923512776,8.121664430999997,8.146282204829932,8.170580577224742,8.194476944365004,8.218028211104102,8.241405092002184,8.264939837977396,8.288632449029736,8.312556350776475,8.336768448070995,8.361338495249703
Union,Louisiana,32.829349,-92.37565,3.875000751582785,3.8901760337502975,3.9049566624919247,3.9191092775210565,3.932578112592732,3.9453640256491793,3.9574121083876674,3.9689471416725053,3.979990574059448,3.990531252299501,4.000455928018281,4.009782618002623,4.018502742830223,4.026677216399426,4.034369526435265,4.041728954885792,4.0487666550000005,4.055788054211835,4.062919270029132,4.070349049742536,4.077965860862117,4.085862361148741,4.093424263965591,4.100636984294758,4.107505669789619,4.1140963820019,4.1203816667802355
Union,Mississippi,34.489101,-89.0023,6.904706482661859,6.934435385234497,6.963358039969366,6.991096295225739,7.017571666700828,7.042926853126981,7.066945428093466,7.089839061386603,7.111679102372567,7.1321730186500405,7.151330323467849,7.169205718006725,7.185884821506077,7.201393795400172,7.215604210829892,7.228858544752876,7.241513543999998,7.253642936249634,7.265522605717662,7.277221523458046,7.288682609977849,7.300039050760599,7.311257549435409,7.32220254220655,7.333192722909604,7.344002151885015,7.354716448372194
Union,New Jersey,40.659871,-74.308696,2567.443428882014,2585.536581509301,2603.03133972962,2619.772487602428,2635.8608415767253,2651.3448881558443,2666.2346794197424,2680.7735348333094,2695.096270527759,2709.176869354961,2722.9839924773987,2736.462649104707,2749.552822406543,2762.2341125735775,2774.4429549825422,2786.138550014779,2797.3268106585,2808.1455095390234,2818.7593233780317,2829.1046875522534,2839.230975513252,2849.0681183507254,2858.9049655387885,2868.732647595125,2878.536677698616,2888.298725585808,2898.085608023487
Union,New Mexico,36.488085,-103.475723,1.7067610608043355,1.7227517392946472,1.73821799961187,1.7530828546321475,1.7672883375798707,1.7808081822598412,1.7935509098543019,1.8057085353074567,1.8174042380174764,1.8285682767074558,1.8391490247178677,1.8490848923496275,1.8583985228744575,1.867004777590682,1.8747125472849644,1.8816975437458698,1.8878519849999997,1.8932465180551286,1.8980115681563763,1.9020547507551162,1.9053724429278724,1.9079981567167943,1.90936037594361,1.9094382687983353,1.9081602825423263,1.9056233303785561,1.9017703512622839
Union,North Carolina,34.991501,-80.530131,173.26705914403783,175.82146178146286,178.3972804116403,180.98297868375727,183.58207205322788,186.19504541045401,188.82082795579808,191.46168251113582,194.1252865078313,196.8118621873187,199.52147016089842,202.2552620432748,205.01638962206067,207.80689347769749,210.6303496768995,213.48304072658516,216.36797698799998,219.28610803818097,222.24232318868107,225.23553143609595,228.2607020425054,231.31601666890222,234.4044452689982,237.5207146596723,240.66625930836366,243.8427359239454,247.04638660580267
Union,Ohio,40.295901,-83.367042,40.76480876423129,40.8494363463416,40.93068281132664,41.00608172322028,41.07622744682244,41.141084391426546,41.2004461309344,41.254515532373546,41.30334954087449,41.34614736553916,41.382325318779614,41.41137445349171,41.4330456347294,41.44697227821488,41.45321844721999,41.451470943526814,41.44202517,41.425496845863385,41.40328468588566,41.37561291151827,41.34302606057193,41.305641582378364,41.267353100237614,41.228110787160475,41.188323936272624,41.14828795043871,41.10914529133999
Union,Oregon,45.304047,-117.999136,37.92195833232141,38.2999216944273,38.69193300723815,39.095681121926845,39.51082522391978,39.937631574602584,40.37583391258965,40.82450564825903,41.286011182714965,41.75926416950418,42.243401921737245,42.7394681840458,43.24582278629446,43.76235922392898,44.29033425068943,44.82758582412467,45.3751257375,45.934317249109775,46.50734370231602,47.094695018068265,47.697276485077595,48.31491769605722,48.938597715262546,49.566814828478726,50.20019741257582,50.83949099943351,51.48342818485631
Union,Pennsylvania,40.962179,-77.055475,137.7791968024646,138.16916719106496,138.54988672107564,138.91447284265647,139.26453778476844,139.60200510334425,139.9246510342998,140.2347882922826,140.5332841452853,140.81720322471705,141.08378806311364,141.33063699526414,141.55501479134534,141.75358580523104,141.9254271748264,142.0682150666636,142.18029277649998,142.26462902938778,142.323314163566,142.3558367132953,142.36236346088202,142.34252748525225,142.30457895115782,142.24792856111654,142.17222051287487,142.07777725222502,141.96714498904328
Union,South Carolina,34.690514,-81.615831,14.449060366371462,14.595371798019643,14.740960228028975,14.88541939833572,15.0282948507669,15.169755285704904,15.309401330815897,15.447412015077111,15.5840111247101,15.71874764440682,15.851569931193065,15.982250755982342,16.110683389961302,16.23724654827409,16.36160627302087,16.483659278253224,16.603481307000003,16.721406317161033,16.83786466685469,16.95283225602634,17.066309084675986,17.178346795777827,17.289582319347048,17.399846955001237,17.50930251739291,17.617976549441636,17.725827736768057
Union,South Dakota,42.831106,-96.650829,17.23988507894178,17.31031027066803,17.380959746444365,17.449433666934898,17.515395606064484,17.578374567327963,17.637675270170067,17.69358928385591,17.745802610715376,17.793148973688027,17.83672736461927,17.87440708503332,17.90717498475053,17.933999357140532,17.956315620123853,17.97396677486543,17.986212683999998,17.993614057652753,17.99646246508882,17.995430758458433,17.99110207629182,17.984104413929213,17.977353464021697,17.970871654974278,17.964277703901818,17.958648174244725,17.95308592980265
Union,Tennessee,36.28414,-83.836088,6.31782368850568,6.374017847613038,6.430564615959719,6.487178700615729,6.543937034506007,6.600809699270856,6.657745406293645,6.714984570964823,6.772653277800272,6.830637195925423,6.888876488620874,6.947488692299735,7.006334900291967,7.06551127875375,7.1249847037868435,7.184901561651211,7.2452330025,7.306128618131712,7.367747616960466,7.430206466886525,7.49355645652652,7.557724927006889,7.622456503757336,7.687675322365763,7.753349327446774,7.81954156125831,7.8863022439041535
Upshur,Texas,32.735878,-94.941649,32.33878056649605,32.87617764204567,33.41627120853665,33.95699414871629,34.49814437011578,35.039681454241325,35.58110450047376,36.12669353859953,36.679469851027825,37.23904224447965,37.80499787291154,38.377072572596354,38.95512632232355,39.53949257466672,40.130574071045885,40.728871712080256,41.33497733999999,41.95153547911164,42.58111270376945,43.224351379320794,43.88185345261931,44.554365222282044,45.23835873121014,45.93371416743991,46.64111720184778,47.36156386160159,48.0947510079981
Upshur,West Virginia,38.902537,-80.231335,6.830400086894224,6.846023841953196,6.8593064802579695,6.869818922532049,6.877410614643334,6.882348790176307,6.8846183937177585,6.88446031187905,6.881923474753117,6.877124561792339,6.870007115197177,6.860593718087447,6.848583262198945,6.834487631580817,6.8180584119150955,6.799570364492868,6.7791213495,6.756331217752933,6.731888754406037,6.705827834139037,6.678186095484957,6.648602208526751,6.617362226115413,6.583973083468305,6.548931609221372,6.512072193829294,6.473673362436467
Upson,Georgia,32.881837,-84.292281,23.156583568925324,23.509577700020948,23.86237955704129,24.213514160778658,24.56321592757142,24.91096861469689,25.25659575142843,25.599683816809613,25.940588386185127,26.278864331901236,26.61418768531054,26.9462318438742,27.275223322256235,27.600980381947146,27.923629449736158,28.24373681228336,28.561268228999996,28.876998063970113,29.191853446981394,29.505576256672477,29.817729267063964,30.128088597383247,30.437320622165238,30.744732627960605,31.050005913904833,31.353106239409165,31.65368066302035
Upton,Texas,31.353849,-102.042013,3.1061241170927336,3.1577408443650388,3.2096165682784603,3.2615527432280307,3.3135299583305837,3.3655443314094846,3.4175477512043124,3.469951312490715,3.523045207972042,3.576791863724448,3.631151626086605,3.686099122261231,3.7416209032792724,3.797748997097959,3.854522086834457,3.911988283749188,3.9702044339999993,4.029424542858049,4.0898951285395615,4.151677889923174,4.2148306437108936,4.2794250715212705,4.345122314793873,4.411910865647968,4.479856582437156,4.549055133085621,4.619477401268609
Utah,Utah,40.120409,-111.668667,348.5589522809242,353.57970044312896,358.6779495963333,363.8180200390203,368.9915767589506,374.20680854007867,379.4643002955443,384.7826230175303,390.1837109487723,395.6773613843591,401.2656215202792,406.95916602133076,412.76121190978165,418.67907059987715,424.72429412612456,430.9115053170146,437.236317324,443.73982029513894,450.43078792752596,457.3065881120324,464.39310325508666,471.6856540515718,479.09182422542784,486.59260409961723,494.19735228437395,501.89012989664326,509.6592386736329
Uvalde,Texas,29.35034,-99.761074,23.130276603236762,23.514649260012543,23.90095057891594,24.287702056645703,24.674759146789686,25.06209294006548,25.44934516786584,25.839577116704923,26.234949755444127,26.63518328352853,27.03998241328764,27.449158201911303,27.862610499385386,28.28057780728993,28.703348185974825,29.131279904047283,29.564796275999996,30.00578879488316,30.456093200130912,30.916168942838933,31.386446564820524,31.8674598553262,32.35668544698986,32.854037644438584,33.36000687299926,33.87530553998884,34.39971682578911
Val Verde,Texas,29.884961,-101.146646,41.621381814698324,42.313034637585716,43.00815795865097,43.70409131034018,44.400574591076854,45.097555780545676,45.79439019841064,46.496586424488285,47.208032977347344,47.92822637465041,48.65663526603408,49.3929196615805,50.13689934805451,50.88900349305735,51.649750441873614,52.41978487483934,53.19986851799999,53.99340498627091,54.80369756967365,55.631573019647824,56.477806067317694,57.34335723064791,58.223685879260174,59.11863781007692,60.02909551058992,60.956340909997586,61.89998385593517
Valencia,New Mexico,34.71684,-106.806582,32.28534155599821,32.58782356629705,32.88038560582483,33.16157137490013,33.43028436552754,33.68602772252164,33.927071019202145,34.15704643830389,34.378284059317124,34.58946464605989,34.78961162109875,34.977559944688565,35.15373794026505,35.316535111709946,35.46233640922584,35.59446562267385,35.7108839325,35.8129277078237,35.90306409163464,35.97954552431512,36.04230347411544,36.091971859720445,36.1177397976128,36.11921323023164,36.095038655520135,36.04704929778312,35.9741657819626
Valley,Idaho,44.771532,-115.637875,6.2674871766645595,6.363358595701614,6.461070651917219,6.559827394099028,6.659687614097953,6.760438756760696,6.8618727893840346,6.963912830316769,7.065866944698173,7.168074316283506,7.270105312316099,7.371797124593435,7.473298993967823,7.574493336737441,7.67506358139738,7.775172536150164,7.875091547999999,7.975150755802011,8.0751376044029,8.175676191912347,8.276517783576494,8.378413106106985,8.481339547253471,8.585432780518053,8.691172185608169,8.798449223722134,8.907526196964021
Valley,Montana,48.365713,-106.687883,4.216183075277728,4.2492753250640805,4.282267378112847,4.315172897615517,4.3478689148486875,4.3799227620818755,4.411379983286711,4.441735040378101,4.471201990022706,4.499370936475856,4.526373957255279,4.55206986604892,4.576249160587282,4.59905302718242,4.620353942713767,4.6399651768976415,4.6579413825,4.674241569946375,4.688915837605557,4.7022693300874705,4.714192741860203,4.724672409732264,4.733885955193011,4.741669419944578,4.748464580511771,4.7540938154052395,4.758880486823551
Valley,Nebraska,41.564094,-98.983484,4.1662994212835605,4.179229764639476,4.192105003697228,4.204445970646705,4.216267040522209,4.227537067416081,4.238232092937816,4.248431179776084,4.258234953171009,4.2676649756740455,4.276582288620259,4.284977308653451,4.292883577520326,4.300212449176012,4.306968715298615,4.3131571675662315,4.318926348,4.324271464921818,4.32933387283567,4.334113571741551,4.338747124465351,4.343145884962193,4.347432041023659,4.351291737734123,4.354830392011814,4.35810550399394,4.361018844279431
Van Buren,Arkansas,35.582959,-92.515977,8.94426579746163,9.009822881452642,9.07500036637274,9.139369986603448,9.20310369727946,9.26598087671853,9.327881480770026,9.389288930472981,9.450397892017607,9.511432231522653,9.572018838790207,9.632449713105588,9.692325788778861,9.751887154111289,9.811140297975877,9.870026820515564,9.928686232499999,9.987361866666955,10.046079678508454,10.104949978865623,10.164125256254126,10.223235644912556,10.282170833999796,10.340612868738493,10.398548771382638,10.456040186225792,10.512649114339974
Van Buren,Iowa,40.754117,-91.952943,6.006353439760111,6.024609402137843,6.042095498162946,6.0583032108498704,6.073046151502711,6.086326346085561,6.0979634837947705,6.1079292011331425,6.116361263658514,6.123115827920789,6.128075388002987,6.131337190181231,6.132710793831447,6.132250899983956,6.129819743080918,6.125516595362539,6.119416417499998,6.1114786902115785,6.101954633043925,6.090898947027358,6.0783156840900485,6.0641602730221065,6.049585487388391,6.0345629636917,6.019056234578486,6.00332057152357,5.9870723395549295
Van Buren,Michigan,42.283986,-86.305697,123.32694647934314,123.91638391949841,124.49300169625204,125.0496251684389,125.58697058619218,126.1052321868362,126.60246759712824,127.07333529065102,127.5188307336913,127.93546979424511,128.3205574294382,128.6715685540551,128.9866336338498,129.26314260477736,129.49991790305944,129.6950778546172,129.847566294,129.96113442953265,130.03878079990855,130.0810881171006,130.08873621174365,130.06289050778327,130.02921461168842,129.98857045158542,129.94027819683944,129.88498125858703,129.82545965853177
Van Buren,Tennessee,35.699245,-85.458411,1.590036388142042,1.6041790363365935,1.618410427356043,1.6326587601875182,1.6469433969019063,1.6612568078049732,1.6755860848494617,1.6899917345068922,1.7045054890601075,1.7190985743204288,1.7337559308993873,1.7485071397386172,1.763317241543461,1.7782104389025268,1.7931783953686287,1.8082579526599807,1.8234418500000003,1.838767735859856,1.854275678969578,1.8699949913531486,1.885938581057823,1.9020881616833218,1.9183794619110055,1.9347933885876394,1.951321874183687,1.9679807848405688,1.9847827596878922
Van Wert,Ohio,40.85552,-84.585775,21.488931304484343,21.53354224106326,21.576370841459585,21.616116938331675,21.653093847618997,21.687282807888064,21.718575002824558,21.74707737259944,21.7728199355063,21.795380559291377,21.81445155644525,21.829764638468852,21.841188475327677,21.84852982425665,21.8518224558361,21.850901269451192,21.845921985,21.837209175282087,21.82550016463405,21.81091315008694,21.79373518157333,21.774028171823772,21.75384462166328,21.733158265084963,21.71218485857408,21.691080122028684,21.670446297464174
Van Zandt,Texas,32.558948,-95.836391,44.6687391195949,45.41103209882456,46.15704967274483,46.90393658461216,47.65141368921418,48.399425157508425,49.14727910814714,49.90088743794916,50.66442336783924,51.43734655244204,52.21908673796659,53.00927904174246,53.807730056015366,54.61490037038571,55.43134628138381,56.25775967035746,57.09495803399999,57.946594186804525,58.81621327296803,59.704702575486905,60.612893548315114,61.541817034844,62.486599957223554,63.44707682222072,64.42419472966316,65.4193294666689,66.43206231541944
Vance,North Carolina,36.365481,-78.405434,42.15164899188201,42.77307284410524,43.399706684965494,44.02874400171584,44.66104001890616,45.29671269854328,45.935501541195386,46.5779570362279,47.22594691541634,47.87952524468054,48.53870676927135,49.203771648955104,49.87548663677651,50.55434815618114,51.24122617696974,51.935216323756244,52.637050943999995,53.346961046631144,54.066136081885695,54.794310635248145,55.53026085089719,56.27354437130704,57.02488371376978,57.782996041460684,58.54823032531671,59.320989602194715,60.10035966654141
Vanderburgh,Indiana,38.02007,-87.586166,282.78194524819395,284.1654383153082,285.5308346183409,286.86121959387907,288.1570479344875,289.41895620975697,290.6458076882753,291.839784894354,293.0091632326735,294.1527150333086,295.26734838681836,296.35183562327745,297.41058726056536,298.4371921335172,299.4326050965194,300.39509831782533,301.32512649,302.2273729464613,303.1071575902185,303.9662537222741,304.8022060027781,305.61351394626655,306.424458135703,307.2318102538771,308.0392533105641,308.84501400476114,309.65054735267574
Venango,Pennsylvania,41.40198,-79.754418,144.46609905394757,144.87499605795912,145.2741932271308,145.65647397760947,146.0235287854189,146.3773745633322,146.7156796202822,147.0408689149788,147.35385180693828,147.65155046395176,147.93107358909594,148.18990295601805,148.42517058470546,148.63337893855717,148.81356036578035,148.96327824920965,149.080795479,149.16922486272617,149.23075818999138,149.2648591718502,149.2717026851326,149.25090400081257,149.21111369274962,149.15171386281096,149.07233144042578,148.9733045207989,148.8573028902023
Ventura,California,34.358742,-119.133143,1044.335258972412,1056.3794505371213,1068.4127379509641,1080.3630131194989,1092.2415319403947,1104.0658817537594,1115.8327209649722,1127.6381936999546,1139.5969987284418,1151.6825791668707,1163.8632191785814,1176.1015456658452,1188.366546285605,1200.6274138804397,1212.8591158029296,1225.0520669527157,1237.173906624,1249.3179942805205,1261.5516308104218,1273.8667846617222,1286.2432890177645,1298.6836940428639,1311.1595375582804,1323.6563979451253,1336.1847982952302,1348.7597464721532,1361.4026110941245
Vermilion,Illinois,40.18674,-87.726772,121.28702346501808,121.75606770040481,122.2123891995919,122.64816448651392,123.06491798849238,123.46346465095081,123.84192530561855,124.20805631540861,124.5671596193702,124.91496873852161,125.25089882967653,125.57079846497176,125.87478269552594,126.15991771781451,126.42779507231157,126.67735053616998,126.908286894,127.12482268681731,127.33280634648465,127.53148045313777,127.72181335369164,127.90335443126507,128.08305469094077,128.26196876797263,128.43872563653053,128.6138813770211,128.7891042306642
Vermilion,Louisiana,29.786872,-92.29009,10.09184600846897,10.131367706808525,10.169861590740789,10.206719909137968,10.241797427355554,10.275096379772698,10.306473766124029,10.336514993745881,10.36527592211691,10.392727504308214,10.418574802272481,10.442864737971787,10.465574967614666,10.486864132120505,10.50689757554613,10.526064079862994,10.544392692,10.56267885093323,10.58125101039718,10.600600733804042,10.620437551864793,10.641002777527234,10.660696595322621,10.679481020805472,10.69736946025066,10.71453396085245,10.730903022478161
Vermillion,Indiana,39.854045,-87.462071,23.219595916114635,23.333196343974155,23.445310822831534,23.554550475729997,23.660952638071613,23.764569579419266,23.865307961267803,23.96334699354713,24.059366180574806,24.153264716765246,24.24478872138444,24.33383738884681,24.420772872552355,24.505068743332,24.586803405530063,24.66583498461871,24.742200815999997,24.816285454315192,24.888525723768435,24.95906723242777,25.02770836912206,25.094325927024492,25.160913616605274,25.22720635650976,25.293506563494645,25.359668629491903,25.42581202778812
Vernon,Louisiana,31.110563,-93.18152,8.29838834490872,8.33088650239118,8.362539502001528,8.392847598215385,8.421691366550816,8.44907264430755,8.474873844303376,8.499576339065458,8.523226061086842,8.545799125471142,8.567053008655057,8.587026293932752,8.605700608307002,8.623206400058068,8.639679629365379,8.65543998638056,8.670511356,8.68554781692472,8.700819452213855,8.716730467806242,8.733042014738018,8.749952521379162,8.76614648112873,8.781592659891455,8.796302081465663,8.81041621792995,8.823876275693207
Vernon,Missouri,37.850196,-94.341597,26.355025900884954,26.50178594527724,26.648932127730326,26.794736020733982,26.93922520557826,27.082165241297684,27.223091842842962,27.362515264080137,27.500761883608227,27.636893937565286,27.770300040688408,27.901030758676015,28.028286234116464,28.152043482601375,28.271925559833303,28.387877303232134,28.500123959999996,28.60935965927,28.717257665972248,28.82314223850034,28.927670730933983,29.030990243486794,29.134888963130795,29.239114061373808,29.344414829929036,29.45086941578498,29.558744438078836
Vernon,Wisconsin,43.599858,-90.815226,74.67513890796499,75.1566448587677,75.63744718980243,76.11232287740732,76.58143429537498,77.04406429278804,77.49865678746747,77.94352038574031,78.37920986473134,78.80178765997003,79.20946765973773,79.60050434576405,79.97351754081191,80.3267076020133,80.65816663730521,80.96735340071231,81.2539296135,81.51862595773498,81.76355329272107,81.98903636604342,82.1954675810342,82.38269809505009,82.56419140172753,82.7379719532565,82.90567701871244,83.06809140475949,83.2269065050706
Victoria,Texas,28.79637,-96.971198,78.6427701124189,79.94963431481618,81.2630559542441,82.57800813036654,83.8939993864467,85.21093143113725,86.52758615381208,87.85437190607492,89.19863596614051,90.5594270141827,91.93574107429637,93.32693574231841,94.73267050893837,96.15375627777193,97.59117245188739,99.04613714191085,100.52008961399999,102.01946093059604,103.55049259225599,105.1147467293217,106.71368718078772,108.3491288261748,110.01249223502109,111.70348604368972,113.42377769468048,115.1757893676246,116.95878387741693
Vigo,Indiana,39.429143,-87.390375,162.53410652421798,163.32929452445796,164.1140810778219,164.8787442289384,165.6235453206937,166.3488502331287,167.05400560902754,167.7402658942447,168.4123875293113,169.06966488843426,169.71032083998657,170.33364975817517,170.9421866689974,171.53224663775597,172.10437848451218,172.6575891062981,173.19213984599998,173.710722535347,174.21639488610927,174.7101761355434,175.19065503206338,175.6569691441441,176.12307418191585,176.58711461088552,177.05120730843248,177.51433303730008,177.97732809472438
Vilas,Wisconsin,46.049848,-89.501254,43.18250353213435,43.460944693749155,43.738978972115284,44.013586041579146,44.28485979827504,44.55238553427647,44.81526341162957,45.07251534560204,45.32446214798606,45.56882683752463,45.80457655674039,46.030701922189486,46.246404816730305,46.450644558207614,46.64231786704325,46.821111756122875,46.9868306085,47.13989695677902,47.281531450705934,47.4119218825494,47.53129516796728,47.63956523550315,47.744517639626785,47.845009977370744,47.94198903475599,48.035908643098345,48.12774688713017
Vinton,Ohio,39.252014,-82.485961,10.254113600757009,10.275401100122837,10.295838102205561,10.314804191618672,10.33244887683194,10.348763205242378,10.363695251752707,10.377296046199913,10.38957991274876,10.400345417832199,10.40944573876136,10.416752853313632,10.422204093268148,10.42570724681422,10.427278428637209,10.426838855830887,10.424462834999998,10.42030524617609,10.41471792665628,10.407757277839334,10.399560274550854,10.39015646038067,10.380525250094795,10.370654110049056,10.360645995177723,10.350575212085529,10.340729139328134
Volusia,Florida,29.057617,-81.161813,1042.4467574938017,1062.3008159561791,1082.6129241274691,1103.3165889638353,1124.434985960484,1145.9849810537162,1167.9776766404502,1190.4885447521947,1213.5846244523068,1237.2769574688689,1261.5565041453742,1286.429998722576,1311.9075122271868,1337.9843731588644,1364.6802988891843,1392.030598680476,1420.0466176049997,1448.7979428172093,1478.3497933153938,1508.720369750238,1539.9509269299624,1572.0786548508,1604.6980430154829,1637.805936644559,1671.4294547075497,1705.5977789143863,1740.3322040263713
Wabash,Illinois,38.445821,-87.839167,17.689446601507758,17.757855675443118,17.824409166182534,17.887966036885082,17.948748621935213,18.006875779337186,18.062073436516457,18.115472842007726,18.16784727200341,18.218574469892978,18.26756913757924,18.314225798405193,18.358561232324384,18.400147550521467,18.43921687568712,18.475613993251066,18.509295554999998,18.540876825897147,18.57121078691427,18.600186970023888,18.627946606501645,18.65442397486283,18.680632863967336,18.706727090055967,18.732506692015665,18.758052772955228,18.78360864220102
Wabash,Indiana,40.843717,-85.795175,49.0366849075866,49.276593836511935,49.51336463963741,49.74406419435613,49.96877134804999,50.18759648705365,50.40034249291239,50.60738783305929,50.8101675298451,51.00846869533865,51.20175516734297,51.38981405792694,51.573410186695014,51.75143180556234,51.924044494030916,52.090948632049496,52.252223066999996,52.40867992691604,52.561241726165925,52.710215969539085,52.855176881173236,52.99586426470807,53.1364885703374,53.27648998164966,53.41650716243831,53.55623260791389,53.69591862969853
Wabasha,Minnesota,44.289693,-92.233341,46.838698495631704,47.27847870743787,47.723676799489205,48.170683897086164,48.620103002077244,49.07188843250424,49.525053458069536,49.97955239681496,50.43454470070917,50.888139136681765,51.33985147597561,51.78699561944722,52.2289137468982,52.663403987942225,53.08984506794749,53.50628179910207,53.911736587499995,54.308511803835685,54.69702772212479,55.07676356804356,55.448212706740804,55.81227050459768,56.17441879660086,56.53486771975817,56.894357321792825,57.2545961079423,57.615273440890725
Wabaunsee,Kansas,38.955154,-96.201262,7.247866223707527,7.277853049125119,7.307723492755785,7.336935321274077,7.365718653213235,7.393578865978826,7.420582085586145,7.446881724390689,7.47264706499162,7.497748500398954,7.522114614516168,7.545480903282066,7.567778595640743,7.589094977932385,7.609062389511939,7.627905658831417,7.645664461499998,7.662420793776654,7.678254006879742,7.693330738367813,7.707524026291496,7.720878836341194,7.7335089052632195,7.745303141351872,7.756354121028566,7.766868157461038,7.7766415825221635
Wadena,Minnesota,46.586784,-94.988331,32.66945526303368,32.97619691932692,33.286717484983015,33.598499811269555,33.91196448506335,34.22707964372219,34.543157054174976,34.86016485377948,35.177516769919556,35.49389368920885,35.80895786764022,36.1208357818533,36.42906860980069,36.73212057212915,37.029558336905026,37.320018183042876,37.602818250000006,37.87956441494239,38.15054981417816,38.415411213586395,38.67449272970268,38.92841887031381,39.18101315248169,39.43242214436038,39.683162020753215,39.93442444447787,40.18599274956747
Wagoner,Oklahoma,35.963479,-95.5141,48.14756030646701,48.34181279991311,48.53750674295723,48.73191024540885,48.92506449154219,49.1158986902273,49.30465994710956,49.494066424288086,49.68571058036636,49.878096053380766,50.07142876470244,50.2680699460538,50.46605648036335,50.666253237389824,50.868577848584785,51.07393636798128,51.28389379799999,51.50015242197572,51.725100927813735,51.95900014925083,52.20233056948633,52.454954907606144,52.70856766830745,52.962180429008754,53.21554608406467,53.469680512239535,53.72146743678338
Wahkiakum,Washington,46.294638,-123.424458,5.430224977098332,5.482931400371095,5.537991956693262,5.595215770412179,5.6547221388107545,5.71666040441352,5.781025265119009,5.847912158753553,5.917476613626721,5.989718629738514,6.064605510796575,6.142139907851639,6.222233452545997,6.304884377512491,6.389980454936831,6.477566752681448,6.567656525999999,6.660656269337954,6.756897364036724,6.856416924806547,6.959505683544292,7.066287355950752,7.174434319483837,7.283958945713628,7.3949743461379915,7.5075052638970865,7.621594999486194
Wake,North Carolina,35.789846,-78.650624,986.6634684338617,1001.2094287477793,1015.8773417155561,1030.6015139736514,1045.4019641652453,1060.2814534825013,1075.2338842927254,1090.272142159345,1105.4399459582723,1120.7385612359146,1136.1683331412924,1151.7358195057925,1167.4589680784738,1183.3493988763548,1199.4274756916363,1215.6720293844032,1232.1002023559997,1248.7174019410786,1265.5514701606148,1282.5961943322422,1299.8229270872712,1317.2213139550909,1334.808267237699,1352.5537589703245,1370.465957679782,1388.554297439295,1406.7973790096007
Wakulla,Florida,30.140378,-84.375136,63.19726039881742,64.40089223286593,65.63229285848263,66.8874312034081,68.1677122581561,69.47415850273406,70.80744300851373,72.17214118962903,73.57231722021015,75.00864049364323,76.48056299006815,77.98849296589074,79.533040966727,81.11392378768275,82.73233677409041,84.39042051359138,86.0888627895,87.83188225134326,89.62343273368218,91.46461763220823,93.35793797715536,95.30564837371979,97.28316516589594,99.29029709843064,101.32868823090418,103.40010767440849,105.50584640190256
Waldo,Maine,44.505361,-69.139678,26.726467377196137,26.892403773652592,27.057422380305646,27.218667851100232,27.376364534654964,27.5293295018899,27.67919437912221,27.82349133154716,27.96162889462479,28.092281371972387,28.21422504385208,28.32662370177631,28.430048414956094,28.5226636037846,28.603735036419124,28.67254887634588,28.730186076000003,28.77654465873667,28.81054367212075,28.833631184508743,28.846031544519256,28.847194078270245,28.842972245174554,28.834141067732865,28.82004789541828,28.802569098495567,28.779787516042045
Walker,Alabama,33.791571,-87.301092,31.586695738695308,31.684390944303303,31.783051973994255,31.880257268835532,31.977056637612968,32.0730441542627,32.16845077671762,32.262863580188636,32.357122411704395,32.45068836942152,32.5435964469662,32.63583264688795,32.727921873579696,32.819892121942374,32.91163841109742,33.00359466200961,33.09637676249999,33.19049561951098,33.28690305967505,33.386319951691775,33.48861331978164,33.59452502881996,33.69946391505008,33.803674933855376,33.907326054641565,34.01043127485913,34.11348750400003
Walker,Georgia,34.735827,-85.305385,78.19195548486404,79.38389734895173,80.57518996847834,81.7608528372217,82.94167749992074,84.11592077939767,85.28298679365807,86.44147922220753,87.59259872279604,88.73484224979582,89.86711587059025,90.98831675880156,92.09920977788529,93.1991812583248,94.2886581006534,95.36955246350995,96.441748728,97.50786165989017,98.57102186309149,99.63035774901512,100.68439295331665,101.73237150630162,102.7765435295311,103.81456996383292,104.8453746641127,105.86884201147593,106.88378024193376
Walker,Texas,30.74309,-95.569888,62.591765146493586,63.63189810617798,64.67725012869546,65.72382030506478,66.77121748496653,67.81936343833685,68.86728867116977,69.92327718844398,70.99317668743443,72.07623001288002,73.17163810055679,74.27888966111875,75.39771368327312,76.52875556504692,77.6727948131481,78.83080092158256,80.00391940199998,81.19726873572277,82.41581653180722,83.66080608948286,84.93340247791534,86.23505015935555,87.55892076679918,88.90478240398542,90.27396218806939,91.66838793133954,93.08747290831678
Walla Walla,Washington,46.254606,-118.480374,81.65859449648465,82.45118273427266,83.27917193553503,84.13969175188201,85.03453615105722,85.96595091490263,86.93385631151862,87.93968751510006,88.98578332803862,90.07214375033435,91.19827710193896,92.36422324880232,93.56865332592912,94.8115407560195,96.09119788052942,97.40830242060649,98.763053706,100.16156451568823,101.60881809340354,103.10537256244393,104.6555998886439,106.26136048299686,107.88765204152696,109.53466060533357,111.20408712161061,112.89630367255683,114.61196140201987
Wallace,Kansas,38.926626,-101.771103,1.8021842283844722,1.8096404620067392,1.8170677572608862,1.8243312876590794,1.8314882722473753,1.8384157229612623,1.8451300820553551,1.8516694955603568,1.8580760556480784,1.8643175354994779,1.8703761774795715,1.876186212569905,1.8817305408256786,1.8870308660229842,1.8919957692261675,1.896681154100917,1.9010968859999995,1.9052633533191374,1.909200286763866,1.912949120815813,1.9164782863461194,1.9197989640879227,1.9229394347191588,1.9258720752520773,1.9286199048431354,1.9312342233267303,1.9336643885586504
Waller,Texas,30.013578,-95.982102,37.885856622055414,38.51543350147794,39.148169401352,39.781642631481354,40.41561643444457,41.05004345875737,41.6843368842395,42.3235108948518,42.97110501404453,43.62666094709476,44.289695032413064,44.959897794227125,45.63710519346638,46.321707879876215,47.014177677174985,47.71510140554295,48.425172425999996,49.14748887851786,49.885057582348594,50.638631087867445,51.40891459396536,52.196782411977146,52.99810143377457,53.81273129602922,54.64147528284948,55.485500270098065,56.344451121642855
Wallowa,Oregon,45.593753,-117.18558,10.089473738255617,10.190034246828825,10.29433233742435,10.401753108375141,10.512205882937668,10.625761502317815,10.7423491253097,10.861722224516853,10.984509869847505,11.110423029181659,11.239232177012257,11.371215010866354,11.505935148915722,11.643364254678005,11.783836698644969,11.92677725022485,12.072455106,12.221232972944533,12.37369174894668,12.529961781825262,12.690283931680282,12.85461286013997,13.020548467149052,13.187691208306362,13.356208268857776,13.526298004179763,13.69762321013233
Walsh,North Dakota,48.376979,-97.72223,11.946123893457845,11.95366702777482,11.961398270179497,11.967304864133435,11.972176863604997,11.975186593008273,11.975393511904754,11.973681728306637,11.970276971919176,11.96529210759499,11.957259892249988,11.947365406836703,11.934762164960462,11.919149193680946,11.900225520057816,11.878461414310344,11.852916335999998,11.823740771596945,11.791743585878322,11.75634164377223,11.718569539761056,11.67731743612734,11.632359603165837,11.58258620315908,11.528749668457898,11.471545998986793,11.409997032689706
Walthall,Mississippi,31.164492,-90.103431,3.125646030654769,3.139103811453304,3.152196617236583,3.164753265032849,3.1767382263007926,3.188216098388247,3.199088908651,3.2094524764883356,3.2193391005741723,3.2286163563454506,3.2372885502920266,3.2453804447305705,3.2529307980697806,3.2599514531567606,3.26638427237846,3.2723842893696786,3.2781129974999996,3.2836037720658013,3.2889815012728967,3.294277407172736,3.2994656508261873,3.3046065230912283,3.309684951253363,3.314639567832152,3.319614640237755,3.3245078893361018,3.3293580735358947
Walton,Florida,30.631211,-86.176614,117.82929603619013,120.07342957612026,122.36933715089947,124.7095029536146,127.09654654470438,129.5323743058493,132.01824115736432,134.56267781439533,137.1732618012481,139.8512411807495,142.59559418717865,145.40708200171014,148.28684296736185,151.2343490575532,154.25182895590348,157.34327372046337,160.5099657015,163.75977043781754,167.10005972907996,170.5328908217051,174.06292680757343,177.69437132686542,181.38138892939145,185.12362302577245,188.924138913171,192.7862350433437,196.71231839459944
Walton,Georgia,33.782649,-83.734215,51.022316286292195,51.80008983610611,52.57743973669502,53.35111607619581,54.121635358458114,54.88786011432987,55.649401515070295,56.40534842467492,57.156484304039324,57.90182837619051,58.64066682120142,59.3722800157309,60.097167053386535,60.81492749859947,61.525839915243665,62.23115203733803,62.930788420499994,63.62645526845773,64.32019538295376,65.01144002941201,65.69922584110166,66.38305952782922,67.06440935334707,67.7417490197624,68.4143763139762,69.08221579160593,69.74448979517007
Walworth,South Dakota,45.427605,-100.027856,5.909058782353667,5.933197376999943,5.9574128461514615,5.980882632602124,6.003491424594066,6.025077785666278,6.045403404852506,6.064568219009565,6.0824646038301164,6.098692811886895,6.1136295282555935,6.126544445136405,6.1377758103523945,6.146970001179447,6.154619014451117,6.160669038013735,6.164866385999999,6.167403244673016,6.1683795508896,6.168025928165482,6.1665422502142935,6.164143765650715,6.161829843042904,6.159608169841384,6.157348059387242,6.155418509305644,6.1535120215756205
Walworth,Wisconsin,42.66811,-88.541731,233.09727666418067,234.600289949071,236.10110689587475,237.58342391802526,239.04774786277346,240.49184015476163,241.9108435078367,243.2994782631364,244.65947614876748,245.9785461188989,247.25111285377213,248.4717277454412,249.6360825922748,250.73855983724343,251.7732040251505,252.7383256651602,253.63286882550003,254.45911431879838,255.2236511593155,255.92749304155274,256.57186484636617,257.15630196377606,257.72283047832525,258.2652837484628,258.7887724839674,259.2957464465511,259.791485295076
Wapello,Iowa,41.031263,-92.409482,28.114862938906466,28.200316431648034,28.282166292468403,28.35803222765123,28.42704177894192,28.489204429582347,28.54367617104362,28.590324237939168,28.62979349071803,28.66141061920548,28.684625595371426,28.69989361482697,28.70632325283371,28.7041705569229,28.692790666645475,28.672648260854437,28.644094219499998,28.606938877744202,28.562358157582388,28.51060810654581,28.451707691118234,28.38544827997793,28.31722583776477,28.246907599092186,28.17432286560601,28.100666525785375,28.02461092576459
Ward,North Dakota,48.216686,-101.540537,75.71218087729171,75.7599877772437,75.80898686921441,75.84642169860321,75.8772994718889,75.89637454418894,75.89768595540956,75.88683700803892,75.86525833249951,75.83366524400256,75.78275864480185,75.72004934461549,75.64017247935908,75.54122054180266,75.42128602471617,75.28334940814655,75.12144973199999,74.93654074989152,74.73374888750176,74.50937834957261,74.26998619220716,74.00853848249479,73.72360459001303,73.40815058185116,73.06694522608429,72.70439963318174,72.31431440464603
Ward,Texas,31.513069,-103.105113,9.929036182360047,10.094034209928056,10.259860146144856,10.425879320140496,10.592029683086905,10.758298825218473,10.924532954082775,11.092046175217098,11.261766118601061,11.433572675431757,11.60733908881756,11.78298425207607,11.960465174233551,12.139884235856325,12.321365091394597,12.505061533300806,12.691155276,12.880458272728035,13.073758543601377,13.271253315252093,13.473127404546638,13.679609948942959,13.889617753185352,14.103114031182892,14.320309305745097,14.541509388953157,14.766621207564967
Ware,Georgia,31.050881,-82.421507,36.11941301165059,36.670009811639744,37.220306704403114,37.76800303177032,38.31346443405774,38.85588568090574,39.39499151499748,39.93013693038166,40.46187655001003,40.98951606811335,41.512550161557755,42.03046939889123,42.543627095475664,43.0517397773579,43.5550046438097,44.05430498323577,44.54958738749999,45.042059702141835,45.5331680551541,46.02250983135697,46.509403049935635,46.99349850384641,47.475835597584094,47.95533384347228,48.43149613501341,48.9042690640714,49.37310211601262
Warren,Georgia,33.419169,-82.688012,4.8114595969457525,4.884804483710687,4.958109419895605,5.031067935297639,5.103728736788313,5.175984559796628,5.247798737351882,5.319085348343626,5.389918273981482,5.460205025936371,5.529878290217303,5.598870205565074,5.667227837046551,5.734913423154597,5.8019532327637435,5.8684649285411625,5.9344413959999995,6.000043531996763,6.0654639749446835,6.130649092558259,6.195508038313067,6.259994294410459,6.324246319709946,6.388120182669822,6.4515496638355385,6.514527648720247,6.576980803382541
Warren,Illinois,40.850441,-90.620223,24.53581645071945,24.630701978766368,24.723013754805628,24.811169125002852,24.89547647411252,24.97610066190906,25.05266154114793,25.12672818897622,25.199373163691018,25.26973337588508,25.33769051442619,25.40240476422818,25.46389939961217,25.52158092539025,25.575771303004224,25.626255244983977,25.672972625999996,25.716776837825755,25.75885099178352,25.79904186525942,25.83754535045601,25.87427028961566,25.910622839637803,25.9468163484658,25.98257346377329,26.01800667811222,26.053453469138454
Warren,Indiana,40.352658,-87.375847,8.38706761146353,8.428100817751488,8.468597289688288,8.508055355970846,8.546488502386874,8.58391560903918,8.620302961458467,8.655715291425782,8.690398040277579,8.724314796387027,8.75737385639764,8.789538808682588,8.820940465382725,8.851388676891238,8.880911763362331,8.909458478802678,8.937042308999999,8.963802157567782,8.989895808222323,9.015375855535718,9.040169476254292,9.064232167278583,9.088284069672696,9.11222943434384,9.13617749617253,9.160075660586667,9.183967082106943
Warren,Iowa,41.336769,-93.564366,39.484060570644516,39.604070079163655,39.71901870506851,39.825563602211226,39.92247950427467,40.00977972937099,40.08627896551946,40.15179075915009,40.20722074188859,40.25162332777282,40.2842260662985,40.30566822684847,40.314697906881314,40.31167469542489,40.29569296085348,40.26740529066208,40.227304454999995,40.17512409162435,40.11251564644086,40.039838708477376,39.9571199139582,39.864066264416174,39.76825576566058,39.66950196412142,39.567565133780114,39.464123356766684,39.357312097381104
Warren,Kentucky,36.995634,-86.423579,69.08500594442827,69.45849450088058,69.82357468495374,70.17524151308871,70.51452934855439,70.84158834085754,71.15613487426317,71.46058802415808,71.75696646724448,72.044252523532,72.32252960941328,72.59208134062334,72.85272420109835,73.104574973788,73.34870138851828,73.58496997906089,73.81401471,74.03775415836652,74.25859071626886,74.47577363617306,74.68982009971363,74.90228165179386,75.11617796582766,75.33150904181505,75.54894221089724,75.76899465470864,75.99230033783338
Warren,Mississippi,32.357005,-90.851791,12.071558962227412,12.123534263594541,12.174099994788595,12.22259502997618,12.268882154361691,12.313210849391687,12.355202734872218,12.395227874949017,12.433411010345363,12.469240704095808,12.502733588296785,12.533985297502813,12.563145520581829,12.59025999579903,12.615104189852518,12.638276858214036,12.660401704499998,12.681607627457787,12.702376957884091,12.722830278478083,12.74286779666114,12.76272236178338,12.782335761507282,12.801470988458604,12.820685217868004,12.839583437445093,12.858315336057805
Warren,Missouri,38.761902,-91.159307,44.12638026440503,44.37210149992306,44.61846924874634,44.86258959417518,45.10450871573136,45.34383408747957,45.57978835413608,45.813225836854315,46.04469299330891,46.27261971975854,46.49598237013656,46.714865606899615,46.92793022391539,47.13513773824906,47.33585702976927,47.52999573943245,47.717931,47.90082499610395,48.08147928540043,48.25876246960522,48.43377516065467,48.606763649331704,48.78072190796663,48.955226624276236,49.131532341936186,49.30976990292492,49.49038570928655
Warren,New Jersey,40.853524,-75.009542,506.7042102160902,510.27502954133655,513.7277512438778,517.0317422941093,520.2068995741173,523.2627922588641,526.2014042016953,529.0707563233055,531.8974555979804,534.6763673464719,537.4013066142312,540.0614205564839,542.644864401783,545.1476120948086,547.5571186805802,549.8653320484583,552.0734191710001,554.2085705087682,556.3032862474581,558.3450214320884,560.3435202835055,562.2849541769157,564.2263297216982,566.1658964590181,568.1007953061128,570.0274086480572,571.9589232747383
Warren,New York,43.555105,-73.838139,79.85956937672691,80.07239772705039,80.26660718287432,80.43933297905576,80.59224241722357,80.72685727392691,80.84405485750416,80.94854602268242,81.04488778339014,81.13116752429237,81.20755987548492,81.27242664035484,81.32489882628258,81.3641032827891,81.39000258913966,81.40157391191595,81.39808131,81.38352464415745,81.36195366946704,81.33216260669587,81.29349035619558,81.245317396912,81.19504887647886,81.14375336476806,81.09156807114057,81.03752421435068,80.98441171807168
Warren,North Carolina,36.397979,-78.099924,12.11057883428245,12.289119952645393,12.469157951429946,12.64988649222031,12.831551289349857,13.014186234450763,13.197716483501951,13.382300197453631,13.568473993815433,13.75625340625211,13.945642671217687,14.136722281338608,14.32971253222409,14.524756051159585,14.722102788932485,14.921492909696013,15.123136823999998,15.32710090295747,15.533726887193003,15.742938520534151,15.954384177296982,16.167936763860798,16.38380386647274,16.60161691363277,16.82147616808611,17.04349742624274,17.2674180279532
Warren,Ohio,39.425652,-84.169906,188.69585759944954,189.08758945511042,189.46367048804117,189.81268383492386,190.13738074564895,190.4375964747139,190.71237549820486,190.96265686548554,191.18870416935982,191.38681063602323,191.55427443923602,191.68873971831349,191.7890532547387,191.85351816983678,191.88243100551196,191.874342001343,191.83061854499996,191.75411073367482,191.65129306561278,191.52320343747905,191.37236245546077,191.19931377971585,191.02208056820945,190.8404321772381,190.65626318007966,190.4709409644043,190.28975386083968
Warren,Pennsylvania,41.843669,-79.313173,110.47168665356689,110.78436583571796,111.0896276575192,111.38195367419112,111.66263657473696,111.9332186708641,112.19191694325771,112.44058573200516,112.67992041463931,112.90756740566454,113.12131576113043,113.31923982017685,113.49914646904661,113.6583611787674,113.79614399632345,113.91063166653086,114.00049583999999,114.0681168475162,114.11517072723547,114.14124738471533,114.14648054640446,114.13057601411587,114.10014878950774,114.05472637246157,113.99402347988705,113.91829864958477,113.8295934386703
Warren,Tennessee,35.678282,-85.777363,16.933887533712745,17.084506736984725,17.23607105134186,17.38781579599707,17.539947177005303,17.692385003122972,17.844991803646767,17.998411972498406,18.152983458490144,18.308399816512562,18.464500664078475,18.621601038216276,18.77932862243786,18.937941174311916,19.0973499106759,19.25794719582879,19.419655702500002,19.582876386907465,19.74803598102601,19.915446657911026,20.085245888265817,20.257238921927378,20.430741269352218,20.605549588458363,20.781577960056268,20.95899535855206,21.137936390676053
Warren,Virginia,38.908187,-78.207131,59.32039923380825,60.05035404713704,60.78131068283754,61.510033095629694,62.237475402057996,62.96390793514339,63.68922733226023,64.41470574880114,65.14114623285774,65.86830230432271,66.59453606312799,67.3197918524752,68.0424874290947,68.76264664590012,69.47917226886528,70.19232668003993,70.90195086,71.61094691323495,72.3211356121505,73.03192858487756,73.74351665472503,74.45531144982378,75.1736816981083,75.89820599810471,76.62980666247272,77.3695888762097,78.11844314809048
Warrick,Indiana,38.097764,-87.272023,94.62996749049597,95.09293871678643,95.54985405363449,95.99505322246587,96.42868838130676,96.85097255139382,97.26152533766157,97.66107709863576,98.05239711039297,98.43507454626261,98.8080747316665,99.17098683993393,99.52528680391899,99.86882919545236,100.20193354638906,100.52402165622954,100.835245683,101.1371728543702,101.43158341924659,101.71907079393131,101.99881332508292,102.27030889121501,102.54168273092611,102.81185452223032,103.0820567451398,103.35169598335233,103.62125914255179
Wasatch,Utah,40.334884,-111.161568,17.364219603207797,17.614339053849996,17.868319384318625,18.124383132957735,18.382115073069027,18.641923146671882,18.903836492481975,19.168780264721878,19.43784716522924,19.711525267491556,19.989916557013693,20.273552815356627,20.56259430545656,20.85740526125938,21.158561172399594,21.466790506768977,21.781874723999998,22.105860818868557,22.43918587210971,22.781718759502954,23.134748869216722,23.498043091525656,23.86699750935371,24.24066511444157,24.619512126239982,25.002744514746887,25.38977950564889
Wasco,Oregon,45.164536,-121.165069,36.69894816616221,37.064721940635515,37.444090609397875,37.83481755981798,38.23657296883497,38.64961451071512,39.07368451119218,39.50788626381945,39.95450791608154,40.412498156972006,40.88102212186811,41.36108989389367,41.85111419956838,42.350991969185735,42.861939425282586,43.38186425281672,43.911745614,44.452902801075815,45.007448743027645,45.5758575605055,46.15900534601469,46.75672718802483,47.36029308239424,47.96824974626112,48.581205290893884,49.19988120423811,49.823050956786304
Waseca,Minnesota,44.01846,-93.589844,37.63883802379188,37.99223845313526,38.34999260543701,38.70920044601152,39.0703465376164,39.433394170951836,39.79755042514175,40.162778590886354,40.52840321706896,40.89290453867717,41.2558934371329,41.61521140560688,41.970329830181704,42.31947932260623,42.66216063640288,42.99680261353951,43.322619675,43.64146196949515,43.953667222583306,44.258816948246526,44.55730760692284,44.84985870088868,45.14087534612215,45.430526405402404,45.7194065693865,46.0088887658876,46.29872337166694
Washakie,Wyoming,43.878831,-107.669052,4.203773033909256,4.228924760417095,4.252834323434821,4.2754350296206844,4.296785235648718,4.316451434797539,4.334116833693831,4.350331652407037,4.365537734326261,4.379218206052931,4.391406414257923,4.401802238903357,4.410539066672735,4.417150044173802,4.421843588099526,4.424969838494104,4.426337052,4.4261453086424645,4.424302905076594,4.421051604666234,4.416383070743666,4.41035565998292,4.402877669039092,4.394090821263401,4.383978443320407,4.372682258561334,4.359902146948303
Washburn,Wisconsin,45.892463,-91.796423,39.03375964381011,39.28544966843613,39.536771900978934,39.78499619251329,40.03020741813529,40.272030712837086,40.50965269028082,40.74218923488189,40.96993033655206,41.19081777421035,41.403917921799426,41.60831837203596,41.8032976866029,41.98791516651827,42.161173529402596,42.322789858268806,42.47258733,42.6109478825287,42.738974892104515,42.85683810891969,42.96474264778984,43.06261070654353,43.15747984523423,43.24831741685913,43.33597924530411,43.420875560200436,43.503890477132735
Washington,Alabama,31.406974,-88.202078,7.134658157602104,7.156725103173614,7.179010204665242,7.200966491436695,7.222831089488102,7.244512310099413,7.266062320990656,7.287387852601781,7.3086786057328865,7.3298128557039135,7.3507985067148605,7.3716323970857305,7.392433089816583,7.413206908267419,7.43393013983823,7.454700796609067,7.4756579925,7.4969171288310905,7.518693199842452,7.541149032054166,7.564254589506221,7.588177441238701,7.611880556211068,7.635419263823347,7.65883150423556,7.6821204391277105,7.705398308139854
Washington,Arkansas,35.971209,-94.218417,139.07060466226525,140.08992402474576,141.10334116187693,142.10419715275162,143.09516565500675,144.0728163154479,145.03528261836615,145.9900810729672,146.94023846148156,147.88923558347423,148.83127110633683,149.7708852034151,150.70187297113648,151.62796744091858,152.54926950550248,153.46487113021902,154.376941509,155.28926411963351,156.20224253308362,157.11759192594755,158.03768327763927,158.95676570192083,159.87312402219493,160.78181449415192,161.68263533230964,162.57654501770782,163.45673329032786
Washington,Colorado,39.965413,-103.209605,6.081319535922254,6.138550223686816,6.195804838435623,6.252696560590023,6.309450037946551,6.365986843167956,6.422473135867063,6.4792026862393435,6.536526423387087,6.594428395987463,6.6529843728239175,6.712174414742911,6.772007826682766,6.832355668783927,6.893357515121165,6.954920316311303,7.017075974999999,7.079964065262031,7.143883674400477,7.208773655677823,7.274575520910352,7.341334465512756,7.409732408536064,7.479641739397629,7.551196715064614,7.624598056349312,7.69964637171633
Washington,Florida,30.602217,-85.662797,44.69946496136141,45.550794570475865,46.42176506462062,47.3095252636641,48.2150689183456,49.13911922946489,50.08215226085782,51.04740420603135,52.03774965809259,53.05366207943563,54.09475385524333,55.16131374554721,56.253773589673806,57.371933076610254,58.51663767491742,59.68940142367973,60.89071079249999,62.12354963503772,63.390714501148246,64.6929858233493,66.03213258201451,67.40974946092182,68.80844842357553,70.22809419500588,71.66984961966436,73.13496599102113,74.62435641512195
Washington,Georgia,32.971848,-82.798112,18.482812799873088,18.764560943984016,19.04615562133983,19.32641955272324,19.605539841438414,19.883104439759304,20.158972494636696,20.432813947432887,20.704912606530616,20.97491318588037,21.24255710451122,21.5075836791679,21.770173706301637,22.03018212829459,22.287709854793945,22.543208876927785,22.796651864999998,23.048656890599645,23.299963957806185,23.55036704275658,23.79951716625429,24.04723563413239,24.294054324322985,24.539420336050803,24.783079292913545,25.025003865215098,25.264912346857017
Washington,Idaho,44.448213,-116.79783,5.78692784287183,5.875448324609205,5.965668312741556,6.05685288558457,6.149056327126293,6.24208237987148,6.335738962016277,6.429955086807088,6.524091873461523,6.618462498833696,6.712670272241731,6.806564868795653,6.900284086311275,6.993719356812499,7.086578381902162,7.179011486470232,7.271269211999999,7.363656383962802,7.455976744863392,7.548806540113338,7.641916106686288,7.735998609352679,7.831033169655564,7.927145058336593,8.02477689868291,8.123828474101197,8.224541974691968
Washington,Illinois,38.353141,-89.417187,21.077517935594507,21.15902944442301,21.238329968986445,21.314059928907806,21.38648424242232,21.45574453248593,21.521514233223755,21.58514126194586,21.64754700094205,21.707990012384165,21.76636866097443,21.821961502713766,21.874788531431236,21.92433990448548,21.97089220317867,22.01426048459188,22.054393098000002,22.092023150469068,22.128166994976983,22.162693005482364,22.195769463379904,22.22731805950573,22.258546754366375,22.289638824728353,22.32035601079519,22.350794949407433,22.38124555108663
Washington,Indiana,38.600613,-86.104751,39.16927610981323,39.360909355331266,39.550035944533654,39.73431297252234,39.91380342061183,40.08859546264231,40.258531645327686,40.423914278977335,40.58588962351452,40.74428762939016,40.89868002366594,41.04889675679278,41.195548747520995,41.337747959316644,41.47562665294009,41.60894549939639,41.737767479999995,41.86274130228987,41.98460384764526,42.103600743192565,42.21939188983368,42.33176944923086,42.44409662357648,42.55592624553783,42.66776846376208,42.77937765112282,42.89095534782632
Washington,Iowa,41.329401,-91.725052,19.266811127246513,19.325371480480058,19.381462303780335,19.433452407638775,19.480743905861008,19.52334329721002,19.560672191780373,19.59263960689033,19.619687458422682,19.64135433420569,19.65726330598637,19.66772631438788,19.672132475689885,19.670657256492902,19.66285874091414,19.64905536833972,19.629487593,19.60402543963533,19.573474754855518,19.538011005261076,19.497647188377982,19.452240331420615,19.405488230525915,19.357299903012123,19.307558371145564,19.257082479062003,19.204962399943916
Washington,Kansas,39.776714,-97.095611,6.420560808692325,6.447124797335426,6.473585688554138,6.499463142075742,6.524961009625731,6.549641127150455,6.573562072731951,6.59685974752055,6.619684111406275,6.641920351348325,6.663505203018103,6.684204354087447,6.703956883351039,6.72284011387717,6.740528351529704,6.757220761787573,6.772952491499999,6.787796177488714,6.80182211345216,6.81517791615708,6.827751115685959,6.83958154513458,6.850769958804053,6.86121794551655,6.871007514586928,6.880321429631149,6.888979270156531
Washington,Kentucky,37.754209,-85.175416,5.706734286479506,5.737586132282753,5.767743408456985,5.79679268069921,5.8248193920987115,5.8518359456845825,5.877818913512985,5.902968122163697,5.927450323472256,5.951181452463722,5.9741683997098125,5.99643459315436,6.01796487353959,6.0387688876659045,6.058934834851278,6.0784516901809615,6.0973718219999995,6.115853713457869,6.13409581302001,6.152036105540968,6.169717312565388,6.187267598727194,6.204936402722524,6.222723724551378,6.240684688787486,6.258862016975488,6.277308077460436
Washington,Louisiana,30.852144,-90.046253,8.177875213759338,8.20990141758622,8.241094737324431,8.270962684991112,8.299387570443294,8.326371204298562,8.351797707031539,8.376141460449247,8.399447729991287,8.421692977629068,8.442638201841493,8.462321425597825,8.480724542722228,8.497976107063167,8.514210104321863,8.529741581957945,8.544594078,8.559412172307958,8.574462025666678,8.590141973944652,8.606216636855953,8.622881561099653,8.638840344485573,8.654062206514778,8.668558010892774,8.682467175173537,8.695731759594372
Washington,Maine,44.967009,-67.609354,21.301103195946027,21.433355178783767,21.56487567941555,21.69338897542282,21.819073873567053,21.940987574560545,22.060430491213904,22.1754357491511,22.28553194872829,22.38966250453687,22.48685210696888,22.576434294458895,22.65886421149063,22.73267889365216,22.797293155178714,22.852138065465653,22.898075148000004,22.935023126981093,22.962120478921914,22.980521320191865,22.99040445755241,22.991331001679956,22.987966183532535,22.98092769919518,22.969695383543648,22.955764711310124,22.93760769744216
Washington,Maryland,39.603621,-77.814671,844.8927301356147,854.2081538175843,863.522204803026,872.8077342050548,882.0862476026077,891.3643034346513,900.6368684805832,909.910348657534,919.1983184089455,928.475306588134,937.724230749419,946.9153491346958,956.013886765258,965.0041338919531,973.8476550119994,982.5287403762451,991.0298499734998,999.3730994700469,1007.5894507986818,1015.6766161318579,1023.6312399891743,1031.4643039428536,1039.30987468712,1047.170240049521,1055.0629400412456,1063.0164962457065,1071.0466184120571
Washington,Minnesota,45.037929,-92.890117,521.400959253779,526.2965227869535,531.252397303304,536.2284093823337,541.2312715449358,546.2604752668004,551.3050364228293,556.3644464887127,561.429348617145,566.4786899016888,571.5070799846571,576.4846176366171,581.4039801075035,586.2406565255703,590.9877309602003,595.6234385709222,600.1368969375,604.5537356851618,608.8786332375604,613.1057924175611,617.2407052877128,621.2933389244927,625.3247162451111,629.3371764613945,633.3389576671661,637.3490786716231,641.3640815094569
Washington,Mississippi,33.273131,-90.94443,12.007982102326174,12.059683667180588,12.109983085596154,12.158222713667914,12.204266059264663,12.248361289897698,12.290132018174875,12.329946359237963,12.367928396842608,12.403569387590649,12.436885875982835,12.467972992898495,12.496979638844417,12.523951311197669,12.54866465919808,12.57171528487277,12.593723606999998,12.614817845460598,12.635477790776424,12.655823390577932,12.675755377860607,12.695505375634992,12.715015478148455,12.734049926265255,12.753162960760635,12.7719616497417,12.790594893715234
Washington,Missouri,37.942315,-90.897056,29.26904480747121,29.432031796420443,29.595447617890883,29.757372735835247,29.917837781147927,30.07658239122675,30.23309094601648,30.387930117062968,30.54146236994963,30.69264625426783,30.840802785192317,30.985988119362823,31.127313960842553,31.2647547838862,31.397891966270695,31.526664246207275,31.651321776,31.7726354331572,31.89246349193739,32.01005549542849,32.126141479946334,32.24088481026091,32.35627138935727,32.472020434037034,32.588964083597276,32.70718912557204,32.82699165860693
Washington,Nebraska,41.533979,-96.224574,18.01096630596474,18.066864347598095,18.122524172637508,18.175874332439886,18.226976970464534,18.275697442549646,18.32193217626306,18.3660229606309,18.4084047998682,18.449170909163907,18.48772056841152,18.524012348638184,18.55819125124891,18.589874058244728,18.619081484112076,18.645834243337383,18.670774485,18.693881494613493,18.715766349527573,18.736429049742245,18.756459958120768,18.775475856664187,18.794004964776494,18.810690483596453,18.825988131825564,18.840146483300973,18.852740891050868
Washington,New York,43.312377,-73.439428,80.17482091444435,80.38848942037139,80.5834655323402,80.75687317633616,80.91038623578432,81.04553249455888,81.16319272423765,81.26809637599399,81.36481845290483,81.4514387894452,81.52813270507609,81.5932555362826,81.64593486003275,81.6852940790217,81.71129562479346,81.7229126262195,81.719406237,81.70479210764584,81.68313597994252,81.65322731475474,81.61440240269451,81.56603927710263,81.51557231797906,81.46407431345406,81.41168301453264,81.35742581563372,81.30410365385997
Washington,North Carolina,35.844589,-76.572334,10.33827774228013,10.490690578636752,10.644381237115441,10.798661381459882,10.953740767376903,11.109648326688134,11.266320168287479,11.423891307342544,11.582819831029168,11.743118999765606,11.904792430029556,12.067908834897391,12.232656271209725,12.399156493715921,12.567622874600517,12.737833603230996,12.909968297999999,13.084083617058214,13.260471289607098,13.439066219047977,13.619568237731427,13.801868851326319,13.986145267240158,14.172082851912686,14.359767195316241,14.549297147841399,14.740448487870502
Washington,Ohio,39.450684,-81.490653,55.51552652774302,55.63077654171453,55.741421983675245,55.844103939516216,55.93963184452777,56.02795722953085,56.108798973286866,56.18243335011652,56.24893791070626,56.30722209852725,56.35649101904288,56.39605156299257,56.42556444612287,56.44453043588949,56.45303677681471,56.45065694012282,56.437793219999996,56.415284133244015,56.38503451859197,56.34734973187195,56.302971351523595,56.252059325837806,56.19991618300386,56.14647406617107,56.09229037089865,56.03776739137281,55.98446098824139
Washington,Oklahoma,36.70438,-95.906155,26.64831377551354,26.75582704023721,26.864138106571897,26.971734950511955,27.078640366389127,27.184261701578077,27.288735722069273,27.393566853757783,27.49963647747103,27.60611639915565,27.71312059047038,27.821955926435166,27.931535877236914,28.042339123842233,28.154320077587624,28.26798021377147,28.384185716999998,28.50387875298529,28.62838139296847,28.757838001050576,28.89251451110195,29.03233494201679,29.172702436893466,29.31306993177014,29.45330066065636,29.593956883735125,29.733313829904507
Washington,Oregon,45.553542,-123.097615,866.6662029050153,875.3041553283302,884.2631587899218,893.4903944305734,902.9780732940878,912.7322805024941,922.746930933763,933.0008483632316,943.5480686745225,954.3637645697547,965.4282202535529,976.7652894042727,988.3374876702121,1000.1423810025598,1012.2086911772946,1024.4870070035377,1037.000451945,1049.7801818264734,1062.8760946485995,1076.299387035913,1090.0707484033135,1104.1862842727026,1118.439830709721,1132.7970676261216,1147.272355909895,1161.8827339027227,1176.5992364237454
Washington,Pennsylvania,40.200005,-80.252132,620.234117423126,621.9896287441962,623.7034959110986,625.3447360735568,626.920606926708,628.4397676516475,629.8922076343924,631.2883379134851,632.6320626283782,633.9101677686151,635.1102401728571,636.221468378003,637.2315393288538,638.1254371044361,638.8990072999466,639.5417888237735,640.0463237684999,640.4259763037925,640.6901564067952,640.8365616362915,640.8659427883307,640.7766481116055,640.6058169839911,640.3507965927827,640.009985239743,639.584834463899,639.0868064182614
Washington,Tennessee,36.295665,-82.495037,54.582152103093875,55.0676354421246,55.55616511041091,56.045276350646006,56.535633816485664,57.02697903150818,57.51886889327641,58.01338044446458,58.51160297856409,59.01254874639209,59.51570079510516,60.02207456778855,60.53046999534154,61.04171789483385,61.55553209594145,62.07317728687048,62.5944042225,63.120505284938446,63.65285593800122,64.19246239347272,64.73976775379016,65.29414429050084,65.85338572271966,66.41683662809167,66.98422006759358,67.55608068797115,68.13285236036072
Washington,Texas,30.215075,-96.410272,30.35178095992151,30.856158615474882,31.36306708081697,31.870566249086192,32.37846644503071,32.88672973360016,33.39488599113466,33.90695226850333,34.42576421072105,34.95095466069321,35.482136138976784,36.01906071292116,36.56159696467328,37.110057858398676,37.66482138977778,38.22635768247048,38.79522221399999,39.373897020518875,39.96479097772535,40.56850698195562,41.18560999449551,41.81680045895353,42.45876718736203,43.1113977293931,43.77533562607978,44.451515705448934,45.13965345462282
Washington,Utah,37.262531,-113.4878,95.99006320684421,97.37273299708176,98.7767458771351,100.19227597169284,101.61702789185023,103.05325675653124,104.50112364565896,105.96574284679306,107.45315485705122,108.966057765146,110.5050153508084,112.07296732263566,113.67079962020507,115.30052574255583,116.9653270181699,118.66923044512582,120.411027924,122.20203531939289,124.04466883015155,125.93820359662193,127.88976740540281,129.8980716171091,131.93766560388505,134.00331426822856,136.0975948889099,138.21611803802352,140.3556621171067
Washington,Vermont,44.274953,-72.609475,160.84560512085008,161.95080859323582,163.0570387293209,164.15941887653332,165.26847233779176,166.37624246942593,167.47759595293897,168.56970946315755,169.64821967935936,170.71184327192006,171.76212023638882,172.7795439624773,173.76924776868242,174.71993835431104,175.61647242979717,176.47116995953346,177.275560968,178.02066214782718,178.721360122656,179.37303490583935,179.9661898581578,180.51006495290594,181.01518349300233,181.4735888347768,181.91094757071392,182.31673639789503,182.71200192215747
Washington,Virginia,36.747813,-81.950291,63.90627686534864,64.69266224040182,65.48012688563327,66.26518458705446,67.04886322102563,67.83145401918219,68.6128456282518,69.39440855004808,70.17700791384098,70.96037818490407,71.74275484215224,72.52407792613116,73.30264287521003,74.07847538629787,74.8503934015804,75.61867958705668,76.38316263,77.1469689876728,77.91206019079594,78.67780238228057,79.44440113739876,80.21122259906167,80.98512784197402,81.76566288741007,82.55382134918472,83.35079385074857,84.15753974337122
Washington,Wisconsin,43.391156,-88.232917,304.294494081391,306.25658764879995,308.21581402875603,310.150889868245,312.0624768259097,313.9476525760772,315.8000762234193,317.6128554904055,319.3882510440656,321.11021766230874,322.7714771000623,324.3649165269149,325.88491184440153,327.32412966922954,328.6747955123446,329.9347038449368,331.1024762115,332.18109007592756,333.1791470005774,334.09797030273575,334.9391589907894,335.7021065443158,336.44167549245844,337.1498156550615,337.8331987567748,338.49502281437236,339.14218010538474
Washita,Oklahoma,35.290177,-98.991962,5.416843270378806,5.438697655215341,5.460714210398721,5.482585584509689,5.504316410986725,5.5257862204293176,5.547022813468354,5.568331997043598,5.589892930776321,5.611537266401708,5.633288171112165,5.655411295380613,5.6776857786394475,5.700208923096776,5.722971461875636,5.746075330622615,5.7696966,5.794026785465013,5.81933462644957,5.8456494680640505,5.873025367090737,5.901446878734691,5.9299795929021935,5.958512307069698,5.987017220606314,6.015608624994579,6.043935923389413
Washoe,Nevada,40.703311,-119.710315,193.39358466980894,198.83349382322348,204.37552120723782,210.00419692433553,215.72383225743104,221.53975290894803,227.44392805777144,233.4443039900571,239.55102490089791,245.77026184230846,252.0974499264971,258.52396658763496,265.03992123550665,271.6415943319117,278.3120788850287,285.046640937148,291.8386022264999,298.68246798074296,305.59167925837465,312.5524568610609,319.553050429486,326.58373844335273,333.63606740675044,340.70657138635596,347.7868814212178,354.88181600400486,361.9873174566801
Washtenaw,Michigan,42.252327,-83.844634,546.4287301547022,549.040369874361,551.5952090926407,554.0614588925765,556.4422927870291,558.7385713896563,560.9416885638851,563.0279774341411,565.0018486454175,566.8478649402376,568.5540853041067,570.1093217594803,571.5052908999077,572.7304282293691,573.7795162775674,574.6442178496982,575.3198533589998,575.8230434067284,576.1670737162175,576.3545261284391,576.3884127911937,576.2738973864248,576.1246884935975,575.9446050858161,575.7306350152801,575.4856290647293,575.2219047671332
Watauga,North Carolina,36.235371,-81.709919,43.94923130949578,44.597156154093355,45.25051317041384,45.90637616029331,46.56563681984478,47.22841814163553,47.894448517079425,48.56430191149059,49.239925707184796,49.92137627575539,50.608668991273284,51.30209596108584,52.002456636880595,52.710268612378314,53.42643895776291,54.15002473001834,54.88178950799999,55.62197415215217,56.371818837528636,57.13104683085291,57.898382084239145,58.673363375559916,59.45674403429001,60.247186516259895,61.04505467448123,61.850768733558986,62.663375501096496
Watonwan,Minnesota,43.978366,-94.614128,21.72774928742294,21.931756539771886,22.1382770631428,22.345636756264735,22.554115342388027,22.763691630357343,22.973907891217575,23.18474293381341,23.39580684088679,23.60622229860712,23.815764680727906,24.023187947315822,24.228186945734148,24.429740262296033,24.627559697289012,24.820738269265007,25.008822487499998,25.19288038622255,25.373106924061673,25.549260521846627,25.721570044054978,25.89045083733114,26.058445840314572,26.22565253231977,26.392414210063073,26.55952342275377,26.726836070535615
Waukesha,Wisconsin,43.019308,-88.306707,911.3594998174799,917.2359538676493,923.1038207150476,928.8993568929512,934.6245440635379,940.2706298855217,945.8186234296975,951.2478823817115,956.5651774206721,961.7224532387635,966.6979115520289,971.4702494920556,976.022622930331,980.3330684443822,984.3783015036195,988.151716567449,991.649185173,994.8796248000737,997.868797056983,1000.6206652680839,1003.1400184503062,1005.4250400799871,1007.6400429793807,1009.7609169253221,1011.8076436781057,1013.7898012715913,1015.7280320201324
Waupaca,Wisconsin,44.478004,-88.967006,131.97867901712476,132.8296786972746,133.67943482021303,134.51871636510157,135.3478103066813,136.16544917317907,136.96888278999273,137.75512183690256,138.52514681094064,139.2719985746355,139.99252040583494,140.68362732607244,141.34288005004856,141.9670979410496,142.5529090458676,143.0993567820324,143.60584328550001,144.07365994260527,144.50653742498247,144.90504968211374,145.2698902362901,145.60079602733222,145.92156204418905,146.22869676084392,146.5250938392696,146.81214032404796,147.0928255353988
Waushara,Wisconsin,44.112825,-89.239752,47.921030870670684,48.23002609813543,48.53856979400459,48.84331020451112,49.14435152925399,49.44123355333771,49.73295769727209,50.018438548567815,50.298032122521356,50.569211578857555,50.83083072198767,51.0817694062227,51.32114193497132,51.54779342934493,51.76049954405552,51.9589129471065,52.142816556,52.31267926893143,52.46985568068748,52.61455419046611,52.74702661396483,52.86717743488459,52.98364653664051,53.09516615744506,53.202786976587895,53.307012625464075,53.40892851656295
Wayne,Georgia,31.547845,-81.912376,28.143022717985758,28.572029087650375,29.000801779766952,29.427548199446615,29.852553241234197,30.275189496918554,30.695242495325502,31.11220966967368,31.526523163373795,31.937641996896897,32.34517243957986,32.7487175596973,33.148552648607144,33.544456833010585,33.93658376389811,34.32562166966455,34.71152893649999,35.09524667672114,35.47790166425812,35.85918019500541,36.23855089262093,36.615741666809036,36.99156238633204,37.36517117180462,37.73618069468829,38.1045493411731,38.469848168910644
Wayne,Illinois,38.431948,-88.432129,23.55107531216176,23.64215262444747,23.73075948185802,23.815376750121995,23.89630043702023,23.973688785705992,24.047176906084687,24.118270900638603,24.188000280706085,24.25553659683766,24.3207662862998,24.38288323985291,24.44190979770686,24.497276284509873,24.549291739831876,24.59774951673153,24.642591902999992,24.68463803966597,24.72502355406469,24.76360137314781,24.800559527015118,24.835810516511245,24.870704062649406,24.90544495068677,24.939766959788997,24.973778067637166,25.007802207274416
Wayne,Indiana,39.863091,-85.006735,102.71054624351025,103.21305119842421,103.70898314344379,104.19219846128082,104.66286230293767,105.12120587981762,105.5668163144148,106.00048633154057,106.42522167943805,106.84057645040089,107.2454276176129,107.63932927336775,108.0238833823884,108.39676131554143,108.75830988993182,109.10790153175054,109.44570139199999,109.77341052600458,110.09296120049204,110.40499750437162,110.70862762223052,111.00330655576094,111.29785336848946,111.59109548829923,111.88437063830946,112.17703472961094,112.46961624541125
Wayne,Iowa,40.739983,-93.332613,5.078353802236133,5.093789163622083,5.108573605318026,5.122277177739243,5.134742289802895,5.14597065445553,5.155809819453965,5.164235803546461,5.171365087098599,5.177076050905143,5.181269344066035,5.184027188015805,5.185188565778504,5.184799726911051,5.1827441910478695,5.1791058925700355,5.1739482105,5.167236885906708,5.159184324162689,5.149836774824866,5.139197663786343,5.127229306222961,5.11490636872318,5.102204870035265,5.089093977121263,5.075789521246813,5.062051689894543
Wayne,Kentucky,36.802011,-84.83044,9.991624670659036,10.045641565118874,10.098442373689236,10.149303235721616,10.198373749083382,10.245675629593974,10.291167858483321,10.335200301731529,10.378064916466823,10.419614517690679,10.459861169747233,10.498845891406573,10.536542141111584,10.572966808944063,10.608274318509025,10.642445366855846,10.675571643,10.707930626856742,10.739869771537357,10.771280497944565,10.802237605012047,10.832965489540836,10.863900880788865,10.895043778756131,10.926490698195764,10.958316438041443,10.990612687308653
Wayne,Michigan,42.284664,-83.261953,2752.5570071149828,2765.712770737389,2778.582409913091,2791.00579249436,2802.9989046008513,2814.5660814514526,2825.6639708572716,2836.1733542988472,2846.116449772988,2855.4154942908644,2864.0103366903854,2871.844619125988,2878.8766151158616,2885.0480701561783,2890.332701982421,2894.688513161599,2898.091930941,2900.6266792354263,2902.359682986486,2903.303947850845,2903.474647094617,2902.897792031139,2902.14617345618,2901.239028903562,2900.1611851071725,2898.9270024795815,2897.598528841144
Wayne,Mississippi,31.64476,-88.682057,4.401854181651877,4.420806803958688,4.4392454311485405,4.456928985865687,4.473807433187243,4.489971745700277,4.505283948314396,4.519878983700428,4.533802338151904,4.546867517865327,4.559080587679838,4.570476420420478,4.5811095996394915,4.59099680364451,4.600056157107166,4.6085059942364355,4.616573746499999,4.624306416401178,4.631879884274981,4.639338120205158,4.64664473515688,4.653884636878082,4.661036598431782,4.668014195860257,4.675020601274638,4.681911774745396,4.688742299824771
Wayne,Missouri,37.113825,-90.460868,19.19145201583158,19.298321132955127,19.40547143174373,19.511644289506208,19.616859790647208,19.720947217727236,19.823568483268073,19.92509514875568,20.02576487964504,20.124894806178176,20.222039724052095,20.31723645467531,20.40990255031307,20.50002127396152,20.587318138757137,20.67175297589065,20.753489807999998,20.833034092602112,20.91160428357887,20.988708313016442,21.064824859225567,21.14006103903102,21.21571899133405,21.29161460909206,21.368293518631287,21.445812625764884,21.52436607973777
Wayne,Nebraska,42.210746,-97.126243,8.585772767658979,8.612419193812263,8.63895206284094,8.664383921487513,8.688744393349715,8.711969293965806,8.734009250672916,8.755027193258526,8.775230486906706,8.79466356701405,8.813040072135882,8.830340253207051,8.846633231955588,8.861736329528847,8.875659420459415,8.888412379279858,8.900301316499998,8.911316357587266,8.921748801252617,8.931598647496049,8.941147320495947,8.950212141399676,8.959044910787897,8.966998846776953,8.974291189083495,8.981040432098418,8.987044147903939
Wayne,New York,43.458758,-77.063164,117.82557373527723,118.13958272229924,118.42612121400239,118.68096250844957,118.9065665584373,119.1051786076651,119.27809304526033,119.43226031141874,119.57440386814775,119.70170182445877,119.8144118312682,119.91011687759891,119.98753484341476,120.04537747413411,120.08358955884626,120.1006619993269,120.095508981,120.07403193675901,120.0422059140448,119.9982518946256,119.94119448574655,119.87011964010925,119.79595298347581,119.72027109407246,119.64327641190486,119.56353958784183,119.48517690199937
Wayne,North Carolina,35.362741,-78.004826,107.64397158793034,109.23092092663025,110.83117517468088,112.43756725355453,114.05228117667302,115.67561818726688,117.30691303986856,118.94757153622082,120.6023633608078,122.27142658344357,123.95479885953195,125.65319564174551,127.36857501108308,129.10220469947336,130.85630637574187,132.62857050845412,134.420867316,136.23378673303935,138.07036629548062,139.929928206055,141.8093470662451,143.70749321393637,145.626211763916,147.56222669605148,149.51642918823333,151.4898484881659,153.48014996081238
Wayne,Ohio,40.829661,-81.887194,110.79636226469333,111.0263750754809,111.24719820798403,111.45212803372779,111.64278000142114,111.81905737760847,111.98039910824713,112.12735657403424,112.26008454849871,112.37640652888899,112.47473608653289,112.55368993301485,112.61259093414556,112.65044273533204,112.66741945679439,112.66266984412316,112.636996785,112.59207376820727,112.53170241855105,112.4564921568018,112.3679230048306,112.26631418304102,112.16224833147854,112.05559002330527,111.94745169326093,111.83863622902717,111.7322487745297
Wayne,Pennsylvania,41.646589,-75.292485,180.35489200539914,180.8653686880449,181.36373586765524,181.84098419040933,182.2992240865237,182.74097351756697,183.16332154530954,183.5692955455102,183.96003078407855,184.3316848225514,184.68064809752403,185.00377679570838,185.2974904630819,185.5574226923001,185.7823654439977,185.9692767877247,186.11598807449997,186.22638540686015,186.3032050667411,186.34577753834998,186.35432114205403,186.32835557304543,186.27868041215612,186.20452426075533,186.10542136872627,185.98179382211225,185.83697464518627
Wayne,Tennessee,35.242687,-87.819703,5.922687780109189,5.975367385598048,6.028377547071987,6.081450814688532,6.13465930975352,6.187974985092456,6.241349759834786,6.295009013061244,6.34907094357862,6.40342837111296,6.45802520131528,6.512971619513944,6.5681374066845235,6.623612714459315,6.679366490609414,6.735535965952873,6.792094095,6.8491811136232545,6.906946272858325,6.965498756348766,7.024886644965136,7.085041824140811,7.145724891207812,7.206864726545104,7.268431279608589,7.330483649801662,7.3930689163100745
Wayne,Utah,38.261229,-110.990323,1.5557387303177215,1.5781480597008846,1.6009033027165822,1.6238452085604025,1.6469365752001668,1.670213952000823,1.6936799496312944,1.7174174568299445,1.7415243736814519,1.7660444288903077,1.7909867597977485,1.8163990111116506,1.8422955415111018,1.8687089843576612,1.8956909003625932,1.9233065562490184,1.951536372,1.980563747107505,2.010427841605405,2.041116907483539,2.072746466841828,2.105295634328874,2.1383519242545606,2.171830489878832,2.2057731019044846,2.240108619603318,2.2747848295968365
Wayne,West Virginia,38.145531,-82.419698,7.070063247837881,7.086235204828746,7.0999839006178975,7.110865200515631,7.118723267788714,7.123834712638633,7.126183951392066,7.126020322822175,7.123394473867261,7.118427177995579,7.111059996432166,7.101316304687006,7.0888844292936435,7.074294215145056,7.057288531631414,7.038151780790862,7.016985256499999,6.99339547100742,6.968095377367653,6.94112003884567,6.912508414624781,6.881886496545232,6.849550374400164,6.814989682888245,6.778718683229139,6.7405659550162875,6.700819796206168
Weakley,Tennessee,36.303523,-88.720785,12.451329726047634,12.562078622854717,12.673522451036874,12.785098947936088,12.896959734943286,13.00904584818422,13.121256206731607,13.234064627432085,13.347719600898555,13.461995800897286,13.576775299679781,13.692289741037728,13.808265364126408,13.924891695684465,14.04210345427971,14.160189141725418,14.2790919,14.399106548474697,14.52054685919461,14.643642370098782,14.768494162114495,14.894959037261438,15.022533696755836,15.151068625059423,15.280500646592651,15.410954006661967,15.542527680342
Webb,Texas,27.770584,-99.326641,232.871584410126,236.74138117575475,240.63059537478293,244.5243416942404,248.4211648660995,252.32077383675465,256.21956162045126,260.1483487150635,264.1288913776068,268.1583726249701,272.2338195524683,276.3533299168934,280.51589542539773,284.7239172702271,288.98029559266547,293.2886373784674,297.65320448399996,302.09304013088394,306.62662622307215,311.25858843393866,315.99326138325193,320.83601916794316,325.76145696615583,330.768712011845,335.86272182153334,341.05065878764367,346.3303400081342
Weber,Utah,41.270355,-111.875879,150.0278293468239,152.18887540099482,154.38327967298173,156.5956847945824,158.82250318388103,161.0672594827599,163.3302054513535,165.61933447393088,167.94408755553442,170.3086816784162,172.71399800304695,175.16463115188049,177.6619658056563,180.2091489660552,182.8111528957328,185.47427159805054,188.196616872,190.99587486702697,193.87582198514835,196.83532530575914,199.88552521480912,203.02440763122263,206.212194453755,209.44070347803623,212.7139628662177,216.02511215463548,219.36911614060023
Webster,Georgia,32.046554,-84.553218,2.10549165987173,2.1375873356778485,2.169665529135557,2.2015921290789744,2.233388449604107,2.265007551802896,2.2964333902322815,2.3276283658689714,2.358624809083311,2.389382247041313,2.419871223183327,2.450062041465479,2.479975297531102,2.509594466968685,2.5389310450210183,2.5680365207964306,2.596907781,2.625615233993814,2.6542431782249984,2.6827681442395246,2.7111503776560757,2.739369522315547,2.7674861677268088,2.7954373295387414,2.823194030160147,2.8507531562961006,2.8780826170604836
Webster,Iowa,42.434397,-94.179157,29.117391044729004,29.205891663412466,29.290660150800875,29.369231335959867,29.440701650260117,29.50508091509977,29.56149502604393,29.60980648351856,29.650683142597526,29.68342768401254,29.707470466671197,29.723282917684436,29.72994182562667,29.72771236824778,29.71592669047393,29.69506604081422,29.665493811,29.627013573068375,29.580843180389337,29.527247810712748,29.466247106834935,29.3976249979967,29.326969859742476,29.25414419249823,29.178971211097366,29.102688411706126,29.023920798584232
Webster,Kentucky,37.520021,-87.685095,6.997652397704203,7.0354832273733185,7.072462369091691,7.108082865745789,7.142449488472408,7.175577445984951,7.2074380107136555,7.23827621193006,7.26829652233663,7.297395860653604,7.325582676166217,7.352885696444231,7.37928633306015,7.40479641501329,7.429524093154541,7.453455848627537,7.476655896,7.49931856883211,7.521687206538371,7.5436857655517535,7.565366631440651,7.586886960910262,7.608552618085752,7.630363602967124,7.65238750983618,7.674676724261321,7.69729546081026
Webster,Louisiana,32.732152,-93.339825,7.024144315551137,7.051652277176765,7.078444857620361,7.104099048878636,7.128513764480215,7.151690559601581,7.173529902947845,7.194439250757465,7.214457482442511,7.2335643807087076,7.251554662260339,7.2684609858035465,7.2842677995734935,7.299085521100461,7.313029233444163,7.326369537312583,7.339126649999999,7.351854214334247,7.364780841258274,7.378248669598277,7.392055526411502,7.40636937075808,7.420076696276414,7.433151064966297,7.445601807886625,7.457548673626568,7.4689418965386745
Webster,Mississippi,33.612048,-89.283836,2.8933958689747348,2.9058536735329468,2.91797362243154,2.9295972523965355,2.9406916748238974,2.951316687175505,2.9613815966341757,2.970975102768364,2.9801271043090094,2.988715016459259,2.996742825716571,3.004233454441333,3.0112227811106727,3.0177217685926006,3.023676599171426,3.02923078675566,3.0345338249999996,3.03961660925975,3.044594747961212,3.0494971432109597,3.054299876024242,3.0590587573654795,3.0637598344935664,3.068346299819718,3.0729517010087974,3.0774813587461645,3.081971151508944
Webster,Missouri,37.280804,-92.87608,63.180923054777466,63.53275101757805,63.88550466943695,64.23504044980744,64.58142447933662,64.92409473252474,65.2619381784803,65.5961780491732,65.92759677225988,66.25394624574156,66.57376079527599,66.88716164204934,67.19223128729799,67.48891463048275,67.77630802276103,68.05427922283879,68.323368216,68.58523903852804,68.84390300967554,69.0977401735905,69.34832640569356,69.59601434943553,69.84509082676495,70.09494973175077,70.34738734197045,70.60259099925717,70.86119986986547
Webster,Nebraska,40.180646,-98.49859,3.5088173268434786,3.51970713773357,3.5305505403134005,3.540943984058974,3.5508995754860093,3.5603910838104462,3.5693983315060853,3.5779879044093876,3.58624454813039,3.5941864224426734,3.6016964976942805,3.6087667028747292,3.6154252865206984,3.6215975917852514,3.627287654173625,3.632499509191062,3.6373582575,3.6418598635952004,3.6461233748812405,3.650148791358123,3.6540511249251852,3.6577557187354888,3.6613654781726517,3.6646160776434575,3.667596298263185,3.670354566094712,3.6728081532806205
Webster,West Virginia,38.492985,-80.430262,2.2910591643984604,2.2962996988846984,2.30075497380687,2.3042810669940694,2.3068274794389603,2.308483846879563,2.309245119415146,2.3091920954574436,2.308341187183841,2.3067315313250227,2.3043441907532385,2.3011867403195883,2.2971581820094014,2.2924302124476186,2.286919508272135,2.2807182301713396,2.2738592024999997,2.2662149152645936,2.2580164014236797,2.2492750232539107,2.2400034055071183,2.230080350565699,2.219601806543589,2.208402389191766,2.1966487452344357,2.1842853257635295,2.171405553942618
Weld,Colorado,40.555794,-104.383649,461.8889160138646,466.23570624222793,470.58431377500204,474.9053588575431,479.21590395904286,483.50999235948746,487.8002442283979,492.1089720254867,496.4628295487816,500.8606052620086,505.30805396246916,509.8036612298209,514.3481337935568,518.931678402129,523.5648959979346,528.2407192860422,532.9615713389999,537.7380530992049,542.5928808717946,547.5214104343853,552.5191994873059,557.5896807166657,562.784647298178,568.0944069416508,573.5291567440572,579.1041418701775,584.8042181165875
Wells,Indiana,40.735273,-85.212974,38.34328863629253,38.530880789504835,38.7160191458598,38.89641020678723,39.07211562547451,39.243221716383935,39.40957434654711,39.571469451263376,39.73002911854291,39.88508688477979,40.036223508299905,40.183272525497365,40.326831972289625,40.46603253873482,40.60100369652638,40.73151116355231,40.85761659299999,40.97995501269934,41.09924776494258,41.215735297160464,41.32908468214118,41.43909246436642,41.54905092404175,41.658522323536864,41.76800605366945,41.877261667008774,41.986486453754395
Wells,North Dakota,47.580851,-99.671502,4.643276663952389,4.6462085655348115,4.649213581869915,4.651509385104032,4.653403057198415,4.654572893241276,4.654653319469224,4.653987975219846,4.652664598196359,4.650727057250368,4.647605057310979,4.64375922132007,4.638860532890583,4.632792008418236,4.62543666429874,4.616977287413793,4.607048303999999,4.595708205859504,4.583271386428825,4.569511189974658,4.554829747636736,4.538795682374257,4.5213212564840015,4.501975092925168,4.48104965070847,4.45881545441882,4.434892307342287
West Baton Rouge,Louisiana,30.464052,-91.309808,4.54581087496904,4.563613184473012,4.580952521206076,4.59755512735587,4.613355582856936,4.628354894171822,4.642488647697619,4.656020536621234,4.668975722506305,4.681341121339742,4.692983880065541,4.703925134397161,4.714154819709145,4.723744394842221,4.732768338024753,4.741401773739649,4.749657785999999,4.757894675471987,4.766260392149793,4.774976357793415,4.783911732271948,4.793175213540296,4.80204617441592,4.8105075050355435,4.818565244174439,4.82629688944861,4.833670234056598
West Carroll,Louisiana,32.79248,-91.451998,1.962940107366873,1.970627375555158,1.9781147260949454,1.9852839468114727,1.9921067884718007,1.9985836856795127,2.0046868238052515,2.010530068987945,2.016124286317185,2.0214638259463835,2.026491320202493,2.031215895760773,2.0356332065853837,2.039774109530769,2.0436707652621213,2.0473987948030024,2.050963848,2.0545206437289076,2.058133068716528,2.0618967357512705,2.0657551463672585,2.069755237751528,2.07358583373816,2.0772395460662305,2.0807189823572423,2.0840576070871375,2.0872415129412403
West Feliciana,Louisiana,30.872701,-91.421008,2.6790728924678104,2.689564680649768,2.6997836159052397,2.7095683591124744,2.718880354966644,2.7277201966262847,2.7360499219451007,2.7440249384594853,2.7516600751328317,2.758947620904176,2.765809278846786,2.772257505289915,2.7782863686482044,2.7839379831776982,2.7892562426100502,2.794344356530495,2.799210036,2.8040644454573234,2.8089947792072354,2.8141315321276195,2.8193975936088167,2.8248570247726983,2.8300851241076024,2.835071807918419,2.8398206351563626,2.844377279028694,2.8487227584622663
Westchester,New York,41.15277,-73.745912,1205.8421159833133,1209.0557244500037,1211.9881963251023,1214.596274995922,1216.9051359366103,1218.9377572607273,1220.7073859135226,1222.2851535962618,1223.7398690861653,1225.0426527869545,1226.1961415313333,1227.175599317272,1227.9679047629836,1228.55987370495,1228.9509411075912,1229.1256626650727,1229.072926011,1228.8531271706324,1228.5274155500026,1228.0775844471084,1227.493651566715,1226.766262430898,1226.007231302637,1225.2326930868096,1224.4447195805399,1223.6286826404953,1222.826708808204
Westmoreland,Pennsylvania,40.311068,-79.466688,1018.9330489320457,1021.8170381428367,1024.6326135018505,1027.3288757611908,1029.9177480080057,1032.413455718687,1034.799553255788,1037.0931440822524,1039.3006419966853,1041.4003387576565,1043.371841774733,1045.1973897594728,1046.8567545778162,1048.325267773594,1049.596104407266,1050.6520787877005,1051.4809389149998,1052.1046397151551,1052.538640087366,1052.7791575350202,1052.8274254809253,1052.680730394903,1052.4000855918803,1051.9811329779327,1051.4212412510694,1050.7227950287202,1049.9046245657607
Westmoreland,Virginia,38.109191,-76.80417,26.200677894864903,26.523084877772284,26.845934346327237,27.167797001652296,27.489094258649903,27.809945518209094,28.130305127048764,28.4507349717055,28.771589743055547,29.092760575582414,29.413524040370262,29.7338555548831,30.05305627274104,30.37113672931664,30.687612297472096,31.00259886630557,31.3160262,31.629176102216977,31.94285277306202,32.25679634001194,32.57109108604724,32.88547713864472,33.202767442278244,33.52277587203253,33.84590979564664,34.17265735204922,34.5034118618159
Weston,Wyoming,43.846213,-104.57002,3.7395590417239988,3.7619333149111243,3.7832025941622596,3.8033075509439294,3.822300097722926,3.8397945990316527,3.8555092443361003,3.8699334940374452,3.883460399669967,3.8956301650992256,3.9064724545919596,3.915720289747526,3.9234923276328786,3.929373268513684,3.9335485140570565,3.936329539063742,3.9375457739999997,3.9373752044662558,3.9357362537289817,3.9328439877220287,3.9286909903787106,3.923329174165819,3.9166769623498268,3.908860428064367,3.899864739176073,3.8898159688185805,3.878447138591247
Wetzel,West Virginia,39.596574,-80.634394,4.48861130604888,4.498878488455252,4.507607201226171,4.5145154740426,4.519504369950489,4.522749502043276,4.524240976625556,4.524137092823805,4.52247000514809,4.5193163897377975,4.514639145235161,4.508453112183284,4.500560416674074,4.491297444351295,4.4805009492407635,4.468351491283622,4.454913379499999,4.439936798080924,4.423874383591169,4.406748396845393,4.3885835720821085,4.3691424606116005,4.3486130426465595,4.326671299662479,4.303643723607717,4.279421483832821,4.254187613702779
Wexford,Michigan,44.331375,-85.570046,55.18213179072699,55.44587313382824,55.70387837159698,55.95293724053744,56.19337022380742,56.42526423209377,56.64775015852793,56.85843795922135,57.057773051444165,57.24419647475089,57.41650234336139,57.573560818346564,57.71453538434537,57.83825817900322,57.94420230628103,58.031525818899894,58.09975613999999,58.15057173222128,58.18531427929208,58.204244513272954,58.20766662156793,58.19610206829811,58.18103392796441,58.162847866739725,58.14123969722008,58.11649731105568,58.08986461745216
Wharton,Texas,29.278481,-96.229675,35.186841725683905,35.77156710833485,36.35922646061319,36.94757061522426,37.53637968151076,38.12560968134123,38.714715600015076,39.308354407524384,39.90981346919576,40.51866713954259,41.13446621336495,41.75692326216082,42.3858859331176,43.02171704581988,43.66485481093467,44.31584424316259,44.97532930799999,45.64618743176239,46.33121122579749,47.03109962826598,47.7465075991971,48.4782471633753,49.222479658183175,49.9790747198739,50.74877840603474,51.53267446347664,52.33043305621367
Whatcom,Washington,48.842653,-121.836433,294.5566268096882,297.4156292112286,300.4023289905053,303.50637230608027,306.7342303088521,310.0940039210575,313.58540553598937,317.21361207436706,320.98705999958435,324.9057493116414,328.9679064358474,333.1736751755555,337.5182620856558,342.0015712972458,346.61751513503566,351.3685382560315,356.25535967699994,361.300029245448,366.52052238053903,371.9188523292192,377.5107895259012,383.30304479373933,389.1693587885305,395.1104025925898,401.1323118156588,407.2364286223678,413.4251018008214
Wheatland,Montana,46.497047,-109.857147,1.1444336063909961,1.1534161107297318,1.1623714178354025,1.1713032364216076,1.1801781880659492,1.1888788301710997,1.197417525115725,1.2056570504966326,1.2136555094935524,1.221301640698491,1.2286312950095786,1.2356061490529515,1.2421693358867456,1.248359178884826,1.254141063386927,1.2594643036405186,1.2643437344999997,1.2687682298245713,1.2727513882307653,1.2763760376556446,1.2796125083904109,1.282457091721464,1.2849580009256014,1.2870707314396255,1.288915198336597,1.2904431883397178,1.2917424743375174
Wheeler,Georgia,32.109276,-82.738701,7.790892844974958,7.909655590873346,8.028353647319035,8.146490766455715,8.26414581624626,8.381145109940965,8.497429275028445,8.612859184877557,8.727554470667949,8.841365371885841,8.954182891234217,9.065897145259187,9.176584343452962,9.286183340990394,9.394736673402024,9.5024348644184,9.609266394,9.715491792271388,9.821422986456534,9.926973133180581,10.031995130400412,10.13641365478069,10.240452904013642,10.343879818838179,10.44658717427106,10.548563450272768,10.649689901820539
Wheeler,Nebraska,41.937859,-98.522289,0.5631435215921631,0.5648912690189678,0.5666315681984468,0.5682996517625514,0.5698974627323224,0.571420791228837,0.5728663988836927,0.5742449723126176,0.5755701126629019,0.5768447344661081,0.5780500551855017,0.5791847794737218,0.5802534410465319,0.5812440579408427,0.5821572778303348,0.5829937483886889,0.5837735475000001,0.5844960274905876,0.5851802947340262,0.585826349230316,0.5864526496793505,0.5870472141180413,0.5876265582252403,0.5881482593748758,0.5886265663879184,0.5890692513485338,0.5894630369462723
Wheeler,Oregon,44.736411,-120.026875,2.0743635327081793,2.0950384516609803,2.116481805524138,2.1385671724814683,2.1612759096845013,2.184622581858603,2.2085926242784075,2.2331353516996386,2.2583800988835536,2.284267441750655,2.3107501905907553,2.337885439127292,2.3655834686520043,2.3938384532747468,2.4227191384992506,2.4521072587555373,2.4820581600000002,2.512646413626517,2.543991450383098,2.5761200693644173,2.6090817906367225,2.642867292775779,2.6769831228861563,2.711347135916785,2.745993704619531,2.780963610225422,2.8161875246417116
Wheeler,Texas,35.392593,-100.253107,4.645133242287845,4.722324805365211,4.799903691634419,4.877572980961252,4.955303644840965,5.033089877572616,5.110859729933733,5.189227984185458,5.268628616473682,5.3490054359070855,5.430299141397406,5.512471788542022,5.595503264734071,5.679441467006381,5.764344245021971,5.85028354800331,5.937344388,6.025906623731233,6.116338917207231,6.208733537603782,6.303176948395726,6.399776347704142,6.498024980774825,6.5979056378513885,6.699516808503496,6.803001561790231,6.908316354954481
White,Arkansas,35.254722,-91.753158,46.646334066198996,46.98822882978244,47.328143899842225,47.66384577599266,47.9962312424795,48.324149708195,48.646975116212836,48.96722861469567,49.285925431091506,49.6042330769656,49.92020569970919,50.23536614049438,50.54763318305266,50.858258941236606,51.167277255961174,51.47438355899193,51.78030543,52.08631190329538,52.39253834253785,52.69956004328129,53.00817226702663,53.31644608162264,53.623806191515406,53.928594391873155,54.230743000866006,54.53057350718585,54.82580164907459
White,Georgia,34.643677,-83.743713,28.367723235728654,28.800154893229067,29.232351007444915,29.662504670987747,30.090903053067507,30.51691373609825,30.940320536517405,31.36061687493217,31.778238345087956,32.192639648147896,32.6034239098106,33.010191029154335,33.413218495528035,33.8122836721285,34.20754143673186,34.599685512710494,34.988673954,35.375455386979326,35.76116558200693,36.14548833028983,36.527888012852166,36.90809036696533,37.286911727574456,37.66350349353106,38.037475243774395,38.40878503224011,38.77700049180311
White,Illinois,38.087372,-88.178585,23.561999540323256,23.653119099059566,23.741767056993726,23.826423575199914,23.907384798762934,23.984809044237565,24.058331252273977,24.129458223964058,24.199219948187693,24.26678759121695,24.332047537641934,24.394193304307155,24.453247241785043,24.508639410478434,24.56067899330606,24.60915924747284,24.654022433999998,24.696088073876936,24.736492321202615,24.77508803470848,24.812063331712555,24.84733067247279,24.882240404074008,24.91699740676356,24.951335336219895,24.985362220209787,25.01940214203361
White,Indiana,40.75095,-86.864293,40.96070348744907,41.16110117991586,41.35887757282629,41.5515826072985,41.73928214513041,41.922068392839066,42.09977669592971,42.272723191032284,42.44210656286852,42.6077489845841,42.76920259595332,42.92628957012184,43.079648766529296,43.2283515338253,43.37253618178544,43.511952435577705,43.646666157,43.77735572257066,43.904791715325125,44.0292309962752,44.15031791171222,44.26783511770312,44.385299634255695,44.502243842604884,44.61920122331364,44.73591491537018,44.852595676527756
White,Tennessee,35.927062,-85.455766,11.143307254508894,11.24242188823653,11.342158450224332,11.44201374397088,11.54212346291478,11.642434837385453,11.742857405090518,11.843815208025543,11.945530632659306,12.047802023465033,12.150523841101604,12.25390339498907,12.357695683085554,12.46207032218928,12.566968888736413,12.672649577186476,12.779061502500003,12.886468513029783,12.99515141880844,13.105315644624936,13.217051652771653,13.330231288334385,13.444404124482281,13.559436352407856,13.675271433178361,13.792020560028195,13.909772310618653
White Pine,Nevada,39.417804,-114.900945,4.194703388164632,4.312694920283422,4.432901394995172,4.5549872704997885,4.679046058446478,4.805193273225435,4.933254726470493,5.063402772986071,5.195857440182063,5.330752578066159,5.467989174303904,5.607380205596887,5.748711145220458,5.891901316457655,6.03658400695865,6.182656537265493,6.329974055999999,6.478417381648478,6.6282780505290395,6.7792571920765745,6.931099941207955,7.083595438322027,7.23656032724388,7.389919431941798,7.543491229802614,7.697380233846033,7.851498433108095
Whiteside,Illinois,41.750571,-89.910957,89.82680696393338,90.17418745680023,90.51214531947953,90.8348863799796,91.14353964975466,91.4387086883872,91.71900175848707,91.99016332713919,92.2561200819801,92.51371221107806,92.76250657167387,92.99942856024742,93.22456338521032,93.43573823206573,93.63413181717466,93.81895596272945,93.98999054699999,94.1503598784132,94.30439538456096,94.45153611006658,94.59249922572812,94.72695099859989,94.8600394368854,94.99254561769133,95.12345414077895,95.25317684680456,95.38294925773695
Whitfield,Georgia,34.801726,-84.968541,102.20240102121237,103.76035311017175,105.31745659069585,106.86720158985665,108.41062271245879,109.94544150297737,111.4708791016158,112.98511041899945,114.489704799495,115.98269765645088,117.46265914277761,118.92814778661248,120.38016331844094,121.81790362891999,123.24192670715784,124.65473187936787,126.05616802349999,127.44965282284141,128.83927819751838,130.2239049197684,131.6016032772593,132.97138516427876,134.33619164841753,135.692965414354,137.0402998645448,138.37804387693978,139.70463973194546
Whitley,Indiana,41.136426,-85.501892,55.81162112360711,56.084676006305344,56.35415919796226,56.616732334087,56.872485155660506,57.121543300056075,57.36368241482136,57.59933325666489,57.830129111439696,58.055827678497245,58.2758187191672,58.48985993280099,58.69882180691371,58.90143899367419,59.09789994914234,59.28786365759063,59.47141986,59.64949288847407,59.82313271248986,59.99268932187297,60.15767811532639,60.317802947612996,60.477855987114836,60.63720007286729,60.79656210681594,60.955592099135096,61.11457722096379
Whitley,Kentucky,36.758021,-84.14455,26.040987013209506,26.181770248517903,26.319384021611825,26.451941747839804,26.579833321363136,26.703115339721375,26.821680896450925,26.93644184080001,27.04815909524472,27.15644905423925,27.261343160861134,27.36294832157395,27.46119536160714,27.556128301269247,27.64814961195258,27.7372089847331,27.823545386999996,27.907882009536333,27.991124412974813,28.072989609617718,28.153672546545703,28.233758065000714,28.314384404389155,28.395551564711017,28.477511090586493,28.56045792909624,28.64463104762945
Whitman,Washington,46.903322,-117.522962,66.71399969999003,67.36153388526526,68.03799019295975,68.74102358612058,69.47209971284332,70.23305334741055,71.02381934990692,71.8455702388089,72.70021678496698,73.58775898838118,74.50779515290681,75.4603578485015,76.44436140990932,77.45978412382514,78.50524719537384,79.58130431383601,80.68811832899999,81.83068330104332,83.01307047467591,84.23573582930528,85.50225120362359,86.81413652898918,88.14279538255964,89.48837975747078,90.85227930525025,92.23479801216975,93.6364678542047
Wibaux,Montana,46.962866,-104.274466,0.6449294356457547,0.6499913994167551,0.655038036570227,0.6600714370994695,0.665072791064789,0.6699759153450395,0.6747877765845521,0.6794310450312515,0.6839384639134936,0.6882473334322988,0.6923778568562267,0.6963084375878513,0.7000070290632489,0.7034952278798468,0.706753527433517,0.7097533644825025,0.7125030989999999,0.7149964610061121,0.7172411138096026,0.7192837339274906,0.7211076014133808,0.7227106262739742,0.724119978422162,0.7253105779383525,0.7263500012725574,0.7272110785118853,0.7279432728310873
Wichita,Kansas,38.481922,-101.347434,2.438315013713731,2.448403131288275,2.458452095897018,2.4682794903129364,2.477962730627498,2.4873354167360513,2.496419794641892,2.505267475072666,2.513935407796811,2.5223799906478668,2.530577197942274,2.53843804566685,2.545939397978167,2.5531106196005764,2.559828022755752,2.566167243854901,2.5721416305,2.5777787677351354,2.583105350764263,2.588177439515688,2.592952321663081,2.5974451244886856,2.6016941111181677,2.6056619082659926,2.609379660336774,2.6129167748607935,2.616204734147901
Wichita,Texas,33.991103,-98.716851,117.5710988812584,119.52486348218468,121.48843146460977,123.45428760245964,125.42169716692818,127.39051321225415,129.35891466061094,131.34246201849967,133.35213948157184,135.38652482478136,137.4441171021386,139.52395591813254,141.6255322106619,143.75005828225684,145.8989983424666,148.07417346911788,150.27773536799995,152.5192984903473,154.80819389199763,157.14675696094176,159.5371761394095,161.98216467592056,164.4688963047451,166.99693543666248,169.56877490155054,172.18803586281092,174.85361622723437
Wicomico,Maryland,38.367389,-75.632206,576.2662210367192,582.6198844203572,588.972611544737,595.3058852823079,601.6343736947814,607.9625500208356,614.286981309857,620.6120367717174,626.9469749701917,633.2744230946004,639.5827299186199,645.851609824989,652.0573442458343,658.1892182140895,664.2210164705258,670.142024048077,675.9402776339999,681.630861405232,687.2348932094853,692.750812614663,698.1763309870231,703.5189384006308,708.8700761763683,714.2313047463331,719.6145874232684,725.039377593983,730.516390225543
Wilbarger,Texas,34.08492,-99.24244,10.705780134865822,10.883685882552385,11.0624843058021,11.24149108373358,11.420639313467353,11.599915614427534,11.779154163048593,11.959771866742061,12.142768923555957,12.328015828630742,12.515375908941218,12.704761712866375,12.896126886268291,13.089581818898095,13.285259838636996,13.483326769050533,13.683978539999996,13.88809062345097,14.096512685972662,14.309457383146231,14.527123989976948,14.749759569241121,14.976196187814365,15.20639418184671,15.440580543250631,15.679085007646357,15.921807220714673
Wilcox,Alabama,31.99033,-87.302205,4.7926582405687075,4.80748156163067,4.822451427452757,4.837200414216106,4.851887809703463,4.866452022638832,4.880928096334418,4.895253377595674,4.9095552966487945,4.923752085765308,4.937849054537966,4.95184407912967,4.965816803431793,4.979771475118536,4.993692165411629,5.00764471326127,5.0217225675,5.036003248182089,5.050631176230554,5.065715729256215,5.081236730806587,5.097306744248144,5.113229151011026,5.12904111824454,5.144768131993927,5.160412316096284,5.176049066768783
Wilcox,Georgia,31.962717,-83.438262,8.987064537299906,9.124061475039097,9.260983791255722,9.397259046872513,9.53297821881426,9.667940953403917,9.80207876239474,9.935231158402573,10.067536140133534,10.198820953651817,10.328959866802947,10.457826125219817,10.585507639189297,10.711933876039359,10.837153901976635,10.961387492718279,11.0846213595,11.207156032837354,11.32935133157891,11.451107078886142,11.572253587461155,11.692703969229711,11.812716843989225,11.93202336981591,12.05049985898057,12.168133022718918,12.28478588453746
Wilkes,Georgia,33.77904,-82.747922,9.657341400864885,9.804555899339812,9.951690210839748,10.098129202405831,10.243970636240455,10.388999215808019,10.533141344843802,10.676224566428978,10.818397171544708,10.959473521851617,11.099318507789102,11.23779592134484,11.37500022936609,11.510855638684705,11.645414874982873,11.778914105378723,11.911339049999999,12.043012653650099,12.174321571331737,12.305158154777109,12.435340061001982,12.56477392161082,12.693737644886815,12.82194233802965,12.949255088382145,13.075661616072038,13.201014728569884
Wilkes,North Carolina,36.209303,-81.165354,55.82007438366969,56.64300602417485,57.47283708522967,58.30585099217958,59.143180291416684,59.98498119623645,60.830908735611395,61.68169190492035,62.53980408134149,63.405316862635246,64.27824977546355,65.15897382640313,66.04850440187451,66.94749889949607,67.85710939232192,68.77613824508677,69.70555528199999,70.6456664207652,71.59804681211165,72.56234497612455,73.53694019986345,74.52124668347041,75.51622123338007,76.5201650300043,77.5335402043422,78.55688048515324,79.58897521939758
Wilkin,Minnesota,46.362335,-96.476657,12.508184680925078,12.625627143780896,12.744516441174436,12.863888830032518,12.983905340843313,13.104553774327414,13.225570626049624,13.346943696730529,13.468448519629035,13.589580044577671,13.710208959214722,13.829617945911025,13.947631335043111,14.063661121343541,14.177541394612371,14.288750025690966,14.397025950000002,14.502984011221614,14.606736442726357,14.70814417272898,14.807338953447088,14.904559890757062,15.001270898187805,15.097528092424591,15.193529101793816,15.289730179345328,15.38604836997915
Wilkinson,Georgia,32.804321,-83.175587,10.396462678376622,10.554944187477403,10.713339372520846,10.870986021560258,11.027989378994302,11.184117670641639,11.339291667572933,11.49332571393884,11.646379450119362,11.79825303000917,11.948801003484247,12.097876737899252,12.245581930088859,12.391834986081069,12.536692666899876,12.680409214631965,12.822969256499997,12.964720453775989,13.106079053969303,13.246929169989254,13.38707450329451,13.526414539571727,13.665248456718247,13.803265251623404,13.940321839205847,14.076402846688241,14.211349816211916
Wilkinson,Mississippi,31.160249,-91.325567,2.2223356252824775,2.2319041130166957,2.2412131033635614,2.2501408851590963,2.2586621975956813,2.2668229694144415,2.274553542024671,2.2819220430590375,2.288951436888104,2.2955475695925642,2.3017135030884948,2.3074668433933248,2.3128351477517306,2.3178268364329173,2.322400573569874,2.326666588141298,2.330739702,2.3346436449955603,2.338467212694154,2.342232603987324,2.3459214473786196,2.3495766096930906,2.353187374224475,2.356710108668705,2.3602473872142906,2.3637264893544523,2.3671749723338644
Will,Illinois,41.448474,-87.978456,1121.6857021861756,1126.0235134168875,1130.243662338144,1134.273795939761,1138.1280124185757,1141.8138485464826,1145.3139254141722,1148.6999753564971,1152.0210317247222,1155.2376373012833,1158.3443833439976,1161.3028766501573,1164.1141812346168,1166.751164718558,1169.2285459741504,1171.5364828639788,1173.672226683,1175.6747913092545,1177.5982641645717,1179.435640484485,1181.1958757273635,1182.8748025016882,1184.5367050383227,1186.1913368067767,1187.8260182966872,1189.445892246523,1191.0663868716913
Willacy,Texas,26.481092,-97.584224,71.73043028946181,72.92242710536549,74.12040498957505,75.31977888330354,76.52010052661367,77.72128026751801,78.92220706174348,80.13237441439007,81.35848381151999,82.59966754996894,83.85500989872223,85.12392491800468,86.40610202771694,87.70228085675548,89.01335472313814,90.34043467113803,91.68483346199999,93.05241689718888,94.44887787790799,95.87564123038653,97.33404212886623,98.82573593325827,100.34289730580062,101.88526049238757,103.4543463749492,105.05236423460488,106.67864168144871
Williams,North Dakota,48.345867,-103.4874,39.07176873346137,39.09643979850195,39.1217261020722,39.14104459190447,39.156979269823424,39.16682308629847,39.16749984868113,39.16190117806095,39.15076536067356,39.134461539636774,39.10819085441901,39.075829307757324,39.0346083262681,38.98354352830383,38.92165053221702,38.85046743433189,38.766918042,38.671494546045096,38.56684247214483,38.451054580857175,38.32751468409543,38.19259287453441,38.045550865938516,37.88275875098255,37.70667748378529,37.51958344690657,37.31827739999203
Williams,Ohio,41.564958,-84.584323,34.43083449409177,34.50231277061522,34.57093528287349,34.63461882598685,34.69386541325242,34.748644983993735,34.798783186287224,34.8444513659888,34.88569762018084,34.921845583642636,34.95240226127999,34.976937785419295,34.99524173132523,35.0070044740301,35.01228012275155,35.010804143536596,35.00282604,34.98886586184477,34.97010499365641,34.946732817696706,34.91920926231573,34.88763352774586,34.85529425199353,34.822149350111644,34.788544519879665,34.75472926491237,34.72166853292461
Williamsburg,South Carolina,33.626463,-79.716475,16.692737605240435,16.861768550867485,17.029964225802917,17.196855287467635,17.36191670856976,17.525343385604003,17.68667393095024,17.84611517354162,18.003925649544602,18.159584309146805,18.313031490155957,18.464004678926127,18.612380573593317,18.758596696900753,18.902267233338495,19.04327285852203,19.181701077000003,19.317937704282343,19.452479925304544,19.585299897710225,19.716397621499375,19.845832758864262,19.9743411435094,20.10172787894008,20.22817990669204,20.353729046601163,20.478327568913635
Williamson,Illinois,37.730353,-88.930018,98.88767392188257,99.27009482791824,99.64214263918451,99.99743872317808,100.33722597520291,100.66216883614474,100.97073518349056,101.26924893108244,101.56203285315361,101.84560840624336,102.11949875630422,102.38031916329467,102.62816343063385,102.860639571133,103.07904519875733,103.2825126318795,103.470799545,103.64734539682158,103.8169185278185,103.9789013988146,104.13408352192117,104.28209750041319,104.42861062419853,104.57448275795291,104.71859607759794,104.86140396632622,105.00426657371571
Williamson,Tennessee,35.894972,-86.896958,85.22515934153378,85.98319824861835,86.74599372696682,87.50969727801107,88.27534669911786,89.04253840242228,89.81058052301331,90.58271617766171,91.36064620094064,92.14282831065242,92.92845533106741,93.71911278594027,94.51292687447003,95.31119484336507,96.11346986320358,96.92172663175272,97.735575975,98.55703583226943,99.38825386755599,100.23080119076188,101.0853696667983,101.95097915370779,102.82418474078716,103.70396304452203,104.58988164934303,105.48279097253665,106.38336846516172
Williamson,Texas,30.64903,-97.605069,478.9282270754515,486.8869263250811,494.8855598456774,502.89351421324443,510.9077964952689,518.9278081052478,526.9461308461654,535.0261507530414,543.2126121669534,551.4997216256787,559.8813649956539,568.3536300865221,576.914443223613,585.5687427455745,594.3224931393436,603.1831126019365,612.1593661499999,621.2904184432829,630.6142797247078,640.1404632440496,649.8778836645812,659.8375934585134,669.9673445753948,680.2653626338067,690.7418022262061,701.411414234267,712.2697092592185
Wilson,Kansas,37.558515,-95.745175,9.126073111850156,9.16383070183686,9.20144175094331,9.238223511886519,9.274465735952438,9.309545624399993,9.343546439092968,9.376661347555329,9.409103500158354,9.44070970364903,9.471390035214482,9.500811447399586,9.528887347866016,9.555727642273958,9.5808693946608,9.60459569536339,9.626956501499999,9.648055057781711,9.667991278445061,9.686974983386776,9.704846309828396,9.721661875837293,9.737564891819167,9.752415477842868,9.766330200517691,9.779568836858623,9.791874940325224
Wilson,North Carolina,35.704125,-77.918982,71.0323980705563,72.07959853595588,73.13557868128873,74.19560907519458,75.26113091041718,76.33234297216259,77.4088062764341,78.49144848752658,79.58341703786894,80.68480303734725,81.79563133411231,82.91637404302844,84.04832326793486,85.19231556324033,86.34981696983934,87.51930346781896,88.702009182,89.8983234000776,91.11025053954599,92.33734333369155,93.57753938600169,94.83009325195376,96.09622249093474,97.37376531382895,98.66330979353761,99.96553511284803,101.2789006864134
Wilson,Tennessee,36.148476,-86.29021,50.764878177233456,51.216408606382196,51.67077231578077,52.12567692413612,52.5817406016846,53.03872294888984,53.49621185226095,53.95613909378647,54.419517785798156,54.885429258639235,55.35339271323701,55.82435257634144,56.29719270724802,56.77268581875218,57.25056575422438,57.7320087542532,58.216783004999996,58.70609050414653,59.2012105206541,59.70307889557492,60.21210774239984,60.72771323368349,61.24784338766914,61.7718886198182,62.29959135919887,62.83145816197703,63.367892555945815
Wilson,Texas,29.174303,-98.085899,38.42412655405503,39.06264825706848,39.70437386286886,40.34684727467305,40.98982837128716,41.63326912847242,42.27657438869827,42.92482957582086,43.5816245016887,44.24649436027652,44.91894861828823,45.59867340302041,46.28550234478872,46.97983164356305,47.68213982657981,48.39302205136951,49.11318152999999,49.845760419808315,50.593808259956774,51.35808829281164,52.13931573650039,52.93837732428903,53.75108122619293,54.57728508464713,55.41780359655945,56.27382021638547,57.14497476233433
Windham,Vermont,42.999143,-72.716335,115.28047026030127,116.0725862521197,116.86543806929053,117.65553054139002,118.45040587827987,119.24436143347924,120.03371808022635,120.81645229880219,121.58943683145921,122.35175189650701,123.10450123197407,123.83370415616552,124.54303979584317,125.22441407213108,125.86697356108183,126.47954816692379,127.05606733049999,127.59009257997724,128.09229338296478,128.55935852537704,128.98448162270458,129.37428510311875,129.73631117648122,130.06485719631118,130.3783187964177,130.66915376693905,130.95244652759868
Windsor,Vermont,43.588143,-72.591515,150.8362148400082,151.8726417183021,152.9100313712159,153.9438106193051,154.98384790242355,156.02268171726715,157.0554981907365,158.07964969262702,159.0910444308042,160.08847893699323,161.0733973731239,162.02750702141861,162.9556217549768,163.84715105297968,164.6878939897843,165.48940386082904,166.24373777549997,166.94247145587323,167.59956513393695,168.21068632390168,168.76692936053362,169.2769592154117,169.75064432838946,170.18052319616302,170.59066518422918,170.9712018527342,171.3418700813855
Winkler,Texas,31.831416,-103.055986,6.650018400400348,6.7605266007135265,6.871589296714622,6.982781414621461,7.094061396941377,7.205420932175833,7.316757017110852,7.42894978007335,7.542620505578752,7.657688750194816,7.774069617900799,7.891708787116997,8.010577464437777,8.130744219726038,8.252291871127897,8.375323421857324,8.499960575999998,8.626747143031437,8.756210903108554,8.888483949690198,9.023690064736677,9.161982714131636,9.30263642278875,9.44562655305164,9.591094103556163,9.73924389337333,9.890013586264134
Winn,Louisiana,31.941187,-92.641269,2.275857488247545,2.2847702038239475,2.293451132360258,2.3017632171719007,2.309673705742341,2.317183101956448,2.3242591571825573,2.3310338892565468,2.337519895300162,2.3437106248100936,2.349539564983535,2.3550172974027497,2.360138783219041,2.364939798258162,2.369457630000474,2.373779954413318,2.377913322,2.3820371157741564,2.386225406811643,2.3905890497838067,2.3950625396575806,2.399700295998897,2.4041415372410055,2.4083776973411197,2.412411799608458,2.416282643177992,2.4199741037338907
Winnebago,Illinois,42.337396,-89.161205,446.86023475805274,448.5883439254549,450.2695784584363,451.8751141658228,453.4105675260419,454.87894105900756,456.27331130703584,457.62225519495433,458.9453067640859,460.22674693958663,461.46442097187145,462.6430336712612,463.7630089229201,464.8135376551579,465.80048361274794,466.7199258579202,467.570769354,468.36855655701254,469.13483496281054,469.8668139940627,470.5680613509014,471.2369168164336,471.8989901193365,472.5581668736167,473.20939578106584,473.85472561997824,474.50030272523645
Winnebago,Iowa,43.378124,-93.743488,9.30724334214462,9.335532167635614,9.362628034111339,9.387742960748552,9.410588125890929,9.431166668904297,9.449199186229816,9.464641726745873,9.477707767328884,9.488174413004943,9.495859580555933,9.50091395954167,9.503042449574174,9.502329813530846,9.498562574535258,9.49189456151308,9.482441930999999,9.470141895679422,9.455383736914229,9.43825221758182,9.41875361641385,9.396818867362075,9.37423426958356,9.35095587195669,9.326927165896537,9.302543711497632,9.277365997543823
Winnebago,Wisconsin,44.085707,-88.668149,382.9000219361895,385.3689646368115,387.8342994964772,390.26924523424105,392.67463442878545,395.0467898575973,397.3777326416382,399.6587900863017,401.89280683541864,404.0595928559449,406.1499897823757,408.155047393877,410.0676887716499,411.8786861686328,413.5782567853094,415.16362535940556,416.633057352,417.99029936716283,419.246174927763,420.4023491911652,421.4608342225179,422.420866824696,423.35148164676826,424.24254898143425,425.10246399707313,425.9352508239824,426.7495821567688
Winneshiek,Iowa,43.292989,-91.850788,15.65177972407668,15.699352399353462,15.74491890255111,15.78715410421732,15.825572299532954,15.860178767898212,15.890503642694554,15.916473012319068,15.938445875985916,15.956047396280313,15.96897136799018,15.977471202325505,15.981050635666712,15.979852211819436,15.973516931569504,15.962303485527121,15.946407211499999,15.92572252148397,15.900904061104859,15.872094374168293,15.839304019474683,15.802416850219451,15.764436845121109,15.725290092576733,15.68488156338258,15.643876461964892,15.601535672294508
Winona,Minnesota,43.982268,-91.776708,98.14432431824153,99.06582583563053,99.9986798075705,100.93532431239599,101.87702286106877,102.82367973306147,103.77322736498198,104.7255700363029,105.67894648931987,106.62939389419807,107.5758976133469,108.5128292797546,109.43881051782645,110.34922759814123,111.2427787215261,112.11536704940788,112.9649441625,113.79633437538395,114.61041831691195,115.40610477307145,116.18442752555856,116.94726269671054,117.7060967498167,118.46136999930314,119.21463311771394,119.96946605277432,120.72521790489785
Winston,Alabama,34.155888,-87.364147,10.968871330460656,11.002797200668223,11.037058465251372,11.07081420787713,11.104428987649388,11.137761841714635,11.170892973075736,11.203678988485159,11.236411535226013,11.2689034729583,11.301166953652153,11.333197116519521,11.365176241112344,11.397114049006724,11.428974084292282,11.460907031398612,11.493126765,11.525810703860333,11.559289381567137,11.593813128705081,11.629335767787671,11.666114920581649,11.70255624860603,11.738744815651717,11.77473895117533,11.810543515964921,11.846331067996335
Winston,Mississippi,33.078724,-89.037391,4.328675918418614,4.347313464412834,4.3654455601596895,4.382835136074134,4.3994329890347466,4.4153285792622965,4.4303862254219455,4.444738626841174,4.458430513630367,4.471278492336942,4.483288526975616,4.494494910631021,4.504951319435617,4.514674154429881,4.523582901415118,4.53189226492118,4.539825895499999,4.547430014265641,4.554877577644931,4.562211824744576,4.569396971476268,4.57651651404606,4.583549578402438,4.590411177335669,4.597301105338813,4.60407771706231,4.610794688638627
Wirt,West Virginia,39.020034,-81.382975,1.6318483647319253,1.6355810302887899,1.6387543805056475,1.6412659042108566,1.6430796325722625,1.64425941026694,1.6448016404116736,1.6447638731379108,1.6441577983161026,1.6430112917911681,1.64131086525105,1.639061914020571,1.6361925004354216,1.6328249185249284,1.6288998197160354,1.624482847127426,1.6195973805,1.6141525985325667,1.6083130586322345,1.6020868537862385,1.5954829762026166,1.588415100684198,1.5809515680120765,1.5729745802609454,1.564602834576915,1.5557967652446154,1.5466229146035335
Wise,Texas,33.219095,-97.653997,53.54508284000633,54.43488048927492,55.329142865670015,56.2244473304094,57.120459267969686,58.017111755246205,58.91357542376308,59.81693695228375,60.73219884288301,61.65871337551201,62.595796978458665,63.54301226143168,64.50012738367552,65.46769446080384,66.44638033375253,67.43701437099745,68.44057651799999,69.46144545789491,70.50387080782936,71.56891616714563,72.65757821208119,73.7710926299618,74.90361798979326,76.05495591237239,77.22624170036785,78.41912453028786,79.6331024788473
Wise,Virginia,36.974561,-82.62156,60.17503316514134,60.915504498248616,61.65699208706592,62.39621326433945,63.134135892650114,63.87103419972924,64.6068033337972,65.34273377829535,66.07964015089598,66.81727242043236,67.55396908947378,68.2896736993697,69.02278121133998,69.75331582194907,70.48016448922894,71.20359337538929,71.92344116999999,72.64265178841154,73.36307223504934,74.08410566132174,74.80594563974499,75.52799532172743,76.25671518999721,76.99167777191435,77.73381866797385,78.4842589856653,79.24390206339767
Wolfe,Kentucky,37.743774,-83.495068,4.117794432923928,4.140056124552892,4.161816637257436,4.182777650249214,4.203000816491152,4.222495085606898,4.241243552751782,4.259390406306834,4.277055968990024,4.2941795822410525,4.3107662180730575,4.326832781330716,4.342368333585118,4.357379835654661,4.371930929307524,4.386013659322685,4.399665812999999,4.413001746641668,4.426164654226097,4.439109787635033,4.45186797334994,4.464531690815203,4.47728092690646,4.490115681623708,4.5030757310720615,4.5161919017329835,4.529501980906329
Wood,Ohio,41.360183,-83.622682,116.23440667188271,116.47570884139759,116.70737029003438,116.92235836561571,117.1223678053907,117.30729712808687,117.47655774232433,117.63072809135579,117.76997054521709,117.89200177527918,117.99515748867469,118.07798650320834,118.13977844997326,118.17948807186373,118.19729803517008,118.19231530469519,118.16538217499999,118.11825427209703,118.05491980999162,117.9760181206999,117.88310186768963,117.7765059391597,117.6673323863108,117.55543913536157,117.44199322094457,117.32783693762083,117.21622783423429
Wood,Texas,32.783588,-95.382166,37.02223999065096,37.637465523362735,38.25577806594362,38.874811131170624,39.494333358561036,40.11429847601834,40.73413304006039,41.35873693519576,41.991569000640716,42.63218138860379,43.28010146267031,43.9350268016379,44.59679710574355,45.2657941197837,45.942478912148886,46.62742492632121,47.321309717999995,48.02716080435881,48.74791646352789,49.48431209132724,50.23703681148034,51.006945005198276,51.78999777948311,52.586057970620104,53.39591055167555,54.220695799314186,55.06006667281194
Wood,West Virginia,39.211679,-81.515928,23.386353182013487,23.439846776706347,23.485324708691675,23.521317869370343,23.5473107820409,23.564218417848426,23.571989229122767,23.571447978586246,23.562762196166833,23.546331376308146,23.521962215247154,23.489732034489062,23.448609880630976,23.400348374457824,23.344096979412214,23.280796440474294,23.210781817499996,23.132751531818172,23.049063889337948,22.959834872317145,22.86519334993113,22.763902178096426,22.656940762545783,22.54262091708196,22.422643714819728,22.296442131387504,22.164969798682968
Wood,Wisconsin,44.461413,-90.038825,185.48689509171334,186.68291621853908,187.87718961180872,189.05674171089402,190.2219758389233,191.37111065207975,192.50028097038347,193.6052855112476,194.68750229536064,195.73715073686034,196.74979428133508,197.72109720515516,198.6476312617297,199.52492628638632,200.34824323236703,201.11623768924406,201.8280694005,202.4855533202124,203.0939326490496,203.65401403326837,204.1667721704288,204.6318373476632,205.08265177436306,205.51430835246686,205.93087392351867,206.3342978826388,206.72878151241412
Woodbury,Iowa,42.39322,-96.053296,83.82128677587039,84.07605670793996,84.32008281865933,84.54626853129461,84.7520127101505,84.93734362844101,85.09974497011312,85.23882091016975,85.35649402716824,85.450756922909,85.5199697509754,85.56548962564325,85.58465886478909,85.57824084519304,85.54431298829776,85.48426068159311,85.39913003399998,85.28835558123687,85.15544320184954,85.00115627261823,84.82555133997101,84.62800639319816,84.4246088911109,84.21496300871209,83.99855982814829,83.77896177439351,83.55221059747664
Woodford,Illinois,40.789596,-89.210301,51.58420537858292,51.78369311831468,51.97776979082465,52.16310801792675,52.3403561490469,52.50986078607951,52.67082270583282,52.82654074280752,52.979269848151816,53.127195459006835,53.270068837542496,53.40612435293208,53.53541093720777,53.656680823549756,53.770610905069425,53.87674856046942,53.974967381999996,54.067061544173285,54.1555184252902,54.240015889472396,54.3209657813238,54.39817645038519,54.474604206932185,54.55069759459284,54.625873506650706,54.70036844792782,54.77489193289037
Woodford,Kentucky,38.042789,-84.748147,13.690660347692395,13.764675032937575,13.837023420717104,13.906713667301421,13.973950753727973,14.038764435308646,14.10109850756543,14.161432361634281,14.220166041152778,14.27709787122925,14.332244382592526,14.385661779720607,14.43731369501008,14.487223271481302,14.535602102463242,14.582423738789785,14.627813813999998,14.672152534856886,14.715915986350629,14.758955391921798,14.801373242089111,14.843477008408732,14.885865103264162,14.928537526655393,14.971626524413042,15.015234587055822,15.059487348122815
Woodruff,Arkansas,35.189071,-91.244418,3.8202626795937804,3.848263332417061,3.876101851399881,3.9035953163119808,3.9308171723973278,3.9576731880221505,3.9841120900916036,4.010340356744391,4.036441133539723,4.062510037870692,4.088387707415477,4.114198860512896,4.139773048766564,4.165212818366177,4.190520940830375,4.215672472491392,4.240727000999998,4.265788458305208,4.290867930481577,4.316012533345995,4.341287397586508,4.366534546640618,4.391706864691438,4.416668547325594,4.441414051505802,4.46596970665915,4.490148435277412
Woods,Oklahoma,36.765141,-98.868967,4.624246674873377,4.642903309626757,4.661698385839436,4.6803695239837895,4.69892067953008,4.717249010251406,4.7353782489693526,4.753569456721463,4.771975578358013,4.7904528984593435,4.809021194376789,4.827907246405581,4.846922510463053,4.8661500514247855,4.885581958350248,4.905305251585287,4.925470238999999,4.946240413365369,4.967845191956808,4.990309626086,5.013679862906046,5.037942717516057,5.062300503412448,5.086658289308838,5.110992342383634,5.13540023090339,5.1595826576179995
Woodson,Kansas,37.888484,-95.757553,3.576418949504918,3.5912157803719356,3.6059551832987444,3.6203695962911895,3.6345725700492277,3.648320035826973,3.6616446231359068,3.674622032442668,3.687335795296652,3.699721957855353,3.7117452802463715,3.723275244423776,3.734277915695625,3.7447963650170766,3.7546491723042887,3.763947277896299,3.7727102594999993,3.7809785777096283,3.7887913879389625,3.7962309165569397,3.8032345149015114,3.8098243710404875,3.816056607733617,3.82187640740161,3.8273294513605407,3.832517543686235,3.8373401854833262
Woodward,Oklahoma,36.425619,-99.273661,10.344126554623374,10.385860182723484,10.42790349498971,10.469669566192936,10.5111672444522,10.552166478672664,10.592720357568531,10.633412856995896,10.67458610422399,10.715918617594658,10.757454637703056,10.799701456707014,10.842237314266008,10.885248020879713,10.92871588031006,10.97283555117575,11.017943262,11.064404735036117,11.112733161187945,11.16298457854269,11.215262215155725,11.269536577296943,11.324023294294925,11.378510011292905,11.432943639576697,11.48754243274908,11.54163688313665
Worcester,Maryland,38.222133,-75.309932,303.12298802014755,306.46509165110086,309.80670279838324,313.1380812293944,316.46694252164366,319.7956396526692,323.12236684901154,326.4494223678011,329.78167632533814,333.1099904135087,336.42823594663145,339.7257424451722,342.9900336561371,346.2154733775155,349.3882720665248,352.5027935211546,355.5527448945,358.5460606457019,361.4938490175575,364.39528920394883,367.2491773559027,370.0594533427858,372.87421640311396,375.69428734300544,378.5259590093649,381.37946411846366,384.26043887231236
Worcester,Massachusetts,42.311693,-71.940282,1485.996115466459,1492.9245340089685,1499.5692018300895,1505.839199610701,1511.7878880595058,1517.4388558159737,1522.8278293631854,1528.042979829256,1533.1463705277417,1538.1407496496486,1543.0320716088238,1547.8223975485214,1552.504398959392,1557.0828851756964,1561.5535048950078,1565.8727450930621,1570.0291549739998,1574.0557128298954,1577.9973057805162,1581.8392768071628,1585.5360517423162,1589.0580875326596,1592.5352362032354,1595.964291531203,1599.3443374528931,1602.6314029122075,1605.861672424061
Worth,Georgia,31.551773,-83.84996,15.97190403564822,16.215376410155667,16.458716166521494,16.70090596009772,16.942107476015895,17.18196464364922,17.42035574497731,17.656995560161356,17.89212934192899,18.12545007019895,18.356734292486056,18.585756739618237,18.812673646666454,19.03735966223656,19.259901987298402,19.480691209529326,19.699703711999998,19.91747360065062,20.134640349259936,20.351025922514538,20.566328750393772,20.780394414513577,20.99368253665241,21.2057153281631,21.41627296993419,21.625331845036367,21.83264851742885
Worth,Iowa,43.373491,-93.248533,5.680992599661031,5.698259646665133,5.7147985305506515,5.730128280415576,5.744072604136455,5.756633417932026,5.767640178335041,5.777066058283236,5.785041360650462,5.791430033906669,5.796120937365335,5.79920604952565,5.8005052458267015,5.800070264174286,5.797770801694547,5.793700753105409,5.787931018499999,5.780423273503654,5.771415129239278,5.760958323612667,5.749056689061289,5.735668068773012,5.721882791206979,5.707674029300929,5.693007291117664,5.678124020217557,5.662755945977972
Worth,Missouri,40.480482,-94.419129,2.8858317131093787,2.9019016950520022,2.9180139584731455,2.933979243421342,2.9498005700022034,2.9654522673180557,2.98088349692449,2.996150130775263,3.011287906786742,3.026194141368239,3.0408018888454333,3.0551166860786063,3.069050950005113,3.0826021638702805,3.0957290528974584,3.1084255768754305,3.1207163999999996,3.1326775282623123,3.144492181402613,3.156086366833498,3.1675320637386326,3.17884537934793,3.1902221171750043,3.2016345929184458,3.213164852780618,3.2248214537274102,3.236633590113038
Wright,Iowa,42.733007,-93.734735,10.370676432813289,10.402197501409718,10.432389305100294,10.460373829434046,10.485829252381134,10.508759072007104,10.528851960478738,10.546058944878451,10.560617893663087,10.572280444179178,10.580843708625308,10.586475594147474,10.58884728258476,10.588053221706788,10.583855543056728,10.576425651846117,10.565892976499999,10.552187555707546,10.535743149595923,10.516654205934762,10.494927720855147,10.470486736915158,10.44532165340803,10.419383497416186,10.392609303759867,10.365439828697333,10.33738534305275
Wright,Minnesota,45.175091,-93.966397,259.2315363881325,261.6655258806084,264.12950095050275,266.60348806816916,269.09082458286514,271.5912576651013,274.09932619791124,276.6147773518055,279.13295906418324,281.6434041941916,284.14343274924505,286.61817835537903,289.06400026794927,291.46871210557634,293.8288753872074,296.13366901070486,298.377682425,300.5736582363481,302.72392247604984,304.8255928879284,306.88140003046715,308.89629936165414,310.9006304201928,312.89555622173344,314.88517260400096,316.87893538989135,318.8751253388779
Wright,Missouri,37.267636,-92.48001,27.95766918714197,28.11335367732008,28.269447786528904,28.424117981964255,28.57739352212832,28.72902570975246,28.878522026716368,29.026423755310677,29.17307712114467,29.317487335143745,29.459005833842568,29.597686257828503,29.732680110537903,29.86396300988561,29.99113508967496,30.114137832901562,30.233210184,30.349088481942193,30.46354774252793,30.575871132453454,30.686755979354405,30.796358328575817,30.906575106343332,31.017138109720143,31.128842194682548,31.2417702603201,31.356205138820677
Wyandot,Ohio,40.840122,-83.313172,20.82858459274818,20.8718246521597,20.913337145903746,20.951861860288172,20.987702483172423,21.020840829654716,21.051171427304844,21.078797930062844,21.10374943377154,21.125616778141275,21.144101730783127,21.158944247601898,21.17001703428525,21.177132786345023,21.180324236604395,21.179431357927836,21.174605085,21.16616001662137,21.154810819431223,21.14067205831067,21.124021962256677,21.104920541445065,21.08535722412867,21.065306551445044,21.04497764976444,21.0245214537715,21.004521698812805
Wyandotte,Kansas,39.115384,-94.763087,188.90960161726915,189.6911832674484,190.4697315232016,191.2311135241348,191.98132711831767,192.7074803794395,193.4112968270605,194.09677502656058,194.76832718801387,195.42257521308233,196.0576577006409,196.66668057244857,197.24785136816269,197.8034451336028,198.32387910001395,198.81501323390094,199.27788164700002,199.7146215035657,200.12730102707042,200.52026348680593,200.89019972521663,201.23828173560338,201.56747397160993,201.87488092037498,202.16291550928287,202.43695511936158,202.6916913103656
Wyoming,New York,42.701363,-78.228567,50.32436305847822,50.458479123145324,50.58086229200726,50.689707302623255,50.786064822974076,50.87089381685265,50.94474712950569,51.01059335649984,51.07130414897451,51.12567425188947,51.17381371027008,51.21469019697319,51.247756106991325,51.272461215197445,51.28878194051464,51.29607373350834,51.293872833,51.284699794095594,51.27110661333695,51.25233345602474,51.22796372313419,51.19760701683702,51.165929770234854,51.13360535407845,51.10072023231633,51.06666391706944,51.03319450862476
Wyoming,Pennsylvania,41.525137,-76.00878,89.85397979834367,90.10830260056966,90.35659236965186,90.59436058694119,90.82265868249286,91.04274112113114,91.25315765450422,91.45541654089799,91.65008337716972,91.83524383549495,92.00909960791734,92.17008442621686,92.3164144849207,92.44591441150111,92.55798235289197,92.65110279956566,92.72419531649999,92.77919598524473,92.81746803925063,92.83867792139675,92.84293440030947,92.8299981850108,92.8052496968861,92.76830462012217,92.7189309149827,92.65733886747871,92.5851890119731
Wyoming,West Virginia,37.603717,-81.548884,5.819646755957932,5.8329585289563095,5.844275620479139,5.853232445818687,5.859700729638906,5.863908160661278,5.865841911352201,5.865707222249351,5.863545782836944,5.859457006500414,5.853392789988747,5.8453723746023485,5.835139209669124,5.823129431331632,5.809131385285401,5.793379174018712,5.775956176499999,5.756538497505739,5.735712996698355,5.713508536028456,5.68995718433005,5.664751080796627,5.6381339485666775,5.609685685914643,5.5798296014494815,5.548424592301542,5.515707967842513
Wythe,Virginia,36.901471,-81.084209,46.133534293327884,46.70122088762326,47.26968660018721,47.8364147553427,48.40214737048838,48.96709468388717,49.53117631032091,50.09538160632108,50.66033510319821,51.225845113124294,51.79063783956504,52.3546699981722,52.91671107675973,53.476779625762575,54.03402232517234,54.58864322977362,55.14051867,55.69190561543894,56.244220082626185,56.79700449416587,57.35040725353774,57.903970783346,58.46264804972641,59.02611132832798,59.59507790263598,60.1704072761372,60.75279199840366
Yadkin,North Carolina,36.158765,-80.665164,33.68156664564762,34.17811967250269,34.6788357768102,35.18147239515,35.68671290061338,36.194651551557705,36.70508019411038,37.218438700606,37.73621949503693,38.25846577915034,38.785189335240894,39.31661402690746,39.85335253347322,40.39580152552563,40.944656158450584,41.499193784841296,42.059999592,42.627258169209966,43.201919954908504,43.783772867791356,44.37183897740039,44.96576481489532,45.56612771271529,46.17190261122343,46.78336835806041,47.400847002614064,48.02360804261445
Yakima,Washington,46.456558,-120.740145,338.4210174812317,341.7057729871254,345.1372421384435,348.7035292342059,352.41206908752514,356.27216898296473,360.2834984843861,364.4520054422795,368.78738265003653,373.28963010765693,377.9567101256211,382.7887879219982,387.7803562278157,392.93130489769413,398.2346397000389,403.6931693420255,409.307719914,415.10362485323543,421.10153641837826,427.30376766239664,433.7284375002101,440.38325610837984,447.123162022173,453.9489262592457,460.86759812388283,467.8807196513963,474.990989403583
Yalobusha,Mississippi,34.030669,-89.703793,4.026880456928244,4.044218592455988,4.061086517748219,4.077263691721026,4.092704341696613,4.107491690725515,4.12149951718109,4.134851268588294,4.147588556472396,4.159540773579801,4.170713468113879,4.181138542244001,4.190865929800486,4.199910888342599,4.208198517124861,4.21592855146855,4.223309048999999,4.230383008295319,4.237311327252205,4.244134230345083,4.25081842835374,4.257441596125338,4.263984314948086,4.27036752292398,4.276777084865876,4.283081230943764,4.289329894987962
Yamhill,Oregon,45.248138,-123.316117,151.18076668795695,152.6875662673032,154.2503698098245,155.859963623323,157.51498900664515,159.21650744506715,160.96345745331274,162.75214506262063,164.59199626224387,166.47868019225538,168.40875764036014,170.386389628841,172.40503740839625,174.4642763849154,176.56911676890238,178.710939299914,180.89377762199996,183.1230665397748,185.40751023250377,187.74906183309506,190.15133039148807,192.61363655710588,195.10001720878913,197.6044855695797,200.12954674472957,202.67817289301226,205.2453113445128
Yancey,North Carolina,35.889504,-82.30398,15.508724263020786,15.737362795678196,15.967918223145599,16.199357953973465,16.431996648253232,16.66587770737684,16.90090528660378,17.137281925763034,17.375694813560074,17.616163842299528,17.858694437155386,18.103389676433473,18.350531669181294,18.6003030629232,18.853023942924626,19.108361565180825,19.366585379999997,19.627780381774652,19.8923842012067,20.160299185164305,20.431075044206256,20.70454902311284,20.980986955409584,21.25991685095933,21.541467105546502,21.82578600726018,22.112537195312942
Yankton,South Dakota,43.006607,-97.388339,23.33780835707613,23.433143657775158,23.52878257408151,23.621476418996842,23.710769769110176,23.79602503164612,23.876300998221993,23.951992369127304,24.02267408251181,24.086767337217424,24.145759849720047,24.196767271750105,24.24112551197981,24.277437938615495,24.307647691544005,24.331542239840225,24.348119651999998,24.358138967041615,24.361994885254603,24.360598253460918,24.35473847223961,24.345265665291173,24.336126835510786,24.32735234445919,24.318426045603935,24.310805293860152,24.30327562679858
Yates,New York,42.638237,-77.104324,33.13007069103471,33.21836340719013,33.298931998412584,33.37058800510429,33.434023114200976,33.48986864096066,33.53848854035451,33.5818371298343,33.62180490536397,33.65759841060828,33.68929009158048,33.71620033568037,33.73796863774693,33.7542327677141,33.764977201436174,33.769777612264335,33.768328692,33.76228979932685,33.75334099178951,33.74098204691574,33.72493870479837,33.704953954580986,33.68409985220502,33.66281969827513,33.641170414658845,33.61875009847333,33.59671616102496
Yavapai,Arizona,34.630044,-112.573745,91.4155513491955,93.73077007392628,96.09659187929473,98.50707473689265,100.96455073313831,103.46933933192464,106.02017865087461,108.62885690763676,111.30227452229805,114.0434664018412,116.84973307637104,119.72289549007716,122.66213901003279,125.66618578066604,128.73575459573613,131.8727143190165,135.0764899155,138.35386999291103,141.70749012836612,145.14155127205711,148.65421650659974,152.24909577398398,155.9027723708591,159.61566160028593,163.38571889334992,167.2182473506733,171.1112024033415
Yazoo,Mississippi,32.765675,-90.387928,7.428112712950832,7.460095193262833,7.4912103087087765,7.5210512421390865,7.549533559805745,7.576810777614246,7.602650063107919,7.6272791315465875,7.650774740882995,7.672822183510878,7.693431693823933,7.712662119585933,7.730605570340181,7.747290190669347,7.762577816258484,7.776836885280786,7.7904511874999995,7.803500039467297,7.816280238599974,7.828865984252353,7.8411958700622355,7.8534131775414195,7.865482086311958,7.877256756263624,7.889080039585367,7.900708869426812,7.912235355331256
Yell,Arkansas,34.997713,-93.408303,12.628948624545123,12.721512627499106,12.813540651617817,12.904428002830688,12.994417474969065,13.08319755896631,13.170598757242024,13.257303641133452,13.343587071581757,13.429765138669273,13.515311025592107,13.600637023762006,13.685179668249578,13.769277954215596,13.852941043691427,13.93608647839473,14.018911242,14.101758910683703,14.184666132571323,14.267788662196194,14.351341807295558,14.434803332081202,14.518017482019795,14.600535317574096,14.68233851468136,14.763514112639623,14.843443674331258
Yellow Medicine,Minnesota,44.715736,-95.862756,20.673578083217695,20.867687459443786,21.06418816962858,21.261487335334145,21.459851108400766,21.65925932581021,21.85927646636935,22.05988236705997,22.260706028347165,22.460912701277397,22.66028865785773,22.857648312617908,23.05270131809583,23.244475816814177,23.43269759172543,23.616503665650534,23.79546255,23.970590460891174,24.142072898091513,24.309680003193517,24.47362953679376,24.634316694049,24.794161037143418,24.95325531596074,25.111926171395826,25.27092770032942,25.43012279423775
Yellowstone,Montana,45.936987,-108.276656,91.52364912667642,92.24200584985047,92.95818753202401,93.67249076969709,94.38224619436906,95.07806158353763,95.76092559220311,96.41986414986278,97.05952393501776,97.67100705266594,98.25718060230797,98.8149797534431,99.33985669307029,99.83487625169023,100.29727019530229,100.72298503840543,101.113207167,101.46704679158573,101.7855914326629,102.07546507873313,102.33429495779586,102.56178447335098,102.76178937989944,102.93075051944038,103.07825784547613,103.20045560350573,103.30436324403091
Yoakum,Texas,33.172397,-102.823771,7.787028462456503,7.916431187285317,8.046483214633938,8.17668679224949,8.306993257202226,8.437392876906202,8.567765036814102,8.69914034825956,8.832246322042332,8.966988760634118,9.103268252621286,9.241021188602804,9.380213852120209,9.520926537007579,9.663256221532064,9.807323520240972,9.953270945999998,10.101735288004152,10.25333456546126,10.408223456969452,10.56654690854091,10.728484625423354,10.893187091900298,11.060625457806243,11.230964829509986,11.40444504573672,11.580993112091825
Yolo,California,38.679268,-121.903178,268.34955262089227,271.4443953835989,274.53643624530514,277.6071465058477,280.65941845013,283.69777127331383,286.7213463283186,289.7548485486954,292.8277506188914,295.9332285542121,299.06313273938247,302.2078598846836,305.35944114264674,308.50996038974694,311.6529853048704,314.78605292665407,317.90084793600005,321.0213597272257,324.16488175381704,327.3293502499833,330.50958320527235,333.7062359029827,336.9119947789441,340.1231540931239,343.34241783062726,346.5736423713255,349.82231853734027
York,Maine,43.427239,-70.670402,137.94035690098275,138.79678605142098,139.64847831496522,140.48069671016734,141.2945991427126,142.08408029171537,142.8575612894317,143.60230517332434,144.31525928295042,144.989581448352,145.618955820337,146.19906656862426,146.73286108950333,147.21086560918624,147.6292906181577,147.98445187105574,148.281928368,148.52119378822442,148.69666913160944,148.8158281530323,148.87982875817806,148.88582881491052,148.86403913519806,148.81845975686227,148.7457222270008,148.6555108477081,148.5379307885833
York,Nebraska,40.873056,-97.596742,13.230503522671269,13.27156513059264,13.312451749264026,13.351641733033343,13.389180731270153,13.424969837007069,13.458932967961493,13.491321195666012,13.522454065707567,13.5524000521405,13.580717877725704,13.607377109550143,13.63248426280946,13.655757833058024,13.677213036752347,13.69686509034896,13.715185704,13.732159661248948,13.748235847563173,13.763414262942671,13.778128576398284,13.792097283484376,13.80570840384223,13.817965259569736,13.829202612710343,13.839603060742311,13.848854666306956
York,Pennsylvania,39.921839,-76.728446,1283.888133326923,1287.5220516969848,1291.0697664322313,1294.4671428572403,1297.7292044420212,1300.873875740449,1303.880434724923,1306.7704323041473,1309.5519500688863,1312.1976349427077,1314.6817916113873,1316.9820402851178,1319.072892869951,1320.923266324487,1322.5245610072718,1323.8551223994634,1324.8995125904999,1325.6853954872274,1326.2322497955895,1326.5353094492384,1326.5961286002444,1326.411288114053,1326.0576667130601,1325.5297730599516,1324.824291630312,1323.9442271181433,1322.9133062450464
York,South Carolina,34.97019,-81.183189,146.92770135421023,148.41549376346214,149.89593420890625,151.36489158706945,152.81774466355833,154.25620889659461,155.6762232014083,157.07960806427565,158.4686390930419,159.83873006266506,161.18935583287308,162.51820578646925,163.82419463355814,165.1111734028009,166.37574618710542,167.6168627059277,168.835293165,170.0344334714145,171.21865979410447,172.38772706760966,173.54163529193013,174.68090960733767,175.81202674385366,176.93327124325629,178.0462885450643,179.15135872408962,180.24806166811453
York,Virginia,37.220914,-76.395533,77.12350180338969,78.07252898610075,79.02285865582282,79.97028357276633,80.91604420075129,81.86049200452672,82.80349260051214,83.74669994046755,84.69115808144147,85.63654657028043,86.58073594409338,87.52365384249077,88.46324316297112,89.39953491712986,90.331102571574,91.25828725385405,92.18088222,93.10266054746441,94.02598945470389,94.95010398902936,95.87525224320487,96.80066926454136,97.73463514903757,98.67660202517295,99.62776900797354,100.5895729680309,101.56317167157697
Young,Texas,33.158787,-98.678267,15.80571740197613,16.06837252254631,16.33234556460424,16.59662621574604,16.861115702412658,17.1257942698923,17.390417100863623,17.657076078202003,17.927247866615073,18.200741268713546,18.47735450422682,18.756958462002718,19.039484706075335,19.32509621281709,19.613989823820635,19.906410356407296,20.202647075999998,20.50399250517129,20.81170106812097,21.126086723661707,21.44744367589437,21.77613668146195,22.110441436233813,22.450299381599944,22.796045642135656,23.14816703038194,23.506515386000228
Yuba,California,39.270026,-121.34428,92.46355968758282,93.52993067914348,94.5953362368592,95.65339204014222,96.70509466586485,97.75200126538986,98.79381597995837,99.83905123702058,100.89786225871461,101.96789774648255,103.04634963736666,104.12990898472096,105.21583001164223,106.30138510799324,107.3843579283342,108.46389982517232,109.53714563999999,110.61236125130165,111.69550535829252,112.78586686185021,113.88166022841199,114.98311124492542,116.08769992143503,117.19414939382328,118.30339135765554,119.41675458209481,120.53613100604696
Yuma,Arizona,32.773942,-113.910905,90.05791379407506,92.3387485672503,94.66943490076213,97.04411901290428,99.46509835563674,101.93268764840606,104.44564374939834,107.01557980619194,109.64929375883277,112.34977544206319,115.11436547655977,117.94485776316786,120.8404497672988,123.79988261116627,126.82386441352504,129.9142362831375,133.070431725,136.29913852735191,139.60295312562758,142.98601408054932,146.44651175529938,149.988002479624,153.5874173180896,157.24516540597685,160.9592325388276,164.73484305945487,168.56998276340073
Yuma,Colorado,40.000631,-102.422649,13.118274998918,13.2417297682387,13.365236151482558,13.487959723558477,13.610385081856133,13.732343047405163,13.854192050227518,13.97656579460201,14.100221284735,14.225124111344382,14.351437718520163,14.479119094659708,14.608188311844254,14.73836722837675,14.869956925475654,15.002756682328666,15.136835317499997,15.272493912208091,15.410377640492458,15.55035460010502,15.692298623678047,15.836307204177517,15.983851338413508,16.134655752129174,16.28901005678224,16.447347235839228,16.6092371732738
Zapata,Texas,26.996981,-99.182603,11.926256104099137,12.124443390086,12.323625118070547,12.523038953502088,12.722610366466453,12.922324450980808,13.121996479329312,13.323204888622838,13.527063901078288,13.733429248076074,13.942148675648678,14.153124762551139,14.36630587020007,14.58181497295386,14.799800598284316,15.02044747390729,15.243973866,15.47135505172505,15.703537560992453,15.94075829245797,16.183239238794524,16.431255628328035,16.683506381699644,16.939947313317383,17.2008312925329,17.46652564535178,17.73691857690275
Zavala,Texas,28.864652,-99.75983,10.26375150399905,10.434311739907622,10.605727793891893,10.777343599846727,10.949095017231112,11.120969217936857,11.292807225051599,11.465967443604502,11.6414087746836,11.819007060527372,11.99863127117348,12.180197565771893,12.363661504090633,12.54912891802235,12.73672763050234,12.926616618442958,13.118983721999998,13.314668265967192,13.51448483521532,13.718637305035422,13.92731672261036,14.140759949795127,14.35784727600246,14.578540675054473,14.803057766643864,15.031714672008453,15.26441518033672
Ziebach,South Dakota,44.981666,-101.669225,1.5839574839507093,1.5904279742690999,1.5969190712445558,1.6032102836464817,1.6092707014892802,1.6150570507931148,1.6205054509210846,1.625642690527374,1.6304399202920918,1.6347899855985002,1.6387938590662177,1.6422557774531277,1.6452664100503152,1.6477309662352821,1.6497813286132434,1.6514030725242541,1.6525281959999998,1.6532082156831427,1.6534699202278673,1.6533751296053685,1.6529774211240154,1.6523344934235895,1.6517142330459347,1.651118700656758,1.6505128649390486,1.6499956378467189,1.6494845927515085
